100

 0   1   2   3   4   5   6   7   8   9   1   2   3   4   5   6   7   8   9  10   2   3   4   5   6   7   8   9  10  11   3   4   5   6   7   8   9  10  11  12   4   5   6   7   8   9  10  11  12  13   5   6   7   8   9  10  11  12  13  14   6   7   8   9  10  11  12  13  14  15   7   8   9  10  11  12  13  14  15  16   8   9  10  11  12  13  14  15  16  17   9  10  11  12  13  14  15  16  17  18  
 1   0   1   2   3   4   5   6   7   8   2   1   2   3   4   5   6   7   8   9   3   2   3   4   5   6   7   8   9  10   4   3   4   5   6   7   8   9  10  11   5   4   5   6   7   8   9  10  11  12   6   5   6   7   8   9  10  11  12  13   7   6   7   8   9  10  11  12  13  14   8   7   8   9  10  11  12  13  14  15   9   8   9  10  11  12  13  14  15  16  10   9  10  11  12  13  14  15  16  17  
 2   1   0   1   2   3   4   5   6   7   3   2   1   2   3   4   5   6   7   8   4   3   2   3   4   5   6   7   8   9   5   4   3   4   5   6   7   8   9  10   6   5   4   5   6   7   8   9  10  11   7   6   5   6   7   8   9  10  11  12   8   7   6   7   8   9  10  11  12  13   9   8   7   8   9  10  11  12  13  14  10   9   8   9  10  11  12  13  14  15  11  10   9  10  11  12  13  14  15  16  
 3   2   1   0   1   2   3   4   5   6   4   3   2   1   2   3   4   5   6   7   5   4   3   2   3   4   5   6   7   8   6   5   4   3   4   5   6   7   8   9   7   6   5   4   5   6   7   8   9  10   8   7   6   5   6   7   8   9  10  11   9   8   7   6   7   8   9  10  11  12  10   9   8   7   8   9  10  11  12  13  11  10   9   8   9  10  11  12  13  14  12  11  10   9  10  11  12  13  14  15  
 4   3   2   1   0   1   2   3   4   5   5   4   3   2   1   2   3   4   5   6   6   5   4   3   2   3   4   5   6   7   7   6   5   4   3   4   5   6   7   8   8   7   6   5   4   5   6   7   8   9   9   8   7   6   5   6   7   8   9  10  10   9   8   7   6   7   8   9  10  11  11  10   9   8   7   8   9  10  11  12  12  11  10   9   8   9  10  11  12  13  13  12  11  10   9  10  11  12  13  14  
 5   4   3   2   1   0   1   2   3   4   6   5   4   3   2   1   2   3   4   5   7   6   5   4   3   2   3   4   5   6   8   7   6   5   4   3   4   5   6   7   9   8   7   6   5   4   5   6   7   8  10   9   8   7   6   5   6   7   8   9  11  10   9   8   7   6   7   8   9  10  12  11  10   9   8   7   8   9  10  11  13  12  11  10   9   8   9  10  11  12  14  13  12  11  10   9  10  11  12  13  
 6   5   4   3   2   1   0   1   2   3   7   6   5   4   3   2   1   2   3   4   8   7   6   5   4   3   2   3   4   5   9   8   7   6   5   4   3   4   5   6  10   9   8   7   6   5   4   5   6   7  11  10   9   8   7   6   5   6   7   8  12  11  10   9   8   7   6   7   8   9  13  12  11  10   9   8   7   8   9  10  14  13  12  11  10   9   8   9  10  11  15  14  13  12  11  10   9  10  11  12  
 7   6   5   4   3   2   1   0   1   2   8   7   6   5   4   3   2   1   2   3   9   8   7   6   5   4   3   2   3   4  10   9   8   7   6   5   4   3   4   5  11  10   9   8   7   6   5   4   5   6  12  11  10   9   8   7   6   5   6   7  13  12  11  10   9   8   7   6   7   8  14  13  12  11  10   9   8   7   8   9  15  14  13  12  11  10   9   8   9  10  16  15  14  13  12  11  10   9  10  11  
 8   7   6   5   4   3   2   1   0   1   9   8   7   6   5   4   3   2   1   2  10   9   8   7   6   5   4   3   2   3  11  10   9   8   7   6   5   4   3   4  12  11  10   9   8   7   6   5   4   5  13  12  11  10   9   8   7   6   5   6  14  13  12  11  10   9   8   7   6   7  15  14  13  12  11  10   9   8   7   8  16  15  14  13  12  11  10   9   8   9  17  16  15  14  13  12  11  10   9  10  
 9   8   7   6   5   4   3   2   1   0  10   9   8   7   6   5   4   3   2   1  11  10   9   8   7   6   5   4   3   2  12  11  10   9   8   7   6   5   4   3  13  12  11  10   9   8   7   6   5   4  14  13  12  11  10   9   8   7   6   5  15  14  13  12  11  10   9   8   7   6  16  15  14  13  12  11  10   9   8   7  17  16  15  14  13  12  11  10   9   8  18  17  16  15  14  13  12  11  10   9  
 1   2   3   4   5   6   7   8   9  10   0   1   2   3   4   5   6   7   8   9   1   2   3   4   5   6   7   8   9  10   2   3   4   5   6   7   8   9  10  11   3   4   5   6   7   8   9  10  11  12   4   5   6   7   8   9  10  11  12  13   5   6   7   8   9  10  11  12  13  14   6   7   8   9  10  11  12  13  14  15   7   8   9  10  11  12  13  14  15  16   8   9  10  11  12  13  14  15  16  17  
 2   1   2   3   4   5   6   7   8   9   1   0   1   2   3   4   5   6   7   8   2   1   2   3   4   5   6   7   8   9   3   2   3   4   5   6   7   8   9  10   4   3   4   5   6   7   8   9  10  11   5   4   5   6   7   8   9  10  11  12   6   5   6   7   8   9  10  11  12  13   7   6   7   8   9  10  11  12  13  14   8   7   8   9  10  11  12  13  14  15   9   8   9  10  11  12  13  14  15  16  
 3   2   1   2   3   4   5   6   7   8   2   1   0   1   2   3   4   5   6   7   3   2   1   2   3   4   5   6   7   8   4   3   2   3   4   5   6   7   8   9   5   4   3   4   5   6   7   8   9  10   6   5   4   5   6   7   8   9  10  11   7   6   5   6   7   8   9  10  11  12   8   7   6   7   8   9  10  11  12  13   9   8   7   8   9  10  11  12  13  14  10   9   8   9  10  11  12  13  14  15  
 4   3   2   1   2   3   4   5   6   7   3   2   1   0   1   2   3   4   5   6   4   3   2   1   2   3   4   5   6   7   5   4   3   2   3   4   5   6   7   8   6   5   4   3   4   5   6   7   8   9   7   6   5   4   5   6   7   8   9  10   8   7   6   5   6   7   8   9  10  11   9   8   7   6   7   8   9  10  11  12  10   9   8   7   8   9  10  11  12  13  11  10   9   8   9  10  11  12  13  14  
 5   4   3   2   1   2   3   4   5   6   4   3   2   1   0   1   2   3   4   5   5   4   3   2   1   2   3   4   5   6   6   5   4   3   2   3   4   5   6   7   7   6   5   4   3   4   5   6   7   8   8   7   6   5   4   5   6   7   8   9   9   8   7   6   5   6   7   8   9  10  10   9   8   7   6   7   8   9  10  11  11  10   9   8   7   8   9  10  11  12  12  11  10   9   8   9  10  11  12  13  
 6   5   4   3   2   1   2   3   4   5   5   4   3   2   1   0   1   2   3   4   6   5   4   3   2   1   2   3   4   5   7   6   5   4   3   2   3   4   5   6   8   7   6   5   4   3   4   5   6   7   9   8   7   6   5   4   5   6   7   8  10   9   8   7   6   5   6   7   8   9  11  10   9   8   7   6   7   8   9  10  12  11  10   9   8   7   8   9  10  11  13  12  11  10   9   8   9  10  11  12  
 7   6   5   4   3   2   1   2   3   4   6   5   4   3   2   1   0   1   2   3   7   6   5   4   3   2   1   2   3   4   8   7   6   5   4   3   2   3   4   5   9   8   7   6   5   4   3   4   5   6  10   9   8   7   6   5   4   5   6   7  11  10   9   8   7   6   5   6   7   8  12  11  10   9   8   7   6   7   8   9  13  12  11  10   9   8   7   8   9  10  14  13  12  11  10   9   8   9  10  11  
 8   7   6   5   4   3   2   1   2   3   7   6   5   4   3   2   1   0   1   2   8   7   6   5   4   3   2   1   2   3   9   8   7   6   5   4   3   2   3   4  10   9   8   7   6   5   4   3   4   5  11  10   9   8   7   6   5   4   5   6  12  11  10   9   8   7   6   5   6   7  13  12  11  10   9   8   7   6   7   8  14  13  12  11  10   9   8   7   8   9  15  14  13  12  11  10   9   8   9  10  
 9   8   7   6   5   4   3   2   1   2   8   7   6   5   4   3   2   1   0   1   9   8   7   6   5   4   3   2   1   2  10   9   8   7   6   5   4   3   2   3  11  10   9   8   7   6   5   4   3   4  12  11  10   9   8   7   6   5   4   5  13  12  11  10   9   8   7   6   5   6  14  13  12  11  10   9   8   7   6   7  15  14  13  12  11  10   9   8   7   8  16  15  14  13  12  11  10   9   8   9  
10   9   8   7   6   5   4   3   2   1   9   8   7   6   5   4   3   2   1   0  10   9   8   7   6   5   4   3   2   1  11  10   9   8   7   6   5   4   3   2  12  11  10   9   8   7   6   5   4   3  13  12  11  10   9   8   7   6   5   4  14  13  12  11  10   9   8   7   6   5  15  14  13  12  11  10   9   8   7   6  16  15  14  13  12  11  10   9   8   7  17  16  15  14  13  12  11  10   9   8  
 2   3   4   5   6   7   8   9  10  11   1   2   3   4   5   6   7   8   9  10   0   1   2   3   4   5   6   7   8   9   1   2   3   4   5   6   7   8   9  10   2   3   4   5   6   7   8   9  10  11   3   4   5   6   7   8   9  10  11  12   4   5   6   7   8   9  10  11  12  13   5   6   7   8   9  10  11  12  13  14   6   7   8   9  10  11  12  13  14  15   7   8   9  10  11  12  13  14  15  16  
 3   2   3   4   5   6   7   8   9  10   2   1   2   3   4   5   6   7   8   9   1   0   1   2   3   4   5   6   7   8   2   1   2   3   4   5   6   7   8   9   3   2   3   4   5   6   7   8   9  10   4   3   4   5   6   7   8   9  10  11   5   4   5   6   7   8   9  10  11  12   6   5   6   7   8   9  10  11  12  13   7   6   7   8   9  10  11  12  13  14   8   7   8   9  10  11  12  13  14  15  
 4   3   2   3   4   5   6   7   8   9   3   2   1   2   3   4   5   6   7   8   2   1   0   1   2   3   4   5   6   7   3   2   1   2   3   4   5   6   7   8   4   3   2   3   4   5   6   7   8   9   5   4   3   4   5   6   7   8   9  10   6   5   4   5   6   7   8   9  10  11   7   6   5   6   7   8   9  10  11  12   8   7   6   7   8   9  10  11  12  13   9   8   7   8   9  10  11  12  13  14  
 5   4   3   2   3   4   5   6   7   8   4   3   2   1   2   3   4   5   6   7   3   2   1   0   1   2   3   4   5   6   4   3   2   1   2   3   4   5   6   7   5   4   3   2   3   4   5   6   7   8   6   5   4   3   4   5   6   7   8   9   7   6   5   4   5   6   7   8   9  10   8   7   6   5   6   7   8   9  10  11   9   8   7   6   7   8   9  10  11  12  10   9   8   7   8   9  10  11  12  13  
 6   5   4   3   2   3   4   5   6   7   5   4   3   2   1   2   3   4   5   6   4   3   2   1   0   1   2   3   4   5   5   4   3   2   1   2   3   4   5   6   6   5   4   3   2   3   4   5   6   7   7   6   5   4   3   4   5   6   7   8   8   7   6   5   4   5   6   7   8   9   9   8   7   6   5   6   7   8   9  10  10   9   8   7   6   7   8   9  10  11  11  10   9   8   7   8   9  10  11  12  
 7   6   5   4   3   2   3   4   5   6   6   5   4   3   2   1   2   3   4   5   5   4   3   2   1   0   1   2   3   4   6   5   4   3   2   1   2   3   4   5   7   6   5   4   3   2   3   4   5   6   8   7   6   5   4   3   4   5   6   7   9   8   7   6   5   4   5   6   7   8  10   9   8   7   6   5   6   7   8   9  11  10   9   8   7   6   7   8   9  10  12  11  10   9   8   7   8   9  10  11  
 8   7   6   5   4   3   2   3   4   5   7   6   5   4   3   2   1   2   3   4   6   5   4   3   2   1   0   1   2   3   7   6   5   4   3   2   1   2   3   4   8   7   6   5   4   3   2   3   4   5   9   8   7   6   5   4   3   4   5   6  10   9   8   7   6   5   4   5   6   7  11  10   9   8   7   6   5   6   7   8  12  11  10   9   8   7   6   7   8   9  13  12  11  10   9   8   7   8   9  10  
 9   8   7   6   5   4   3   2   3   4   8   7   6   5   4   3   2   1   2   3   7   6   5   4   3   2   1   0   1   2   8   7   6   5   4   3   2   1   2   3   9   8   7   6   5   4   3   2   3   4  10   9   8   7   6   5   4   3   4   5  11  10   9   8   7   6   5   4   5   6  12  11  10   9   8   7   6   5   6   7  13  12  11  10   9   8   7   6   7   8  14  13  12  11  10   9   8   7   8   9  
10   9   8   7   6   5   4   3   2   3   9   8   7   6   5   4   3   2   1   2   8   7   6   5   4   3   2   1   0   1   9   8   7   6   5   4   3   2   1   2  10   9   8   7   6   5   4   3   2   3  11  10   9   8   7   6   5   4   3   4  12  11  10   9   8   7   6   5   4   5  13  12  11  10   9   8   7   6   5   6  14  13  12  11  10   9   8   7   6   7  15  14  13  12  11  10   9   8   7   8  
11  10   9   8   7   6   5   4   3   2  10   9   8   7   6   5   4   3   2   1   9   8   7   6   5   4   3   2   1   0  10   9   8   7   6   5   4   3   2   1  11  10   9   8   7   6   5   4   3   2  12  11  10   9   8   7   6   5   4   3  13  12  11  10   9   8   7   6   5   4  14  13  12  11  10   9   8   7   6   5  15  14  13  12  11  10   9   8   7   6  16  15  14  13  12  11  10   9   8   7  
 3   4   5   6   7   8   9  10  11  12   2   3   4   5   6   7   8   9  10  11   1   2   3   4   5   6   7   8   9  10   0   1   2   3   4   5   6   7   8   9   1   2   3   4   5   6   7   8   9  10   2   3   4   5   6   7   8   9  10  11   3   4   5   6   7   8   9  10  11  12   4   5   6   7   8   9  10  11  12  13   5   6   7   8   9  10  11  12  13  14   6   7   8   9  10  11  12  13  14  15  
 4   3   4   5   6   7   8   9  10  11   3   2   3   4   5   6   7   8   9  10   2   1   2   3   4   5   6   7   8   9   1   0   1   2   3   4   5   6   7   8   2   1   2   3   4   5   6   7   8   9   3   2   3   4   5   6   7   8   9  10   4   3   4   5   6   7   8   9  10  11   5   4   5   6   7   8   9  10  11  12   6   5   6   7   8   9  10  11  12  13   7   6   7   8   9  10  11  12  13  14  
 5   4   3   4   5   6   7   8   9  10   4   3   2   3   4   5   6   7   8   9   3   2   1   2   3   4   5   6   7   8   2   1   0   1   2   3   4   5   6   7   3   2   1   2   3   4   5   6   7   8   4   3   2   3   4   5   6   7   8   9   5   4   3   4   5   6   7   8   9  10   6   5   4   5   6   7   8   9  10  11   7   6   5   6   7   8   9  10  11  12   8   7   6   7   8   9  10  11  12  13  
 6   5   4   3   4   5   6   7   8   9   5   4   3   2   3   4   5   6   7   8   4   3   2   1   2   3   4   5   6   7   3   2   1   0   1   2   3   4   5   6   4   3   2   1   2   3   4   5   6   7   5   4   3   2   3   4   5   6   7   8   6   5   4   3   4   5   6   7   8   9   7   6   5   4   5   6   7   8   9  10   8   7   6   5   6   7   8   9  10  11   9   8   7   6   7   8   9  10  11  12  
 7   6   5   4   3   4   5   6   7   8   6   5   4   3   2   3   4   5   6   7   5   4   3   2   1   2   3   4   5   6   4   3   2   1   0   1   2   3   4   5   5   4   3   2   1   2   3   4   5   6   6   5   4   3   2   3   4   5   6   7   7   6   5   4   3   4   5   6   7   8   8   7   6   5   4   5   6   7   8   9   9   8   7   6   5   6   7   8   9  10  10   9   8   7   6   7   8   9  10  11  
 8   7   6   5   4   3   4   5   6   7   7   6   5   4   3   2   3   4   5   6   6   5   4   3   2   1   2   3   4   5   5   4   3   2   1   0   1   2   3   4   6   5   4   3   2   1   2   3   4   5   7   6   5   4   3   2   3   4   5   6   8   7   6   5   4   3   4   5   6   7   9   8   7   6   5   4   5   6   7   8  10   9   8   7   6   5   6   7   8   9  11  10   9   8   7   6   7   8   9  10  
 9   8   7   6   5   4   3   4   5   6   8   7   6   5   4   3   2   3   4   5   7   6   5   4   3   2   1   2   3   4   6   5   4   3   2   1   0   1   2   3   7   6   5   4   3   2   1   2   3   4   8   7   6   5   4   3   2   3   4   5   9   8   7   6   5   4   3   4   5   6  10   9   8   7   6   5   4   5   6   7  11  10   9   8   7   6   5   6   7   8  12  11  10   9   8   7   6   7   8   9  
10   9   8   7   6   5   4   3   4   5   9   8   7   6   5   4   3   2   3   4   8   7   6   5   4   3   2   1   2   3   7   6   5   4   3   2   1   0   1   2   8   7   6   5   4   3   2   1   2   3   9   8   7   6   5   4   3   2   3   4  10   9   8   7   6   5   4   3   4   5  11  10   9   8   7   6   5   4   5   6  12  11  10   9   8   7   6   5   6   7  13  12  11  10   9   8   7   6   7   8  
11  10   9   8   7   6   5   4   3   4  10   9   8   7   6   5   4   3   2   3   9   8   7   6   5   4   3   2   1   2   8   7   6   5   4   3   2   1   0   1   9   8   7   6   5   4   3   2   1   2  10   9   8   7   6   5   4   3   2   3  11  10   9   8   7   6   5   4   3   4  12  11  10   9   8   7   6   5   4   5  13  12  11  10   9   8   7   6   5   6  14  13  12  11  10   9   8   7   6   7  
12  11  10   9   8   7   6   5   4   3  11  10   9   8   7   6   5   4   3   2  10   9   8   7   6   5   4   3   2   1   9   8   7   6   5   4   3   2   1   0  10   9   8   7   6   5   4   3   2   1  11  10   9   8   7   6   5   4   3   2  12  11  10   9   8   7   6   5   4   3  13  12  11  10   9   8   7   6   5   4  14  13  12  11  10   9   8   7   6   5  15  14  13  12  11  10   9   8   7   6  
 4   5   6   7   8   9  10  11  12  13   3   4   5   6   7   8   9  10  11  12   2   3   4   5   6   7   8   9  10  11   1   2   3   4   5   6   7   8   9  10   0   1   2   3   4   5   6   7   8   9   1   2   3   4   5   6   7   8   9  10   2   3   4   5   6   7   8   9  10  11   3   4   5   6   7   8   9  10  11  12   4   5   6   7   8   9  10  11  12  13   5   6   7   8   9  10  11  12  13  14  
 5   4   5   6   7   8   9  10  11  12   4   3   4   5   6   7   8   9  10  11   3   2   3   4   5   6   7   8   9  10   2   1   2   3   4   5   6   7   8   9   1   0   1   2   3   4   5   6   7   8   2   1   2   3   4   5   6   7   8   9   3   2   3   4   5   6   7   8   9  10   4   3   4   5   6   7   8   9  10  11   5   4   5   6   7   8   9  10  11  12   6   5   6   7   8   9  10  11  12  13  
 6   5   4   5   6   7   8   9  10  11   5   4   3   4   5   6   7   8   9  10   4   3   2   3   4   5   6   7   8   9   3   2   1   2   3   4   5   6   7   8   2   1   0   1   2   3   4   5   6   7   3   2   1   2   3   4   5   6   7   8   4   3   2   3   4   5   6   7   8   9   5   4   3   4   5   6   7   8   9  10   6   5   4   5   6   7   8   9  10  11   7   6   5   6   7   8   9  10  11  12  
 7   6   5   4   5   6   7   8   9  10   6   5   4   3   4   5   6   7   8   9   5   4   3   2   3   4   5   6   7   8   4   3   2   1   2   3   4   5   6   7   3   2   1   0   1   2   3   4   5   6   4   3   2   1   2   3   4   5   6   7   5   4   3   2   3   4   5   6   7   8   6   5   4   3   4   5   6   7   8   9   7   6   5   4   5   6   7   8   9  10   8   7   6   5   6   7   8   9  10  11  
 8   7   6   5   4   5   6   7   8   9   7   6   5   4   3   4   5   6   7   8   6   5   4   3   2   3   4   5   6   7   5   4   3   2   1   2   3   4   5   6   4   3   2   1   0   1   2   3   4   5   5   4   3   2   1   2   3   4   5   6   6   5   4   3   2   3   4   5   6   7   7   6   5   4   3   4   5   6   7   8   8   7   6   5   4   5   6   7   8   9   9   8   7   6   5   6   7   8   9  10  
 9   8   7   6   5   4   5   6   7   8   8   7   6   5   4   3   4   5   6   7   7   6   5   4   3   2   3   4   5   6   6   5   4   3   2   1   2   3   4   5   5   4   3   2   1   0   1   2   3   4   6   5   4   3   2   1   2   3   4   5   7   6   5   4   3   2   3   4   5   6   8   7   6   5   4   3   4   5   6   7   9   8   7   6   5   4   5   6   7   8  10   9   8   7   6   5   6   7   8   9  
10   9   8   7   6   5   4   5   6   7   9   8   7   6   5   4   3   4   5   6   8   7   6   5   4   3   2   3   4   5   7   6   5   4   3   2   1   2   3   4   6   5   4   3   2   1   0   1   2   3   7   6   5   4   3   2   1   2   3   4   8   7   6   5   4   3   2   3   4   5   9   8   7   6   5   4   3   4   5   6  10   9   8   7   6   5   4   5   6   7  11  10   9   8   7   6   5   6   7   8  
11  10   9   8   7   6   5   4   5   6  10   9   8   7   6   5   4   3   4   5   9   8   7   6   5   4   3   2   3   4   8   7   6   5   4   3   2   1   2   3   7   6   5   4   3   2   1   0   1   2   8   7   6   5   4   3   2   1   2   3   9   8   7   6   5   4   3   2   3   4  10   9   8   7   6   5   4   3   4   5  11  10   9   8   7   6   5   4   5   6  12  11  10   9   8   7   6   5   6   7  
12  11  10   9   8   7   6   5   4   5  11  10   9   8   7   6   5   4   3   4  10   9   8   7   6   5   4   3   2   3   9   8   7   6   5   4   3   2   1   2   8   7   6   5   4   3   2   1   0   1   9   8   7   6   5   4   3   2   1   2  10   9   8   7   6   5   4   3   2   3  11  10   9   8   7   6   5   4   3   4  12  11  10   9   8   7   6   5   4   5  13  12  11  10   9   8   7   6   5   6  
13  12  11  10   9   8   7   6   5   4  12  11  10   9   8   7   6   5   4   3  11  10   9   8   7   6   5   4   3   2  10   9   8   7   6   5   4   3   2   1   9   8   7   6   5   4   3   2   1   0  10   9   8   7   6   5   4   3   2   1  11  10   9   8   7   6   5   4   3   2  12  11  10   9   8   7   6   5   4   3  13  12  11  10   9   8   7   6   5   4  14  13  12  11  10   9   8   7   6   5  
 5   6   7   8   9  10  11  12  13  14   4   5   6   7   8   9  10  11  12  13   3   4   5   6   7   8   9  10  11  12   2   3   4   5   6   7   8   9  10  11   1   2   3   4   5   6   7   8   9  10   0   1   2   3   4   5   6   7   8   9   1   2   3   4   5   6   7   8   9  10   2   3   4   5   6   7   8   9  10  11   3   4   5   6   7   8   9  10  11  12   4   5   6   7   8   9  10  11  12  13  
 6   5   6   7   8   9  10  11  12  13   5   4   5   6   7   8   9  10  11  12   4   3   4   5   6   7   8   9  10  11   3   2   3   4   5   6   7   8   9  10   2   1   2   3   4   5   6   7   8   9   1   0   1   2   3   4   5   6   7   8   2   1   2   3   4   5   6   7   8   9   3   2   3   4   5   6   7   8   9  10   4   3   4   5   6   7   8   9  10  11   5   4   5   6   7   8   9  10  11  12  
 7   6   5   6   7   8   9  10  11  12   6   5   4   5   6   7   8   9  10  11   5   4   3   4   5   6   7   8   9  10   4   3   2   3   4   5   6   7   8   9   3   2   1   2   3   4   5   6   7   8   2   1   0   1   2   3   4   5   6   7   3   2   1   2   3   4   5   6   7   8   4   3   2   3   4   5   6   7   8   9   5   4   3   4   5   6   7   8   9  10   6   5   4   5   6   7   8   9  10  11  
 8   7   6   5   6   7   8   9  10  11   7   6   5   4   5   6   7   8   9  10   6   5   4   3   4   5   6   7   8   9   5   4   3   2   3   4   5   6   7   8   4   3   2   1   2   3   4   5   6   7   3   2   1   0   1   2   3   4   5   6   4   3   2   1   2   3   4   5   6   7   5   4   3   2   3   4   5   6   7   8   6   5   4   3   4   5   6   7   8   9   7   6   5   4   5   6   7   8   9  10  
 9   8   7   6   5   6   7   8   9  10   8   7   6   5   4   5   6   7   8   9   7   6   5   4   3   4   5   6   7   8   6   5   4   3   2   3   4   5   6   7   5   4   3   2   1   2   3   4   5   6   4   3   2   1   0   1   2   3   4   5   5   4   3   2   1   2   3   4   5   6   6   5   4   3   2   3   4   5   6   7   7   6   5   4   3   4   5   6   7   8   8   7   6   5   4   5   6   7   8   9  
10   9   8   7   6   5   6   7   8   9   9   8   7   6   5   4   5   6   7   8   8   7   6   5   4   3   4   5   6   7   7   6   5   4   3   2   3   4   5   6   6   5   4   3   2   1   2   3   4   5   5   4   3   2   1   0   1   2   3   4   6   5   4   3   2   1   2   3   4   5   7   6   5   4   3   2   3   4   5   6   8   7   6   5   4   3   4   5   6   7   9   8   7   6   5   4   5   6   7   8  
11  10   9   8   7   6   5   6   7   8  10   9   8   7   6   5   4   5   6   7   9   8   7   6   5   4   3   4   5   6   8   7   6   5   4   3   2   3   4   5   7   6   5   4   3   2   1   2   3   4   6   5   4   3   2   1   0   1   2   3   7   6   5   4   3   2   1   2   3   4   8   7   6   5   4   3   2   3   4   5   9   8   7   6   5   4   3   4   5   6  10   9   8   7   6   5   4   5   6   7  
12  11  10   9   8   7   6   5   6   7  11  10   9   8   7   6   5   4   5   6  10   9   8   7   6   5   4   3   4   5   9   8   7   6   5   4   3   2   3   4   8   7   6   5   4   3   2   1   2   3   7   6   5   4   3   2   1   0   1   2   8   7   6   5   4   3   2   1   2   3   9   8   7   6   5   4   3   2   3   4  10   9   8   7   6   5   4   3   4   5  11  10   9   8   7   6   5   4   5   6  
13  12  11  10   9   8   7   6   5   6  12  11  10   9   8   7   6   5   4   5  11  10   9   8   7   6   5   4   3   4  10   9   8   7   6   5   4   3   2   3   9   8   7   6   5   4   3   2   1   2   8   7   6   5   4   3   2   1   0   1   9   8   7   6   5   4   3   2   1   2  10   9   8   7   6   5   4   3   2   3  11  10   9   8   7   6   5   4   3   4  12  11  10   9   8   7   6   5   4   5  
14  13  12  11  10   9   8   7   6   5  13  12  11  10   9   8   7   6   5   4  12  11  10   9   8   7   6   5   4   3  11  10   9   8   7   6   5   4   3   2  10   9   8   7   6   5   4   3   2   1   9   8   7   6   5   4   3   2   1   0  10   9   8   7   6   5   4   3   2   1  11  10   9   8   7   6   5   4   3   2  12  11  10   9   8   7   6   5   4   3  13  12  11  10   9   8   7   6   5   4  
 6   7   8   9  10  11  12  13  14  15   5   6   7   8   9  10  11  12  13  14   4   5   6   7   8   9  10  11  12  13   3   4   5   6   7   8   9  10  11  12   2   3   4   5   6   7   8   9  10  11   1   2   3   4   5   6   7   8   9  10   0   1   2   3   4   5   6   7   8   9   1   2   3   4   5   6   7   8   9  10   2   3   4   5   6   7   8   9  10  11   3   4   5   6   7   8   9  10  11  12  
 7   6   7   8   9  10  11  12  13  14   6   5   6   7   8   9  10  11  12  13   5   4   5   6   7   8   9  10  11  12   4   3   4   5   6   7   8   9  10  11   3   2   3   4   5   6   7   8   9  10   2   1   2   3   4   5   6   7   8   9   1   0   1   2   3   4   5   6   7   8   2   1   2   3   4   5   6   7   8   9   3   2   3   4   5   6   7   8   9  10   4   3   4   5   6   7   8   9  10  11  
 8   7   6   7   8   9  10  11  12  13   7   6   5   6   7   8   9  10  11  12   6   5   4   5   6   7   8   9  10  11   5   4   3   4   5   6   7   8   9  10   4   3   2   3   4   5   6   7   8   9   3   2   1   2   3   4   5   6   7   8   2   1   0   1   2   3   4   5   6   7   3   2   1   2   3   4   5   6   7   8   4   3   2   3   4   5   6   7   8   9   5   4   3   4   5   6   7   8   9  10  
 9   8   7   6   7   8   9  10  11  12   8   7   6   5   6   7   8   9  10  11   7   6   5   4   5   6   7   8   9  10   6   5   4   3   4   5   6   7   8   9   5   4   3   2   3   4   5   6   7   8   4   3   2   1   2   3   4   5   6   7   3   2   1   0   1   2   3   4   5   6   4   3   2   1   2   3   4   5   6   7   5   4   3   2   3   4   5   6   7   8   6   5   4   3   4   5   6   7   8   9  
10   9   8   7   6   7   8   9  10  11   9   8   7   6   5   6   7   8   9  10   8   7   6   5   4   5   6   7   8   9   7   6   5   4   3   4   5   6   7   8   6   5   4   3   2   3   4   5   6   7   5   4   3   2   1   2   3   4   5   6   4   3   2   1   0   1   2   3   4   5   5   4   3   2   1   2   3   4   5   6   6   5   4   3   2   3   4   5   6   7   7   6   5   4   3   4   5   6   7   8  
11  10   9   8   7   6   7   8   9  10  10   9   8   7   6   5   6   7   8   9   9   8   7   6   5   4   5   6   7   8   8   7   6   5   4   3   4   5   6   7   7   6   5   4   3   2   3   4   5   6   6   5   4   3   2   1   2   3   4   5   5   4   3   2   1   0   1   2   3   4   6   5   4   3   2   1   2   3   4   5   7   6   5   4   3   2   3   4   5   6   8   7   6   5   4   3   4   5   6   7  
12  11  10   9   8   7   6   7   8   9  11  10   9   8   7   6   5   6   7   8  10   9   8   7   6   5   4   5   6   7   9   8   7   6   5   4   3   4   5   6   8   7   6   5   4   3   2   3   4   5   7   6   5   4   3   2   1   2   3   4   6   5   4   3   2   1   0   1   2   3   7   6   5   4   3   2   1   2   3   4   8   7   6   5   4   3   2   3   4   5   9   8   7   6   5   4   3   4   5   6  
13  12  11  10   9   8   7   6   7   8  12  11  10   9   8   7   6   5   6   7  11  10   9   8   7   6   5   4   5   6  10   9   8   7   6   5   4   3   4   5   9   8   7   6   5   4   3   2   3   4   8   7   6   5   4   3   2   1   2   3   7   6   5   4   3   2   1   0   1   2   8   7   6   5   4   3   2   1   2   3   9   8   7   6   5   4   3   2   3   4  10   9   8   7   6   5   4   3   4   5  
14  13  12  11  10   9   8   7   6   7  13  12  11  10   9   8   7   6   5   6  12  11  10   9   8   7   6   5   4   5  11  10   9   8   7   6   5   4   3   4  10   9   8   7   6   5   4   3   2   3   9   8   7   6   5   4   3   2   1   2   8   7   6   5   4   3   2   1   0   1   9   8   7   6   5   4   3   2   1   2  10   9   8   7   6   5   4   3   2   3  11  10   9   8   7   6   5   4   3   4  
15  14  13  12  11  10   9   8   7   6  14  13  12  11  10   9   8   7   6   5  13  12  11  10   9   8   7   6   5   4  12  11  10   9   8   7   6   5   4   3  11  10   9   8   7   6   5   4   3   2  10   9   8   7   6   5   4   3   2   1   9   8   7   6   5   4   3   2   1   0  10   9   8   7   6   5   4   3   2   1  11  10   9   8   7   6   5   4   3   2  12  11  10   9   8   7   6   5   4   3  
 7   8   9  10  11  12  13  14  15  16   6   7   8   9  10  11  12  13  14  15   5   6   7   8   9  10  11  12  13  14   4   5   6   7   8   9  10  11  12  13   3   4   5   6   7   8   9  10  11  12   2   3   4   5   6   7   8   9  10  11   1   2   3   4   5   6   7   8   9  10   0   1   2   3   4   5   6   7   8   9   1   2   3   4   5   6   7   8   9  10   2   3   4   5   6   7   8   9  10  11  
 8   7   8   9  10  11  12  13  14  15   7   6   7   8   9  10  11  12  13  14   6   5   6   7   8   9  10  11  12  13   5   4   5   6   7   8   9  10  11  12   4   3   4   5   6   7   8   9  10  11   3   2   3   4   5   6   7   8   9  10   2   1   2   3   4   5   6   7   8   9   1   0   1   2   3   4   5   6   7   8   2   1   2   3   4   5   6   7   8   9   3   2   3   4   5   6   7   8   9  10  
 9   8   7   8   9  10  11  12  13  14   8   7   6   7   8   9  10  11  12  13   7   6   5   6   7   8   9  10  11  12   6   5   4   5   6   7   8   9  10  11   5   4   3   4   5   6   7   8   9  10   4   3   2   3   4   5   6   7   8   9   3   2   1   2   3   4   5   6   7   8   2   1   0   1   2   3   4   5   6   7   3   2   1   2   3   4   5   6   7   8   4   3   2   3   4   5   6   7   8   9  
10   9   8   7   8   9  10  11  12  13   9   8   7   6   7   8   9  10  11  12   8   7   6   5   6   7   8   9  10  11   7   6   5   4   5   6   7   8   9  10   6   5   4   3   4   5   6   7   8   9   5   4   3   2   3   4   5   6   7   8   4   3   2   1   2   3   4   5   6   7   3   2   1   0   1   2   3   4   5   6   4   3   2   1   2   3   4   5   6   7   5   4   3   2   3   4   5   6   7   8  
11  10   9   8   7   8   9  10  11  12  10   9   8   7   6   7   8   9  10  11   9   8   7   6   5   6   7   8   9  10   8   7   6   5   4   5   6   7   8   9   7   6   5   4   3   4   5   6   7   8   6   5   4   3   2   3   4   5   6   7   5   4   3   2   1   2   3   4   5   6   4   3   2   1   0   1   2   3   4   5   5   4   3   2   1   2   3   4   5   6   6   5   4   3   2   3   4   5   6   7  
12  11  10   9   8   7   8   9  10  11  11  10   9   8   7   6   7   8   9  10  10   9   8   7   6   5   6   7   8   9   9   8   7   6   5   4   5   6   7   8   8   7   6   5   4   3   4   5   6   7   7   6   5   4   3   2   3   4   5   6   6   5   4   3   2   1   2   3   4   5   5   4   3   2   1   0   1   2   3   4   6   5   4   3   2   1   2   3   4   5   7   6   5   4   3   2   3   4   5   6  
13  12  11  10   9   8   7   8   9  10  12  11  10   9   8   7   6   7   8   9  11  10   9   8   7   6   5   6   7   8  10   9   8   7   6   5   4   5   6   7   9   8   7   6   5   4   3   4   5   6   8   7   6   5   4   3   2   3   4   5   7   6   5   4   3   2   1   2   3   4   6   5   4   3   2   1   0   1   2   3   7   6   5   4   3   2   1   2   3   4   8   7   6   5   4   3   2   3   4   5  
14  13  12  11  10   9   8   7   8   9  13  12  11  10   9   8   7   6   7   8  12  11  10   9   8   7   6   5   6   7  11  10   9   8   7   6   5   4   5   6  10   9   8   7   6   5   4   3   4   5   9   8   7   6   5   4   3   2   3   4   8   7   6   5   4   3   2   1   2   3   7   6   5   4   3   2   1   0   1   2   8   7   6   5   4   3   2   1   2   3   9   8   7   6   5   4   3   2   3   4  
15  14  13  12  11  10   9   8   7   8  14  13  12  11  10   9   8   7   6   7  13  12  11  10   9   8   7   6   5   6  12  11  10   9   8   7   6   5   4   5  11  10   9   8   7   6   5   4   3   4  10   9   8   7   6   5   4   3   2   3   9   8   7   6   5   4   3   2   1   2   8   7   6   5   4   3   2   1   0   1   9   8   7   6   5   4   3   2   1   2  10   9   8   7   6   5   4   3   2   3  
16  15  14  13  12  11  10   9   8   7  15  14  13  12  11  10   9   8   7   6  14  13  12  11  10   9   8   7   6   5  13  12  11  10   9   8   7   6   5   4  12  11  10   9   8   7   6   5   4   3  11  10   9   8   7   6   5   4   3   2  10   9   8   7   6   5   4   3   2   1   9   8   7   6   5   4   3   2   1   0  10   9   8   7   6   5   4   3   2   1  11  10   9   8   7   6   5   4   3   2  
 8   9  10  11  12  13  14  15  16  17   7   8   9  10  11  12  13  14  15  16   6   7   8   9  10  11  12  13  14  15   5   6   7   8   9  10  11  12  13  14   4   5   6   7   8   9  10  11  12  13   3   4   5   6   7   8   9  10  11  12   2   3   4   5   6   7   8   9  10  11   1   2   3   4   5   6   7   8   9  10   0   1   2   3   4   5   6   7   8   9   1   2   3   4   5   6   7   8   9  10  
 9   8   9  10  11  12  13  14  15  16   8   7   8   9  10  11  12  13  14  15   7   6   7   8   9  10  11  12  13  14   6   5   6   7   8   9  10  11  12  13   5   4   5   6   7   8   9  10  11  12   4   3   4   5   6   7   8   9  10  11   3   2   3   4   5   6   7   8   9  10   2   1   2   3   4   5   6   7   8   9   1   0   1   2   3   4   5   6   7   8   2   1   2   3   4   5   6   7   8   9  
10   9   8   9  10  11  12  13  14  15   9   8   7   8   9  10  11  12  13  14   8   7   6   7   8   9  10  11  12  13   7   6   5   6   7   8   9  10  11  12   6   5   4   5   6   7   8   9  10  11   5   4   3   4   5   6   7   8   9  10   4   3   2   3   4   5   6   7   8   9   3   2   1   2   3   4   5   6   7   8   2   1   0   1   2   3   4   5   6   7   3   2   1   2   3   4   5   6   7   8  
11  10   9   8   9  10  11  12  13  14  10   9   8   7   8   9  10  11  12  13   9   8   7   6   7   8   9  10  11  12   8   7   6   5   6   7   8   9  10  11   7   6   5   4   5   6   7   8   9  10   6   5   4   3   4   5   6   7   8   9   5   4   3   2   3   4   5   6   7   8   4   3   2   1   2   3   4   5   6   7   3   2   1   0   1   2   3   4   5   6   4   3   2   1   2   3   4   5   6   7  
12  11  10   9   8   9  10  11  12  13  11  10   9   8   7   8   9  10  11  12  10   9   8   7   6   7   8   9  10  11   9   8   7   6   5   6   7   8   9  10   8   7   6   5   4   5   6   7   8   9   7   6   5   4   3   4   5   6   7   8   6   5   4   3   2   3   4   5   6   7   5   4   3   2   1   2   3   4   5   6   4   3   2   1   0   1   2   3   4   5   5   4   3   2   1   2   3   4   5   6  
13  12  11  10   9   8   9  10  11  12  12  11  10   9   8   7   8   9  10  11  11  10   9   8   7   6   7   8   9  10  10   9   8   7   6   5   6   7   8   9   9   8   7   6   5   4   5   6   7   8   8   7   6   5   4   3   4   5   6   7   7   6   5   4   3   2   3   4   5   6   6   5   4   3   2   1   2   3   4   5   5   4   3   2   1   0   1   2   3   4   6   5   4   3   2   1   2   3   4   5  
14  13  12  11  10   9   8   9  10  11  13  12  11  10   9   8   7   8   9  10  12  11  10   9   8   7   6   7   8   9  11  10   9   8   7   6   5   6   7   8  10   9   8   7   6   5   4   5   6   7   9   8   7   6   5   4   3   4   5   6   8   7   6   5   4   3   2   3   4   5   7   6   5   4   3   2   1   2   3   4   6   5   4   3   2   1   0   1   2   3   7   6   5   4   3   2   1   2   3   4  
15  14  13  12  11  10   9   8   9  10  14  13  12  11  10   9   8   7   8   9  13  12  11  10   9   8   7   6   7   8  12  11  10   9   8   7   6   5   6   7  11  10   9   8   7   6   5   4   5   6  10   9   8   7   6   5   4   3   4   5   9   8   7   6   5   4   3   2   3   4   8   7   6   5   4   3   2   1   2   3   7   6   5   4   3   2   1   0   1   2   8   7   6   5   4   3   2   1   2   3  
16  15  14  13  12  11  10   9   8   9  15  14  13  12  11  10   9   8   7   8  14  13  12  11  10   9   8   7   6   7  13  12  11  10   9   8   7   6   5   6  12  11  10   9   8   7   6   5   4   5  11  10   9   8   7   6   5   4   3   4  10   9   8   7   6   5   4   3   2   3   9   8   7   6   5   4   3   2   1   2   8   7   6   5   4   3   2   1   0   1   9   8   7   6   5   4   3   2   1   2  
17  16  15  14  13  12  11  10   9   8  16  15  14  13  12  11  10   9   8   7  15  14  13  12  11  10   9   8   7   6  14  13  12  11  10   9   8   7   6   5  13  12  11  10   9   8   7   6   5   4  12  11  10   9   8   7   6   5   4   3  11  10   9   8   7   6   5   4   3   2  10   9   8   7   6   5   4   3   2   1   9   8   7   6   5   4   3   2   1   0  10   9   8   7   6   5   4   3   2   1  
 9  10  11  12  13  14  15  16  17  18   8   9  10  11  12  13  14  15  16  17   7   8   9  10  11  12  13  14  15  16   6   7   8   9  10  11  12  13  14  15   5   6   7   8   9  10  11  12  13  14   4   5   6   7   8   9  10  11  12  13   3   4   5   6   7   8   9  10  11  12   2   3   4   5   6   7   8   9  10  11   1   2   3   4   5   6   7   8   9  10   0   1   2   3   4   5   6   7   8   9  
10   9  10  11  12  13  14  15  16  17   9   8   9  10  11  12  13  14  15  16   8   7   8   9  10  11  12  13  14  15   7   6   7   8   9  10  11  12  13  14   6   5   6   7   8   9  10  11  12  13   5   4   5   6   7   8   9  10  11  12   4   3   4   5   6   7   8   9  10  11   3   2   3   4   5   6   7   8   9  10   2   1   2   3   4   5   6   7   8   9   1   0   1   2   3   4   5   6   7   8  
11  10   9  10  11  12  13  14  15  16  10   9   8   9  10  11  12  13  14  15   9   8   7   8   9  10  11  12  13  14   8   7   6   7   8   9  10  11  12  13   7   6   5   6   7   8   9  10  11  12   6   5   4   5   6   7   8   9  10  11   5   4   3   4   5   6   7   8   9  10   4   3   2   3   4   5   6   7   8   9   3   2   1   2   3   4   5   6   7   8   2   1   0   1   2   3   4   5   6   7  
12  11  10   9  10  11  12  13  14  15  11  10   9   8   9  10  11  12  13  14  10   9   8   7   8   9  10  11  12  13   9   8   7   6   7   8   9  10  11  12   8   7   6   5   6   7   8   9  10  11   7   6   5   4   5   6   7   8   9  10   6   5   4   3   4   5   6   7   8   9   5   4   3   2   3   4   5   6   7   8   4   3   2   1   2   3   4   5   6   7   3   2   1   0   1   2   3   4   5   6  
13  12  11  10   9  10  11  12  13  14  12  11  10   9   8   9  10  11  12  13  11  10   9   8   7   8   9  10  11  12  10   9   8   7   6   7   8   9  10  11   9   8   7   6   5   6   7   8   9  10   8   7   6   5   4   5   6   7   8   9   7   6   5   4   3   4   5   6   7   8   6   5   4   3   2   3   4   5   6   7   5   4   3   2   1   2   3   4   5   6   4   3   2   1   0   1   2   3   4   5  
14  13  12  11  10   9  10  11  12  13  13  12  11  10   9   8   9  10  11  12  12  11  10   9   8   7   8   9  10  11  11  10   9   8   7   6   7   8   9  10  10   9   8   7   6   5   6   7   8   9   9   8   7   6   5   4   5   6   7   8   8   7   6   5   4   3   4   5   6   7   7   6   5   4   3   2   3   4   5   6   6   5   4   3   2   1   2   3   4   5   5   4   3   2   1   0   1   2   3   4  
15  14  13  12  11  10   9  10  11  12  14  13  12  11  10   9   8   9  10  11  13  12  11  10   9   8   7   8   9  10  12  11  10   9   8   7   6   7   8   9  11  10   9   8   7   6   5   6   7   8  10   9   8   7   6   5   4   5   6   7   9   8   7   6   5   4   3   4   5   6   8   7   6   5   4   3   2   3   4   5   7   6   5   4   3   2   1   2   3   4   6   5   4   3   2   1   0   1   2   3  
16  15  14  13  12  11  10   9  10  11  15  14  13  12  11  10   9   8   9  10  14  13  12  11  10   9   8   7   8   9  13  12  11  10   9   8   7   6   7   8  12  11  10   9   8   7   6   5   6   7  11  10   9   8   7   6   5   4   5   6  10   9   8   7   6   5   4   3   4   5   9   8   7   6   5   4   3   2   3   4   8   7   6   5   4   3   2   1   2   3   7   6   5   4   3   2   1   0   1   2  
17  16  15  14  13  12  11  10   9  10  16  15  14  13  12  11  10   9   8   9  15  14  13  12  11  10   9   8   7   8  14  13  12  11  10   9   8   7   6   7  13  12  11  10   9   8   7   6   5   6  12  11  10   9   8   7   6   5   4   5  11  10   9   8   7   6   5   4   3   4  10   9   8   7   6   5   4   3   2   3   9   8   7   6   5   4   3   2   1   2   8   7   6   5   4   3   2   1   0   1  
18  17  16  15  14  13  12  11  10   9  17  16  15  14  13  12  11  10   9   8  16  15  14  13  12  11  10   9   8   7  15  14  13  12  11  10   9   8   7   6  14  13  12  11  10   9   8   7   6   5  13  12  11  10   9   8   7   6   5   4  12  11  10   9   8   7   6   5   4   3  11  10   9   8   7   6   5   4   3   2  10   9   8   7   6   5   4   3   2   1   9   8   7   6   5   4   3   2   1   0  

 0   0   0  11   1  12   0   1   1   9   0   1   7   1   1   1   0   0   1   0   1   0   0   0   1   8   1   5   0   1   1   4   1   1   1   6   0  40   0   7   6  13   1   6   1   0   0   0  14   0   1   1   4   1   0   1   1  12   1   1   1  39   0   0   1   0   1   1   0   0   1   0  88   1   8   0   2   0   0  42   5   1   0   0   1   1   0  28   0  61   0   7   0   1   1   0  64   0   1   0  
 0   0  20   0   0   0   0   1   1   1   1   4   0   0   1  94   0   1   1  11   1   1   1   5   0  16   0   1  64   0  85   1  66   1  85  26   0   0  73   0   9   1  14   0  13   0   0   1   1  24   1   1  23   1   6   1  87   1   0  58   0   1   1   7   0   0   1  24  54  15   6   1  55   1   0   1   1   0   0  16   1   1   0   6  32   1   0  25   2   0  68   1   0   0   0   1  24   0   0  59  
31  43   0  88   2   0   0  25   0   1   1   1   5   1   4  10   0   1   1   0   8  13  90   0   1   4   1  85   1   0   1   0  11   0   4  24   0   0   1  36   0   0   1   7   0   1  35   1  12   0   3   0   0   1   1   0   1   1   1   1  43  47   1   0   4   3  17   0   1   0  39   1   9   1  82  28   1   0   0   4   8   0  31   9   0   5   1   1   0   1  32   1  10   0   1   8  33   1   1   2  
 1   1   1   0   2   1   0   1   0   0   0   1   0  12   1   1   0  91   0   1  37  47   1   0   1   3   1  24   3   0   4   1   0   0   1   4  34   0   1   3   1   4   9   0   2   0  36   0  27   5   1  37   2   1   1   1  36   6   0   1   9   7   8   0  47   0  50   0  23  74   0   0  74   0   1  40   0   1  30   0   1   1   0   0   0   1  42   1   1  20   2   1   1   0  91  59  28   0   0   0  
 1   0   1  15   0   1   1   0   1   1   0  53   0   1   1   1  33  10  18   1   1   1   2   0  15  17   4   1   1   6   1   1  74   2   3   2   0   1   7   1   1   1   1  22  38   1   1  25   0  84  14   3  48   1   0   1   1   1  83  78  16   1   0   0   6  18   1   1   1   1   0  94   8   2  20   0   0  58   1  77  12  23   2   1   6   1   0   0   2   0   1   1   3   0   1   5  69   0   9   1  
32   1   2   1   1   0   0   1  52   1   0   0  15   0   1   2   0  97   1   3   9   0   0  73   2   1   1   0   0  52   1   1   0  14   0   0   0  81   0   1   1   0   0  10  93   1   1   1  27  13   5   0   0   1  12   1   1   0  20  59   0   4   7  12  91  70   0   0   0  21   1  35   1   0   1   1   1   1   0   1   1   0   9  36   1  12  11  34  13   1   0   1   0   7   7   3   1   0   0  48  
11   8  20  13  40   1   0   1   1   0   1  37   0   1   0  20   1   0  20   2   1  60  18   1   0   1  71  21  30   0   0  16  57   1  34  32   0   0   1   1   1   1   1  72   7   9   0   6   0   0  11   1   2   1   0  55   1   1   0   1   7   1   4  71   1   1  18   2  55   4   1   0   1   1   1  16   1   1   0   1   0   0   0   4   1  30  41   0   7   0   1  78  13  93  27   0   1   1   0   1  
 1  27   1   4   0   1   1   0   0  77   1  44   0  17  31   0   1  82   1   8  54   1  23   1   2   3   1   1   0   0   3   3   1   1   1   1  34  60   1   1  72  17   0  11   1   8  13  78   1  14   1   0  12   2   5   2   4   0   0  31   0  62   1   1   1   0  10   0  65   1  21   1   1   1   1  24   1  48   0   3   1   0  21   1   1   0   1  45   0   1   1  57  20  34   1   1   0   1   0   1  
10   1  11   1   3   0  42   1   0   7   0  66   1  12   0   1   1   0   1   4  29   1  11   0  23   1   0  89   3  47  11   4   0   1   0  38  49  89   0   0   1   1   1  10   1   1   0  17   3   0   0   0   1  95   0   0   8   1   1   1  28  23   1   0   0  39   1  49   1   1  34   5   1   1   1  31   1   0   4  74   1  30   0  61   1  15   8   1   2   2  12  40  34   1  20   0   1   2  10  46  
 0  19  91   1  44   1   0   1   5   0  14   1  49   1  16   4   0   1   1   1   0   2   0   0   0   1   1   0   2   0   1  19   0   8   1   0  64   0   0   4   1   1   0   1   0  47   1   1   0   1   7   0  62   0   3   0   0   3   0   1  12   1  40   1   1  33   5   1  30   0  79   0  29  51   1  25   0   1   2   7   0  57   0  91  54  38  13  89   1  59   2   1  75  27   1   1   0   1  88   1  
 0  20  21   1   1   1   0  16   1   1   0   1   0   0   0   0  45   0   0  63  27   1   1  10   0   1   6  10   4   1   6   1   0   1   1  12   0  16   1  38   1   0   1  18   1   1   0  14   0   3   7   0  52   3   0  11   0  27   3   0  14  36  35   1  70   7   0   1   1   0   1  63   0   0   1  51  83   0   0   1   1   1   0   1  75   0   1   1  51   1   1   1  34   0   0   1  44  44   1   4  
13   8   1  13  17   8  96   1   1   0   1   0   0  90   0  13  64  87  13   0   0   0   4  36  52   1  20  89   2   1  87   0  20   1   1  33   1   1   1   1   0   7   0   1   1   1   0  37  86   1   0   1   0  40   0   1   0   0   1   0   0   1   1  15   1  35   1  17   0   1  75   1  27   0   1   2   2   0   1   1   6   1   1   4  65   0   2   1   0   0   0   0   0   0   1   0   1   1   3  78  
48   1   1   6   0   0  19   0   1   5   3   1   0  19   1  75   1  82  72  71  14   1   0   1   3   1   0   1   1   0   0   1   0   9  28   8  49   1   1  17   0   0   2  44  46   0   1  88  99  19   2   0   1   1  39   1   0   1   1  30   1   1   0   3   1  22   2   1   3   0  35   0   5   0  20   1  24   0   1  83  72   1  50   0   0   8   1   0   1   0   7  31   1   1   1   0   0   0   1  24  
23   1  25   0   1   3  65   9  84   1   0   1   0   0   0  37  69   1   0   1   3   1   0   0   0   0   1   1  53  25  36  82  49   0   0   7  19  30   0   6   0   0   0   1  66  30   0   5   1   2   1  12   0  21   1   0  31   0  25   1   2   7   1   1  46   1   8   1  24   1   0   1   0   1   0   1   0  55   0  14  64   0   0   2   1   1   1   1  28  25   0   9  17  43   0  79   3   0   1  26  
 0   2   1   0  89   1  66   1   0   0   1   0  31   0   0   1   1   1  17   0   0  16  31  13   1  22   1   0  15  11   0   1  68   0  52   1   1   0   2  22   0  94  17  11   1   0   1   0   1   1   1  95   1  64   1   3   1  69   6   0  20   1   1  41   1   0  17   0  11   0   1  49  20   0   8   6   0  89   4   3  35   1   0   1   0  19   1   1  20  37   0   2   1  18   1  11   0   0  19   0  
 1   1   1   0   1   1   0  89   0   0   7   2   1  21   1   0  16   1   1   2   8  23   0   1   0   1   0  12   1  50   1   0  24  26   0   1   1   0   9   1  32  47   6   0   1   1   2  66  11   1   1   1  10   0  20  84  59   0   0   8   1   0  13   1  35  14   1   1  63   0   1   6   2   1   1   2   3   0   0   0  37   0  51   0   4   0  17   0   7  19   0   3  30   6  29   0   5  30   1   1  
 1   1   0   1  39   7   0  17   0   7   0  24   9   1   0   4   0   1   0   1  30   1  61   0   1   3   1   1  76   1   0   0  10   1   1   1  12  13   1   0  60   0  27   0   0   1   1  29   0   7   0  21   1   0   1   1  35  71   0   9   0  86   1   1   1  81   1   1   1   1   0   0   0  13   6  51   4  37   1   3   0  31   1  62   0   0   0   0  27  10  28  11   1   0  47   9   1   7  16   4  
 1   1  21   2   1   1   1   0  74   0   1   1   1   1  68   1   0   0  23   1   0   0   1   0   0  10  30   1   0   4  26   1   1   1  99   1   1  74   0   1   0  33   0   1   2   1  36   1   1   1  26  73   0   0  64   1   1   1  38  27   1  87   1   0   1   1   1   0   1  14   1   3   2   0   1  52   1  82   1   1   1   2  15   1   0  61   0   0   0  31   0   1   0   0   1   1   7   1   7  58  
 1   0   1  87  31   1   1   5  11   1  20   0  71   0   1   0   0   1   0   0   1   0   8   1  23  36   1   6  60   1   0  40   0  95   1   1   1  96   0   1  27   1   1   1   0   0   1   0   1   0   0  24  10   0   1   0   1   1   1  18   1  60  69  51  53  30  70   0   2  44   1  44  55   1  28  43   0   2  20   0   6   9  88   1   1   2   0   0  33   1  78   0   0   1   1   1   1   0   6   1  
16   0   1  14   1   1   6   0   1  33   1  61   0   1  38   2   0  54   1   0  12   1  29   1   2   8   1   0   1  12   0  12   0   1   0   1  22   0   0  11   1  27   0   1   1  14   0   0   0   1   6   4   1   1   0  12  94   1   1   1  28  18   8   1  37   0  23   1  51  51   1  54   5   0   3   1  72   0   0  76   7  21   5  20   0   0   0   3   0  43  10   5   0  62   0   0   1  23   1   0  
 1  29   6   0   3   2   0   1  27   1   1  31  31   1   1  21   0  17   1   0   0  27   1   1   1   1   9   8   1   1   1  24  12   2  58  12   0  11  75   1  81   1  34  99  96   1  85   1   1   1   8  10   0  12   0   0   1   0   1  19   1   0  45   1   0   5   0  27  52   1   0   0   0   2   1   5   0   3   0  72   0   1  13   0   1   0   7   1   3   1  66   1   1  65   0  81   0   4   1   1  
16   8  46   0  15   1  99  57   2  31  50   0   0   3   0  36   3   1   0   0   0   0   1   1   1  12   1  94   1   0   1   0   1   1   0   2   0  17  40   1   1   6   1   1   1   1   5   3   7   0   9   4   0   2  48  60   0   1   1   1   0  95   0   1   1   1   0   0  80   1  83   1   0   1  94   1  59   1  47   1   0   1  59   6  39   1   9   0  24   2   0  28   1   6  47  72   1   3   0   1  
64   1   1   0   0   1   7   4   1   1   0  14   0  58   3   0   6   1  61   1   0  85   0   3   0   0  27   1   0  17  54   1   1  42   2   0   1   5   0   0  10   1   1   1  84  29   5   4   0   1   1   1   0   1   0   1   1   1   1   0   1   0   1   2  18  35   2   1  71   0   1   1   0   0   0   1  36   1   1   1  48  10   1   0  60   1   1  29  40   0  21   0   1   0  37  13   0   0   1   1  
 1   7  20   1   1   0   1   5   0  43  21  41  34   1  58   4  45   0   0   0  62   0   1   0   1  55   0   0   0   1   1   1   1   0   1   0   0  87   1  86  25   1  18   0   0   0   0   1   2   1   0   6   1  54   0  19   0  24   1   2  27   1   0   1   0  87  29  48   1   1  80   1  44   1   1   0  24   0   1   4   0   1   1   0  28  47  15   0   2  46   7   4   0   1   1   1   1   0   0  10  
 0   3   1  29   0   1   1   1   0   1   1  15   1  53   0   0   1  11   1   1   0   0  21  20   0   1   3  34   0   0  49  34   1  12   1   1   0  30  41  23   0   3   1  25   0   1   0   6   1   0   2   1   1  31  14   1   0  15   0   0  13   0   1  21   0   1   5   1   1  11   0   1  49   0   0   0   2   0   9   0  27   4   0   1   2   1   1  67   1   3   0   1   1  13   1  19   0  34   0  62  
 1   1   0  15   1   1  68  58   1   1   1   1  31  11   1   0   1   0  40   0   4   0   0   1   4   0  87   1  54   0   1   2   0  26   8   0  18   1   1   0   8   0   1   1   8   4   1   0   7   1   1   0   1   3   5   0   2   0   1   9   2   1   0   0   1   0   1   1   1   4   3  88   1   0   1   4   1   1  30   1   4   1  72   1   0   0   1   1   1   0  55   1   1   1  55   1   0   3   1   4  
52   0  95   1   0   1  29   0   0   0  30   3  11   2   0   0   1  13   0   1   1  15   0   1   1   1   0   1   0  74   0  48   0   0   1   0  21   1  14   0   1  22   1  32   1   1   5   0   1   1   1  23   0  29   0   0  36   5   0   1   0   1   1   1  46   1   1   0   1   1   5   0   1  77   3   1   1   1   9   0  59  41  18   1   1   1   0   0   1   1   3   0   0   0   0  31  62   0   1   1  
 1  54   0   1  68  32  54   1  54   5  11   1  62   0   1   1   1  84   7   0   1   0   1   0   0   9  60   0   0   1   0   1  79   0   4  81  27  44   1   0   0   2   1  41  33   1  76  52   4  23  56   3  10  31   1  37  92  71   0   0   1  10   1   1   0   0   1  14  49   0   1  21   7   1  13   1   1   0   0   3   0  13   0   1   5  17   1   3   1  95  69   1  19   0   1   1   0  24  24  64  
 0   1   0   1   1  75   1   0   3  47   1   1   0   9   0   0  21  97   0   1  12   1  32   3   0   1   1   0   0  34   8   1  64   1   1   0  23   3  25   1   0   1   1  22   1  16   1  29   3   0   9   0   1   1   8   0   1   1   1  24   0   5   0  14   0   0   1   1   1   0  14   0   1   1   1   1   1   1  41   4  18   0   1   1  38   1   1   1  14  13  39   1   0   1  19   5   0  64   1   1  
 9   4   0  39   0   3  24   0   0   1   1   0   1   1   2   0   1   0   0   1  29   1  21   1   1   1   1   8   0   0  96   1   0   1  10   1   1  46   0   7  42   1   1   0   0  18   0  17   1  17   0   1   0  86   0   1   0  71   0   0   1   4  33  64   1   1   1  74  60  17   0  24   0   0   0   0  43   1   1   1   7   1   8   0   1   0   0  86   1  15   0   0  90   0   0   1   1   1   0   0  
73   0   0   1  43   1  64   8  38  98  11   0   3   0   1   0   0   0   0   1   5   1   1  19   0   1   1  65   0   1   0   1   0  80   1  81   1   1   5  11   1   3  22   1   0   0   0  24   6  12  31  44   0   0   0   1   5  11  28  27   1  18   5   1   7   1   1   1   0   1   1   1   3   8  36   1  39  87   1  94  83   9   1   0   1  18   1  17   0   7   0  22  51   1   0   3  34  58   0   0  
56  11   1  48  19   1   7   1   9   0   0   1   0   2   9  83  13  12   1   0   4  65   3   0  70  65   1   0   0   1   0   0  53   1   0   1   1   0  68  49   0  73   0   0   0  78   1   1   0   0   1   1   1   0   0   1   1   0   0   8   1   1   1   1   3  85   1   1   1   3   0  30   1  16  20   1   5   0   0   0   9   1   1  38   1  16   1   1   4  88   1  36   1  25   0  54   0   8   1   8  
 0  43  16  12  62   8   1   0  68  56   0  43  80   0   0  65   0   0   1   9  58  21  19  12   0   7   0   0   4   0   2  64   0   1   1  94   5  22   1   1   3  86  28  48   0  51   1   1   1  27   1  67   1   1   1  71   0   1  19  26   0  37   0   0   2   0  62   1   1  24   1  50  38   1   6   0   1  64   1  29   1   1  19   0  15   0   0   0   1   3   0   3   0   0   1  82   1   1   2  81  
26   2   4   7   1   0   1  37   1  60   2  33  21   0   4   1   0  73   2   4  64   1  25   0   0  91   1  46   1   1   2   1   0   0   1   1   1  52   0   0   1   1   1   1  11   0   1   1   1   1   0   0   4   0   1   1   1  67  32  89   0  98   1  81  85  10  85   1   0  31   1   0   0  49   3  82   0   1  62  29   1  10   0  38   0   0   0   1   1   1   1   1   1  31   1   1   1   0   1   7  
 3   1   9   1   1   0   3  92   0  15   1   2  29  15   0  91  58  21   1   1   0   1   0   1   5   2  35   5   1  99   0   0   1  32   0  71  76   1   6  56   1   1  14   0   0   1  15   0   9   1   1   1   9   7  66  86   0  27   3  66   1  82   1   1   1   1   1   0   3  12   0  85   0   1   3  23   0   1   0   0   7   1   0  89   1   1   1  92   1   9  41  47   3  22   4   1  75  66  27  19  
 0  75   0  92  51   1  91   0   1   1   0  46   0   0   5  49  30   1   6   0  26   0  66  10  12   1   1  64  13   1   0   1   0   5   1   0  17  18  28   5   1   1   0  26   1  49   0  36   7   1   1   1   1   0  67   1   1   1   0  12  22   1   0  49   1   0  46   0   0   7   0   6   0   1   1  75  45   0  91   0   1   1  78   0  84  35  44  51   1   0  15   0   0  22  83  19   0   1  10  28  
 1   1  24   0  87  38   0   0   0   6   5   1   1   0   6  14   0   0   0  10   1  85   0   1   0   1   0   1   5   0   1   1   0   1   0  40   0   0   1  35   0   1   1   1   1  28  35   1   1   1   0   1   0   0   1   2   1  56   0   0   1   0   0  13  55   4  81  29   0   1   1  30   0  13   6  16   6   5   1   1   1  27  44   3   1   0   1   0   2   0  13   1   6   0  89   1   3   0  18   1  
 1   1   3  15   1   1   1  46   0   1   1   1   0   1   1   0  49   2   1   4   1   6   1   0   1   1   1   8  75   1   3  49   1   0   1  90   0   0   1   6   2   1   1   0  48  14   3   1   1  32  14  12   5   8   0   1   0   0   0  69  37   1   0   1   1   9  33   0   3   2   1   1   5   0   1   1   3   1   1  70  95  34  43   1   0  56   1   0  74  79  60   0   0  64  85   1   0   0   1   0  
17   0   0  21   0  12   4   0   0  17   1   1  47   0  40   0  52   9   0   0   1   0   7   0   1   0   0   0   0   0  17   1   0   1   1  11  12  94   0  17   0   0  47  53  71   1   0   0   0   4   4   1   1   2  76   0   1  14   1  41   0  94  44  59  41   2   1  14   0  56   2   0   0  32   1  40   0  16   1   0   1   0   1   1   1   1  21   1  13   0  22   4   1   0   0  21   9   1  25   1  
 1   5   0  95   2   1   1   1   0   0  91  10   0   9   8   0   0  49   1   4   1   0  44  59   1   1   0  57   9   1   9   1   0   1   0  18   7   0   8   0   0  19   2   0  67   1  18   1   4  23  16  71   2   1   0   7   1   0   0   1   5   1   1   1   0  39   0   1   0   1   1   1  14   1   4   1  74  19  55  18   6   1   0   0  89   0   0   1  18  80   4  41   1  28   0   0  19  59   0  73  
 0   8  16   0   6   0   1  21  91  22   0  48   1   0   0   5   1   2   0   0  16   5  72   0   1  43  31   0   1   0  20  69   1   4  94  36  59   0   1  59   0   2   2   0   1  50  57  38   8   0  77   1  43   2   1  96   1   1  11   0   0   0   4   0   2  64   1  13  43   1  22   0   1  20  56  71  69   0   2  12   1   1   1   1  58   1   1   0  70   5   1   1   0  28   0   1  16   1   1   0  
 0  67  22   0   0  37  38   0   8   1   0  11  67  44   0   1   0  63  28   0   1   1  24  53   0  14   0  10  12   1   0   2   0   1   0  25  23  16   0   0   7   0   0   0   3   1   0   2   1   0   1   0  30  23   0   1  23   0   1   1   1   1   2   1   0   3  24  61   1  74  29  31   1   1   0   0   1   1  13   1  22  57   6   0   1  11   0  24   1   1   1   1   1  63   1   0   7   0   1   0  
26   0   1   1  33   0   0  21   0  32   0   3   0   0   0   0   1   1  19   6   1  15   9   0   1  70   0  97   1   0   1   1   1   2   1   3  11  56   1  59   0   0   0   1   8   0   0  28   0   1   0   7  10   0   1   0   1   1   0   2   4   0   1  32  26   1   0   9   0   0   1  23   1  59  26  16   1   0   6  15   1   0  23  54  23   1   1  16  10   0   1   3   0  55   0   1   0   0   1  54  
 0   1  89   0   1   0   1  90   1   1   1  44   0   0   2  34  26  70  11   3   2   1  14   0  96   1   0   1   1   1   0   0   1   2   1   1   7   1  99   0   0   5   1   0   9   2   0   0  12   0   1   0   1   1  39   0  33  65   1  48   0   8  53   0   1   1   1   1   5  57   0  28   1   1   8   1   0   0  33   0   1  75   0   3   1   0   0   1  15  18   1  62   1  75  10   1   0   0  59   1  
 0   1   1   0   0   1   3   3   0   0   0  47   0   3   4   0   1   7   1   1   0   0  28   0   0   0  77   1   0   0   0  28   0  64  63   1   1   1   0   1  34   0  58   0   0   0   1   0  55   1   1   0   9   1   1   6  21  47   0   1  14   4  82  34   0   4   1   0   1   0   0   4   1   0   5   1  13  26  48   8   1   4   2   1   0   5   1   5   0   0   1   5   2   4  58   2   4  59   8   1  
 1   1   1  25   2   1  21  74  99   1  71   0   1   2   0   8   2   6  54   1   1  16   0  10   1   0   1   5   0   1   0  13   0   0   1  54   1  34   0   1   1  47  11   9   1   0   0   0   4   3  60  68   5   4   0  11   0   0   1  26   0   0   0  65  30   1   0  41   0   0   0   2   1   1   0   1  41   1  10   1   0   0   1   0  17  68  25   1   1   9   0   1   1   1   0   3   9   1  13   1  
 0   0   1   0  16  30   0  12   1  38   1  62  55   4   1   0   2   0  89   1   1   1   1   4   1  40  19  25  62   0   3   1   1  78   0   0   4   1   0  16  63   9  79   0  41   0   0  18   1  11  51   1   1   0   0  87  22   1  42  28   0  15   1  37  55   1   0  15   3   0   0   0   1  64  62   1   0  19   7  75   1   0   1   0  22   7   1  21  29   1   2  59  17   1   0  13   9   0   1   7  
 1  17   1   1  12   0   0  18   0  19   0   1  38   1  41   0   0   0   1   1   0   1   9   0  26   1   0   1  10   5  69  80  17  10   1   1  11   4  67  36   0   1   1   0   1   7   4   0  99   1  92   1   1   0   1   1  52  74   2   0  70   1   1   1  68   5   1  68  24   0  42   0   4  11  49  52  53   1   1  21   1  13   0   0   1  20   0   0  65  19  65   1   0   1   4   1   1   1   1  56  
27   0   1   0   0   1  43   0   0  60   3   1   1   1   4  39   0  11   1  75   0  65  67   0   1   1   0   1   6   0   6  53   1   3   1   1  54   0   1   0   1   1   1   0   1  11   0   1   0   6   6  98   1   0   0  80   1   0   0   5   0  19  56   1  31   1  55   1   0   0   0  46   1  31  51   0   1   7  13   0  40   1   2   1   0   0   0   5  30   1  16   1   0   1  25   4   1   1  41   0  
 1  57   1   0   1   6  80   4   1   8   2   0   1   0  32   1  53  60   1   1   0   0   1   4   1   0   7   1   1   1   1   2   1   1   0   0   0   4  35   1   0   1   0   1   5   0   2   0  12   0  71   1   1  10   1   1  11  16  11  28  94   1   1   1  52   0   0   1   1   1   1   1   1  94   8  60   1  76   1   0   0   1  60   0  47   1   1  24  43  31   0   0   1  94   1   0   2   1   1   1  
 0   1   0   0   1   0  65   1   0   1   0   0   1   0   1  46  58   5   0   1   3  12   0   1  17  23   3  85   0  10   1   7   1   0   6   0  47  37   1   1   7  29   0   1  67   1   1   1  47   0   0   1   2   1   1  11   1   3   8   1  93   1   1   0   2   0   0  13   1   1   0  98   1   1  10  12  66   0   1   0  35   6  86   1   0   1  14   0   0   0   1   0   1   1   0   1   1  64   2   0  
 1   1   1   1   1   1   0   1   0   1   1   1  42   1   0   1  45  63   1   1   0   1  17   1   1   1   1   0   1   1   1   1   1   1   1   1   1  32  42   1   0   0  42   0   1   3   0   1  15  62   1   0   1   1   1   1   1   1   1   1   1  87   1  15  17  18  13   1  13   1   0   1   0   1   0  70   1   1  22  47  21  51   4   5  40   2  65   1  18   0  12   0   1  11   0   1   1   6   0   1  
 0   0   1  21   0  14   1   3   0   0   1  34  12   1   0   1  11   0   1  31  39   0   1   3   6   2  11   0   0  20   1   1   0   1   8   0  89   1   9   8   0  16   1   0  91   2  29  57  73   0  20   0   0   0   8   1   1   0   1   1   0   3   1   1   1   0   1   1   0   0  15   1  41   0   0   1   1  19   1   3   0  14   1   1   0  31   1   1   0   0   1   0  22   1   0   7  45   1   1  62  
 1   0  15   0  74   1   1   1  31  23   8  14   1  22  28   7   3  52   0  12   1   0   0   0   9   9  16  69  11   1   1  31   1   3  12   0  10   0   0   1   0  54   1   7   1   0  49   1  32   0   2   0   1   0   1   0   0   4   1   8   1  15   3  49   1  65   0   0  81   1   0   1   1   0   0   0  54   1   0   5   0  45  12   0  15   6   0  43  67   1  55   1   3  50   1   1   1   1   1   1  
 1   5   1   1  75   0   0   0   1   3   1   4   1   0   1   1   0   1   1   6  94   1  37  11   6   0   0   1  39  50   1   6   0   1   0   1   1   1   5   1   1   1   0   0   1   0   1   0   0   0   4  57  10  62   0   0   0  16   1   1   1  17   9   0   0   0   1   5  37   1   8   1   0  56  48   1   1  82   1  99   1   1   1  36  13  60   1   4   1   1   0   1  90  26   1  67   1   1   0  37  
21   1   1   0   0   1   1   0   1   1   0   1  48   1  21   4   1  77   0   0   1   1   1   1   1   0   1   2   1  15   0   0  13   1  23  12  72   1  54   0   1   0   0   0  46   1  50   0   0   1  67  24  43   0   1   0   4   3   1   1   0   0   1   1  42   1   9   0   1   3  22  69   1   0  18   1  56   1   0  11   2  18   1   0  29   7   1   0   2   1   1   1   1  69   5   6   1  37  38   2  
28  13   1   0   1   0  23   6   1   0   0   2   1   0  30   0   0   0   0   1   0   1  17   0   0   0   1  54   1  60   0   0   8   0   0   1   1   0  50   0   1   1   8   1   3   0   0   0  69   3   6   3   1   8   0  37   0  21  15   4   1   3  66   6   0   0  28   5   1  81   0   0   0   5  22   1   8   0   1  63   1  95   0   0  60   1  14   5   1   1  42   1   3  54   1   0   0   1  10   9  
 0   0   1  29   1   0   1   1   1   0   0   0   0   2  34   1   5  81  95   0   0   0  14  66   6   1   0   1  76  64  71  16  31   8   1   1  92   1  16   7  20   0   8   0  26   1   0   8   1  14   1   1   0   0   0   0  89   0   4  24   4   0   0   2   4   1  53   3   0   1   0   1   0  46   8   4   1   1   4  21   0  35   0   1   3  16   0   1   0   8  82   0   0  76  77   1   1  13  32  10  
76   2   0   4  55   0   0   0   0  92   9   1   1   1  14   1   0   1   1   0   0   1   0  83   1   0   5   1   0  15   1   1  19   0  32   2   0   0   1  44   1  57   3   0   9   5   0   0   4   4  14   2   2   0   4  20   1   1   0   1   5  10   0  46  56   0  24   1   1   1  44   1  25  95   9  10  11   1   1   1  90  11  54   3   1  65   5   7   0   0   0   1   0   1   1  43   1  61   5   1  
 1   1  20   1   1   1  30   0   1   1   1  19   1  31   0   1   0   3   7   4   2   0   2   0   1   4   0  22  16  52   9  59   1   1   1   0   0   0  16  18   1   1   1   0   0   1   1  52   1   6  79   0   0  18  57   2   0  46   1   0   1  26   0  25   0  49  76   1   1   6  24   1   0   4   1  82   1   1   1   1   0   2   5   0  69   4   1   1   1   1   8  29   0   1  11  12  41   1   0   8  
 1   1  17   5   5   0   0  35   1   0   0   1   1   1  79   1   6  42   1   1  19   0   1   1   1   1  13   0   0   1   1   1   1   8   2   0   0   0   0   0   1   0   0   1   0   1   1   0  34   1   1  33   1   0   1   0   0  34  21   0   0   1   0  79   1   4   0   0   1  34  32   1  19  96  60   0  15   1  94  81   1   1   1  77  31   1   1   1  14   1   0  17   2   2   0  47   6   4   0   1  
 0   0   1   1  31   0   5   0  23   4   1   0  12  78   1  85   1  36   6   0   0   1  29   1   3   1   5   5   0  12   0   3  85  30   0   0   0  15  25   1   1  11   1   0  26  45   1   1   6  12   9   2   0   3   1  29  30   1  62   4   1   0  94   0  92   1   0   5   1   0   6   3   0   0   2  13   5   1   0   1   9   0   0  75   1   4  10   0   0   0   0  41  10   0   1   0   5   5   0   0  
39   0   0   0   1  15   1   0   0   0  24   1   1   0   0   1   1   1   0   2   0  62   1   0   0   0  77  32   2  25   1  71   1  98   1   0  84   1   5  55  65   0  77  12   0  62   0   0  16   0  91  21   0   0  41   1   1   1  15   1   0   2   0   0   4   0   0   1   0   1  78   0  10  49   4   1   3   0  79   1   0   1  11   1   1   1   1   1   1   0   1   2  66   1  18  92   0  82   0   0  
14  10   0   1   0   0   4   1   1   0   1   1   0   0   0   0   1  37   1   1  83   1  88   0   0   0  16   1   0   1   1   0   1   0   1   1   0   1   2   1   1   0   0  22   0   0   6   0   1  20   1   6  38  10   0  54  77  53   1   1   1   1   0   0   1   1  11  21  82  75   0   1   0   1   4   1   1   0   5  80  41   1  14   0   1  12   0   0  99   1  47  45  39   0  92   1   1   1   1  20  
51   1   1   1  22   1   1  74  67   4  67   1   0   1   4   1   0  23  11  16   0   0   0   1  94   1  18   1   1   1   1   5   3  42   5   2   1   0   7   7   1   1   1   1  94   0   0   0   2  37   0  89  23  87   3  26   4   0   6   1   0  47   1  10   0   2   1   1   0  59   1   3   0  26  38   1   0   0  34   1   0  28   1   0  19   1   1   0   3   1   1  10   0  67   1   0   0   1   1  35  
 4   1   0   1  31   0   1   0   0  28   0   1   0   1   0   1  80   1  64   1  25   1  84   0   0  16   0   1   0   0  76   1   1   0   0   3   7  48   5  98   0   1   1   3   0  36   0   0   1   1  54   0   0   1  21   0   0   0   0  25   1  20  47   3   0   0   0   1   1   1  13  15   1  85   1   1  53  11  97   0   0  15   0   1  11   0  62   1  51   2  80   1   1   2  47   3   0   0   3   0  
88  72   1  24   1   0   1   1   1   0   0  94  27  53   1  12  23   3  87   1   0   1   1  31   1   4  23  21   5   1   1   1  50   1   1   6   1   1   1   0   9   0   1  19  71   4   0  68   0   1   1   1   1   1   2   3   0   8   0   1   0   1   0   1  44   1   0   0  29  19   0  65  25  38   0   0   0   1  93   0   1   0   0   0   0  24   1   0   4   1   3  41   1   1   0   0   5   1  11  24  
 3   9   1   2  13   0   0   0   1   1  24   1  39   0   0   1   7   0   1   0  91   2   2  92  23   0   1   3   0   0   9   0  78   1   1   1   1  25   1   0   3   1  36   1   1   0  15  16   1  17  29   0   1   1   3   0  20  25   1   0   1   1   0   1   0  51  26   0   1   3   0   1  22  23   2   0   1  24   0   1   1   1   0  73   1  94  68   0   2  55   1   0  68   1   7   1   2  46   1   0  
 0  21  53  73  33  63   0   1  15   0  18  65   0   1   1   1  65   1   0   0   0   0  40   0   7   1  93   1  81   0   1   0   1   0   9   0   1  31   0   0   1  91   1   1   0   1   0   0  39   1   1   2  62   1   1   1  16   0   1  14   1  40   5   1   0  12   0   0   0   0   0  35  15   1   0   1   0   8  99  94   0   0   1   1   1   1  42   4   0   0  29  29  73  27   1  61   1  59   1   0  
 0   0   1   1   2   2   1   4   0   8  91   1  24   1  34   0  23   1   1   1   0   1   0   1   1   0  58  40   0  16   1   0  12   1   1   0   1   3   1  51   1  17   1   3   1   0   9   1   0   0   0   0   1   2   1  66   0   0   0  70   1  13   1  23  82  13  71   4   1   0  33  87   1   1  52   2   0   1   1  48  60   2   0  65   1   2   0   0   0   0   0  63   0   1  25   1   1   2  94   0  
34   1  93   1   0   1   1   1   0  19   9  69   0   1   1   1   0  95  51  33   2   0  72   1   1   0   1   4   2   1  57   1  33  82   0   1   1   1  31   0   1   1   1   7   1   6   0   1   1   0   1   1   1  53   3   0  47  41   7   1  37   0  50  24   0   0  50   1   0  33   0   3   1   1   1  13   1   0   0   0   1   1  12   0   1   5   1  17  44   0   1   0   1   1   1  44   0  32  16   1  
 0   1   1  60   0   0   1  49  99   1   1   1  21  18   0  67   0   0   1   0   1   7   1  24   0   1   5  31   1   1   1   9  73   1   7  26   1  44   1   1   7   5  58  11   0  59  40   0   0  28   0  34   1   1   0   1  15   1   3   5  71   1   1   0   1   1   1   1   1   0   1   0   0   0  15   1  16   1   8   4  59   5   1  31   0  18   0   0   0  45  14  38   0   0   1   0   0  27   1   1  
 0  14   0   3   0   0   0  15   1  63  32   1  32   0   6   3   0   0   0  26  18  11   1  55  58   1  43   1  96   1   1   1  39   1   1   1   0  68   1   2   1  39   0   1  63   1   3  94   0   1   0   1   0   1   0   5   3  63   1   1   1   0   1   1   1   1   1   1   1  75  40   5   0   1   0   0  11   0   1   1   4   1  34   1  24   1   0   7   0   6   0   3   1   1   1   1   0  75  11   1  
 0   1  81   1  28  75   1   0   1   1   1   2  22   1   1  10   1   4   0   0   1   1   1  20   0  17  10   0   9   1   0   6   1   5   0  56   3   1  27  18  58   1  33   1   0   1   1   1   1   2   1  59   2   4   1   0   1   1   1  24   1   1  41   0   2   0   1  64   1   0  40  61  40   0   1   0   5   1   1  43  63  84   0   0   1  17   0  53   0  30   6   1   0   1  17   1   0   0  18  24  
32   0   1   1  92   1   1   0   4   0  41   1   0   1   6  99   5   1   1   1  22   0   1   6   1   1  14   0   1  48   1   1   1   5   1   1  10  62   0   1   0   3   0   1  45   1   1   3   0  24  68   0  59   5   4   1  48   2   1  16   1   1  11  69   0   3  38   0   7   1   0   0   0   1   0   1  11  68   0  18   1   1   1  40   1   1  11   1   0   1   1  44   0   0  21  49   1   3  27   5  
 1  10   0   0   1   1  14   7   5  35  24   5   1  21   6   0   0   1  12  56   3  28   0   0  28  91   1   0   1  15   0   1   0   3   1   0   1  82   1  22   0   0   0   1   0   0   0   8   1   1   1   0   6   1   1   1  10   1   0  35  98   1   0   0   0   2  21  25  17  47  45   9  13   0  50   0   7   0   1  49   0  52   1   1  84   4   1   0  47   1   0  94  90  16   1   1   4   1   1   0  
 0   0   1  74   1  36   3  32   1   1   1   0   1   0  30  28   0  83  11   1   1   1   1  74  47   0  71   0  38   6  65   1   4   1  55   9   0   1   1  29  33   0   1   0   1  26   0   7   1   1   1   6   0   7   0   1   1   1   1   1  18  75   1   1   0  11  85   3   1   1   2   8  72   1   1  22   0   3   1   1   0   0   1   1   0  18   1   3   0  17   1  52   0   0   1  81   1   1  51   0  
 0   9   0   2   0   0   0   1   1   0  90  27   1   1  74   2   1   3   5   1   0   1  27   2   1  27   0   1   1   0  79   1  27   3  99   3   1   7   1  20  29   1   1   0  64   1   0   1   1   0  95   1   2   0   0   8   1   0   0  15  70   1   1  29  16   0   2   0   1   0   3  72   0  21   1   1   3   0   6   0   1  53   0   0   0   1   0   1  51   1   1   2   0   1   0  35   1  44  31  63  
 0   0   1   0  23   1   1   1  97   0   1   1   0   2   0   0  12   1  83   0   0   0   1   1   1   1   9   0   9   1  26  48   0   1   0   1   0   0   1   5   0   6   2   8  12   3  78   4  31   0   3  32   8   0   0   1   0   1  15   1   7  43   1   0  18  21   1   1   0   0   0   4  15  12   0  75   0   0   0   0  26   0  10   1   1  22   1   6  94   0   0  74  18  13   5   1   0   1   1   3  
 1   2   3   0   1   3   0   0   1   0  74   1  66  20   1   1  57   0   0   1   5   0  11   0   1  15  98   0   3   0   0   2   0  44   0   5   1   0  13   0   0  58   0   0  25  13  24   0  16   1   0  52   0   0   1   1  34  11   3   0   0   1   7  31   0   0   1   9   0   0   1  93   0  53   1   1   0  42   2   0   1  49   0   6   6   0  24   1  29   0   6  46  17   1   0  12   1  80   1   3  
 1   1  10   2  30   1   0   6   1  12   2  24   9   0  36   1   1   2   1   1  28   0   2  17   6   1   0   0   1  29   1  65  65  20   0   1  12   0   6   1  14   5   1   0   1   1   0   0   0   9   8   1   8   0   1   1   1   1   0   0   0   1  24   0  47   0   1   4  11   1   1   4   2  58   5   6   4   0   1   5   0   9   6   2   1   1   1   0   0   0   0   0   8  28   0   0  28  35  10   0  
 7   0  43   0   1   0   0   1   1   1   1   0  94   0  26   0   8  76   0   1   1   0   0  59   1  34   1   0  12   0  76   1   1   0   0   2   0  61  80   0  56   0   1   0   3  25   0  33   1  22   0  14   0   1   1   0   1  88   1   0   2  40   1   1   7   0   0  97   3   1   0   1  16  17   1  60   0   5   0  81   1   0   1   1  74   1   1   8  14   0  20  15  32   0   2   1   1   1   1   0  
 1   0  21   1   0  28   2  57   1  10   1   0   1   9   1   0   0  27  12   1  59   0   1   2   0  27  23  10  13   1   1   1   1   1   0   0   1   1   0   0   1   0   2   1   0   4   2  40   1   5   4  30   1  11  31  18  49   1   1  11  13  11   1  46  38   0  42  64   0  18   1  91   0  32  69   0   0  95   0   3   0  68   0   0   1   1   0  47   1   1  16   7   4   1   1   1   0   5  14   0  
 1   1   0   0   1   1   1   0   0   3  51   0   1   0   0   7   0   1   1   1   2   0  31  18   1   1  33   0   1   4   1  79  50  61   0  21   1   0   0   0   2   0  12   0  22  32   1   1  43   1  43  45  26   3   1   0   1   0   1   1   0  90   0  58  91   0  75  19   3   1   4  78   5   1   1   4   1   0   3   0   1  57   0   0   1   4   0  36  50   0   1   1   1   0   5   5   1  57  12   1  
17  19   1   1   1   1   3   1  10  20   0  13  31   9   1  32   1   1   0  35  35  21  32   4  23   0   0   4  33   1   0   1   1   1   1  27   1   1  61   1   0   0  99   1  33   1   0   1   1   0  47  57   7   7   1   1   0   1  14  11  44   0   6  46   2   1   0  37   1  34  60   0   5   1   1   1   0  64   0  43   6   0   1  63   0   1   5   1   1   1   1   0   0   1   0  63   1   0   4   9  
27   0   5  23  22   0   1   2   1   1   0   0   0   0   1   4  14  16   5  19  43   2  46   1   0   4   6   0   1   2   4   1   0   2   0  79   0   1  16  11   0   2   0   0   1   0   1   0   1  33  89   1  71   0   0   0   2   1   1   1   0   0  22   5   1   0   0  11   0   4  38   3   1   1   9  15   1   2   0   5   1   1   5   8   1   0  19   9   1   0   0  15   0   1  25   1  52   2   1   0  
47  63   8   0   1  10  61   1   0   0   0   1   2   0   0   1  12   7   6   1   0   8   1   2   1   1   0  46  43   0  41   0   1   1   0  28   0  41   1   1   1   8   1   1   0   1   1   1   3   1   0   1  30  25  26  40   1  15   1   2   0  28  72   0  30   1   6   1   1   0   3   0   7   0   0   0   1   0   9   1   9  64   6   0   3  14   0   0   0  18   1  13   2  28   0   0  30  10  38   2  
 0  79  54   3   1   0   4   0   1   5   1  15   3  31  31   0   1  88   1   7  29   1  64   6   0   1   2  92   0   1   2   1   0   0   1   1   4   3   1  70   1   6  19   5   0  58  10  53  36  15   1   0  10   0   1   1  64   0   0   1   0  63  28   0   1   0   0   1   3   1   1   0   0   0   3   0  18   1   0   0  62   1   1   1   1   1   1   0   0  19   1   1  10   1  15   0   1   0   1   0  
11  92   7   1   1  54  28   4   3  22   9   2   0  70   1   0   0  48   1   1   1   1   1   1   1   1   0  36   1   1   0   0  15  81   1   3  24   1   0   0   0   1  72   5   0   0  69   1   0   1   0  28  60   5   0  57  17   0  21   1   0   1   1  15  37   0  13  16   2   0   1  38   0   1  40   1   1   0   0   0  54   2   1   0   1  27   0   0   0   1  13  61  48   0   1   0   1  43   0   5  
11   1   0  59   1   9  14   1   0   1   1   0   0   0   0   1   1   1   1   1   0   0   0   0   1   4   0   1  58   4   1  32   1   1   1   0   0   1  53   0  20  27   0   2   0  26   5   9   0   1   2   1   1   1  23   2  52   1   5   1   0   1   6   0  12   1   0  62   1   1   1  30   0   0  47   1   1   1   0  25   1  69   0   0   0   0   0   7   1   0   5   1   0  33  70   0   0   0   0   0  
 1   1   1  21   0   6   0  22   2  78   0   1   0   4   4   0   0   0  42   0   0  79  34  69   1   4   1   0   0   1   0   1   1   1   3   1   0   1  65   0  29  62  20  71   0   0   1  15   1   1  89   0   7   0   0  26  49   1   1   0   4   0   1  59   0   1  75   7   1   2   3   1  55  38  75  23   0  32   0   1   1   1   0   6  43   0   0  48   1  23   0  12   1  21   1   0   1   0   1   0  
14   0   5   3   1   0  91  14  31   1   0  14   0  85  18   1   1   0   1  90  37   0   0   0   1   2   0  11   0   0   0   1   1   0   1   1   0   0   0   0   1   1  14   0   1  32   1   0  89   8   0   0   3   1   0   0   2   0   0   0  14   1   1  97   0  30   0   0   1   1   2  52   1   0   0   0  10  84   1  12   2  60   1  38   1  89  44  30   1   1  11   0   1   1  65   1  59  45   0  19  
 1   5   0   1   1   0   0   0   1  53   0  35   1   6  66   0   2   0   0   1  15   1  14   2  15  87   1   1   2  68   1   0   1   1   1   0   1   1  56   1   0   1  43   1  47   1  29   4  13   3  19   0   1  11   1  11   1   1   1   1   1  49   1   0   1  12   0   1   0   1  26   1   9   1  14   1   2   0   3   0   0   0   7   1   0   1   3   1   2   1  23  37   0   1  84   1   2   0   0   1  
 0   1  13   0   0   0   0   1  88   1   1  49   5  87   1   2   2   1   6  26   1   3  61   1   1  55   0   1  65   1   1   1   0   1  91   0   0   0  33   3   2  20   0  11   0  75   1  92  35   0   0   1  34   1  81  39  72   1   0   0   1  27   0   0  64  85  24   1   3  80   0  24  23   1   7   1   0   3   0   0  14   1   2  56  13   1   0   0   0   1   7  16  21   0   1   0   6   0  17   1  
 1   1  55  44   1   1  20   3   0   0   0   0  20  43   0  16   0  85   1   1   0   0   5   9   7  80   0   0  11   1   1   0   1   0   0  15   6  37   6  20   1   1  87   1   0  29   1   1   0   1   0  77   1   1   0   0  52   1  19   1   0   0   1   1  67  45   1   0  75  19   0  99   2   0  55   1   4  18   1   1   1   5  90  89   1   1   0   1   7   2   1   1   3  27   0   1   0  68  19  62  
 1  73   0   0  32   1   1   1   6   3   0   1   5   1   0   1   0   1   1   0  41   7   1   0   0   0  83  61   1   0   0   0   1   1   1   1   0   0  49   5   2   1  72   1  38  47   1   0   1   0  22   9   2   1  55   0   2   0   1   2   0   1   1   1   1   1   1   1   0   0  54   0   0  54   0   0  17   2   1  15  59   0   1   0   0   4   0  74   4   0   0   0   0  22   0   0   3   0   0  19  
13   1   0   0  61  31  30   1   1   0  88  66  18   0   2   1   0   1   1   1  88   1   9  10   1   2   0   1   0   4   1   3   8   0   0   0   1  15   0   0  13   0   1   1   1  15   0  56   0   4   1   3   8   9  41   0   8  15   9  83  42   1  79  60  12   1   1  56   0   6   1   4  35   0   1   1   1   0   0   2  18  70  46  28  57  86   0   1   1  37  14   7   1   1   0   1   0   8   1  87  
15   1  82   0  46  86   0   1  53  13   1  41   0   7  13   9   7   2   0   7   1  91   1   1  50   0   1   1   2   1   0   1   3  43  18   1  24   1   8  66   0   4  66  63   0   0   0   1   2   1   0   4   0   1   1   0   1   1  32  14  46   1   2   0   4   1   6   0   0   0  28  29   1   1   0   0   1   6  45   3   0   1   3  96  64   0  39  38   1   2  23  77  12   0   1  29   1   0   0   9  
 1   0  16   1   1   1   2  94   0   0   1   0  49   0   1   0   1   1   0   0   1   1   1  54   0  26   0   1   0  70   0   0   0   1  47   0  76   4  40   1  17   1   9   0   1  19  63   1  63   1  15   1   0   1  15  84   1  14   0   5   1   6   4   1   0  26   1   1   1   5   3  14   1   1   1   1   0   3   1   3   1  17   2  15   1   1  22   7   1   1   0   0   6   0   0   1  73   5   0   0  
 3   1   0   1   1  11   1  66   1   1   0  52   1   3   1  12   1   8   1   0   1   3   0  45   0   1  24   1  17  15   0   1  22  81   1  38   0   0   1   0   0  15   2   1   1  32   0   0  21   1   6   0   1   0   9   0  15   5   1   0   1   1  16   1   0  17   0   0   1   6  21   0   0   0  15   0  92   1  53   0  27   1   0  42   1   1   0   0   1  15  38  25  27   0   0   1  62   1  68   0  
