100

 0   1   2   3   1   2   3   4   2   3   4   5   3   4   5   6   4   5   6   7   5   6   7   8   6   7   8   9   7   8   9  10   8   9  10  11   9  10  11  12  10  11  12  13  11  12  13  14  12  13  14  15  13  14  15  16  14  15  16  17  15  16  17  18  16  17  18  19  17  18  19  20  18  19  20  21  19  20  21  22  20  21  22  23  21  22  23  24  22  23  24  25  23  24  25  26  24  25  26  27  
 1   0   1   2   2   1   2   3   3   2   3   4   4   3   4   5   5   4   5   6   6   5   6   7   7   6   7   8   8   7   8   9   9   8   9  10  10   9  10  11  11  10  11  12  12  11  12  13  13  12  13  14  14  13  14  15  15  14  15  16  16  15  16  17  17  16  17  18  18  17  18  19  19  18  19  20  20  19  20  21  21  20  21  22  22  21  22  23  23  22  23  24  24  23  24  25  25  24  25  26  
 2   1   0   1   3   2   1   2   4   3   2   3   5   4   3   4   6   5   4   5   7   6   5   6   8   7   6   7   9   8   7   8  10   9   8   9  11  10   9  10  12  11  10  11  13  12  11  12  14  13  12  13  15  14  13  14  16  15  14  15  17  16  15  16  18  17  16  17  19  18  17  18  20  19  18  19  21  20  19  20  22  21  20  21  23  22  21  22  24  23  22  23  25  24  23  24  26  25  24  25  
 3   2   1   0   4   3   2   1   5   4   3   2   6   5   4   3   7   6   5   4   8   7   6   5   9   8   7   6  10   9   8   7  11  10   9   8  12  11  10   9  13  12  11  10  14  13  12  11  15  14  13  12  16  15  14  13  17  16  15  14  18  17  16  15  19  18  17  16  20  19  18  17  21  20  19  18  22  21  20  19  23  22  21  20  24  23  22  21  25  24  23  22  26  25  24  23  27  26  25  24  
 1   2   3   4   0   1   2   3   1   2   3   4   2   3   4   5   3   4   5   6   4   5   6   7   5   6   7   8   6   7   8   9   7   8   9  10   8   9  10  11   9  10  11  12  10  11  12  13  11  12  13  14  12  13  14  15  13  14  15  16  14  15  16  17  15  16  17  18  16  17  18  19  17  18  19  20  18  19  20  21  19  20  21  22  20  21  22  23  21  22  23  24  22  23  24  25  23  24  25  26  
 2   1   2   3   1   0   1   2   2   1   2   3   3   2   3   4   4   3   4   5   5   4   5   6   6   5   6   7   7   6   7   8   8   7   8   9   9   8   9  10  10   9  10  11  11  10  11  12  12  11  12  13  13  12  13  14  14  13  14  15  15  14  15  16  16  15  16  17  17  16  17  18  18  17  18  19  19  18  19  20  20  19  20  21  21  20  21  22  22  21  22  23  23  22  23  24  24  23  24  25  
 3   2   1   2   2   1   0   1   3   2   1   2   4   3   2   3   5   4   3   4   6   5   4   5   7   6   5   6   8   7   6   7   9   8   7   8  10   9   8   9  11  10   9  10  12  11  10  11  13  12  11  12  14  13  12  13  15  14  13  14  16  15  14  15  17  16  15  16  18  17  16  17  19  18  17  18  20  19  18  19  21  20  19  20  22  21  20  21  23  22  21  22  24  23  22  23  25  24  23  24  
 4   3   2   1   3   2   1   0   4   3   2   1   5   4   3   2   6   5   4   3   7   6   5   4   8   7   6   5   9   8   7   6  10   9   8   7  11  10   9   8  12  11  10   9  13  12  11  10  14  13  12  11  15  14  13  12  16  15  14  13  17  16  15  14  18  17  16  15  19  18  17  16  20  19  18  17  21  20  19  18  22  21  20  19  23  22  21  20  24  23  22  21  25  24  23  22  26  25  24  23  
 2   3   4   5   1   2   3   4   0   1   2   3   1   2   3   4   2   3   4   5   3   4   5   6   4   5   6   7   5   6   7   8   6   7   8   9   7   8   9  10   8   9  10  11   9  10  11  12  10  11  12  13  11  12  13  14  12  13  14  15  13  14  15  16  14  15  16  17  15  16  17  18  16  17  18  19  17  18  19  20  18  19  20  21  19  20  21  22  20  21  22  23  21  22  23  24  22  23  24  25  
 3   2   3   4   2   1   2   3   1   0   1   2   2   1   2   3   3   2   3   4   4   3   4   5   5   4   5   6   6   5   6   7   7   6   7   8   8   7   8   9   9   8   9  10  10   9  10  11  11  10  11  12  12  11  12  13  13  12  13  14  14  13  14  15  15  14  15  16  16  15  16  17  17  16  17  18  18  17  18  19  19  18  19  20  20  19  20  21  21  20  21  22  22  21  22  23  23  22  23  24  
 4   3   2   3   3   2   1   2   2   1   0   1   3   2   1   2   4   3   2   3   5   4   3   4   6   5   4   5   7   6   5   6   8   7   6   7   9   8   7   8  10   9   8   9  11  10   9  10  12  11  10  11  13  12  11  12  14  13  12  13  15  14  13  14  16  15  14  15  17  16  15  16  18  17  16  17  19  18  17  18  20  19  18  19  21  20  19  20  22  21  20  21  23  22  21  22  24  23  22  23  
 5   4   3   2   4   3   2   1   3   2   1   0   4   3   2   1   5   4   3   2   6   5   4   3   7   6   5   4   8   7   6   5   9   8   7   6  10   9   8   7  11  10   9   8  12  11  10   9  13  12  11  10  14  13  12  11  15  14  13  12  16  15  14  13  17  16  15  14  18  17  16  15  19  18  17  16  20  19  18  17  21  20  19  18  22  21  20  19  23  22  21  20  24  23  22  21  25  24  23  22  
 3   4   5   6   2   3   4   5   1   2   3   4   0   1   2   3   1   2   3   4   2   3   4   5   3   4   5   6   4   5   6   7   5   6   7   8   6   7   8   9   7   8   9  10   8   9  10  11   9  10  11  12  10  11  12  13  11  12  13  14  12  13  14  15  13  14  15  16  14  15  16  17  15  16  17  18  16  17  18  19  17  18  19  20  18  19  20  21  19  20  21  22  20  21  22  23  21  22  23  24  
 4   3   4   5   3   2   3   4   2   1   2   3   1   0   1   2   2   1   2   3   3   2   3   4   4   3   4   5   5   4   5   6   6   5   6   7   7   6   7   8   8   7   8   9   9   8   9  10  10   9  10  11  11  10  11  12  12  11  12  13  13  12  13  14  14  13  14  15  15  14  15  16  16  15  16  17  17  16  17  18  18  17  18  19  19  18  19  20  20  19  20  21  21  20  21  22  22  21  22  23  
 5   4   3   4   4   3   2   3   3   2   1   2   2   1   0   1   3   2   1   2   4   3   2   3   5   4   3   4   6   5   4   5   7   6   5   6   8   7   6   7   9   8   7   8  10   9   8   9  11  10   9  10  12  11  10  11  13  12  11  12  14  13  12  13  15  14  13  14  16  15  14  15  17  16  15  16  18  17  16  17  19  18  17  18  20  19  18  19  21  20  19  20  22  21  20  21  23  22  21  22  
 6   5   4   3   5   4   3   2   4   3   2   1   3   2   1   0   4   3   2   1   5   4   3   2   6   5   4   3   7   6   5   4   8   7   6   5   9   8   7   6  10   9   8   7  11  10   9   8  12  11  10   9  13  12  11  10  14  13  12  11  15  14  13  12  16  15  14  13  17  16  15  14  18  17  16  15  19  18  17  16  20  19  18  17  21  20  19  18  22  21  20  19  23  22  21  20  24  23  22  21  
 4   5   6   7   3   4   5   6   2   3   4   5   1   2   3   4   0   1   2   3   1   2   3   4   2   3   4   5   3   4   5   6   4   5   6   7   5   6   7   8   6   7   8   9   7   8   9  10   8   9  10  11   9  10  11  12  10  11  12  13  11  12  13  14  12  13  14  15  13  14  15  16  14  15  16  17  15  16  17  18  16  17  18  19  17  18  19  20  18  19  20  21  19  20  21  22  20  21  22  23  
 5   4   5   6   4   3   4   5   3   2   3   4   2   1   2   3   1   0   1   2   2   1   2   3   3   2   3   4   4   3   4   5   5   4   5   6   6   5   6   7   7   6   7   8   8   7   8   9   9   8   9  10  10   9  10  11  11  10  11  12  12  11  12  13  13  12  13  14  14  13  14  15  15  14  15  16  16  15  16  17  17  16  17  18  18  17  18  19  19  18  19  20  20  19  20  21  21  20  21  22  
 6   5   4   5   5   4   3   4   4   3   2   3   3   2   1   2   2   1   0   1   3   2   1   2   4   3   2   3   5   4   3   4   6   5   4   5   7   6   5   6   8   7   6   7   9   8   7   8  10   9   8   9  11  10   9  10  12  11  10  11  13  12  11  12  14  13  12  13  15  14  13  14  16  15  14  15  17  16  15  16  18  17  16  17  19  18  17  18  20  19  18  19  21  20  19  20  22  21  20  21  
 7   6   5   4   6   5   4   3   5   4   3   2   4   3   2   1   3   2   1   0   4   3   2   1   5   4   3   2   6   5   4   3   7   6   5   4   8   7   6   5   9   8   7   6  10   9   8   7  11  10   9   8  12  11  10   9  13  12  11  10  14  13  12  11  15  14  13  12  16  15  14  13  17  16  15  14  18  17  16  15  19  18  17  16  20  19  18  17  21  20  19  18  22  21  20  19  23  22  21  20  
 5   6   7   8   4   5   6   7   3   4   5   6   2   3   4   5   1   2   3   4   0   1   2   3   1   2   3   4   2   3   4   5   3   4   5   6   4   5   6   7   5   6   7   8   6   7   8   9   7   8   9  10   8   9  10  11   9  10  11  12  10  11  12  13  11  12  13  14  12  13  14  15  13  14  15  16  14  15  16  17  15  16  17  18  16  17  18  19  17  18  19  20  18  19  20  21  19  20  21  22  
 6   5   6   7   5   4   5   6   4   3   4   5   3   2   3   4   2   1   2   3   1   0   1   2   2   1   2   3   3   2   3   4   4   3   4   5   5   4   5   6   6   5   6   7   7   6   7   8   8   7   8   9   9   8   9  10  10   9  10  11  11  10  11  12  12  11  12  13  13  12  13  14  14  13  14  15  15  14  15  16  16  15  16  17  17  16  17  18  18  17  18  19  19  18  19  20  20  19  20  21  
 7   6   5   6   6   5   4   5   5   4   3   4   4   3   2   3   3   2   1   2   2   1   0   1   3   2   1   2   4   3   2   3   5   4   3   4   6   5   4   5   7   6   5   6   8   7   6   7   9   8   7   8  10   9   8   9  11  10   9  10  12  11  10  11  13  12  11  12  14  13  12  13  15  14  13  14  16  15  14  15  17  16  15  16  18  17  16  17  19  18  17  18  20  19  18  19  21  20  19  20  
 8   7   6   5   7   6   5   4   6   5   4   3   5   4   3   2   4   3   2   1   3   2   1   0   4   3   2   1   5   4   3   2   6   5   4   3   7   6   5   4   8   7   6   5   9   8   7   6  10   9   8   7  11  10   9   8  12  11  10   9  13  12  11  10  14  13  12  11  15  14  13  12  16  15  14  13  17  16  15  14  18  17  16  15  19  18  17  16  20  19  18  17  21  20  19  18  22  21  20  19  
 6   7   8   9   5   6   7   8   4   5   6   7   3   4   5   6   2   3   4   5   1   2   3   4   0   1   2   3   1   2   3   4   2   3   4   5   3   4   5   6   4   5   6   7   5   6   7   8   6   7   8   9   7   8   9  10   8   9  10  11   9  10  11  12  10  11  12  13  11  12  13  14  12  13  14  15  13  14  15  16  14  15  16  17  15  16  17  18  16  17  18  19  17  18  19  20  18  19  20  21  
 7   6   7   8   6   5   6   7   5   4   5   6   4   3   4   5   3   2   3   4   2   1   2   3   1   0   1   2   2   1   2   3   3   2   3   4   4   3   4   5   5   4   5   6   6   5   6   7   7   6   7   8   8   7   8   9   9   8   9  10  10   9  10  11  11  10  11  12  12  11  12  13  13  12  13  14  14  13  14  15  15  14  15  16  16  15  16  17  17  16  17  18  18  17  18  19  19  18  19  20  
 8   7   6   7   7   6   5   6   6   5   4   5   5   4   3   4   4   3   2   3   3   2   1   2   2   1   0   1   3   2   1   2   4   3   2   3   5   4   3   4   6   5   4   5   7   6   5   6   8   7   6   7   9   8   7   8  10   9   8   9  11  10   9  10  12  11  10  11  13  12  11  12  14  13  12  13  15  14  13  14  16  15  14  15  17  16  15  16  18  17  16  17  19  18  17  18  20  19  18  19  
 9   8   7   6   8   7   6   5   7   6   5   4   6   5   4   3   5   4   3   2   4   3   2   1   3   2   1   0   4   3   2   1   5   4   3   2   6   5   4   3   7   6   5   4   8   7   6   5   9   8   7   6  10   9   8   7  11  10   9   8  12  11  10   9  13  12  11  10  14  13  12  11  15  14  13  12  16  15  14  13  17  16  15  14  18  17  16  15  19  18  17  16  20  19  18  17  21  20  19  18  
 7   8   9  10   6   7   8   9   5   6   7   8   4   5   6   7   3   4   5   6   2   3   4   5   1   2   3   4   0   1   2   3   1   2   3   4   2   3   4   5   3   4   5   6   4   5   6   7   5   6   7   8   6   7   8   9   7   8   9  10   8   9  10  11   9  10  11  12  10  11  12  13  11  12  13  14  12  13  14  15  13  14  15  16  14  15  16  17  15  16  17  18  16  17  18  19  17  18  19  20  
 8   7   8   9   7   6   7   8   6   5   6   7   5   4   5   6   4   3   4   5   3   2   3   4   2   1   2   3   1   0   1   2   2   1   2   3   3   2   3   4   4   3   4   5   5   4   5   6   6   5   6   7   7   6   7   8   8   7   8   9   9   8   9  10  10   9  10  11  11  10  11  12  12  11  12  13  13  12  13  14  14  13  14  15  15  14  15  16  16  15  16  17  17  16  17  18  18  17  18  19  
 9   8   7   8   8   7   6   7   7   6   5   6   6   5   4   5   5   4   3   4   4   3   2   3   3   2   1   2   2   1   0   1   3   2   1   2   4   3   2   3   5   4   3   4   6   5   4   5   7   6   5   6   8   7   6   7   9   8   7   8  10   9   8   9  11  10   9  10  12  11  10  11  13  12  11  12  14  13  12  13  15  14  13  14  16  15  14  15  17  16  15  16  18  17  16  17  19  18  17  18  
10   9   8   7   9   8   7   6   8   7   6   5   7   6   5   4   6   5   4   3   5   4   3   2   4   3   2   1   3   2   1   0   4   3   2   1   5   4   3   2   6   5   4   3   7   6   5   4   8   7   6   5   9   8   7   6  10   9   8   7  11  10   9   8  12  11  10   9  13  12  11  10  14  13  12  11  15  14  13  12  16  15  14  13  17  16  15  14  18  17  16  15  19  18  17  16  20  19  18  17  
 8   9  10  11   7   8   9  10   6   7   8   9   5   6   7   8   4   5   6   7   3   4   5   6   2   3   4   5   1   2   3   4   0   1   2   3   1   2   3   4   2   3   4   5   3   4   5   6   4   5   6   7   5   6   7   8   6   7   8   9   7   8   9  10   8   9  10  11   9  10  11  12  10  11  12  13  11  12  13  14  12  13  14  15  13  14  15  16  14  15  16  17  15  16  17  18  16  17  18  19  
 9   8   9  10   8   7   8   9   7   6   7   8   6   5   6   7   5   4   5   6   4   3   4   5   3   2   3   4   2   1   2   3   1   0   1   2   2   1   2   3   3   2   3   4   4   3   4   5   5   4   5   6   6   5   6   7   7   6   7   8   8   7   8   9   9   8   9  10  10   9  10  11  11  10  11  12  12  11  12  13  13  12  13  14  14  13  14  15  15  14  15  16  16  15  16  17  17  16  17  18  
10   9   8   9   9   8   7   8   8   7   6   7   7   6   5   6   6   5   4   5   5   4   3   4   4   3   2   3   3   2   1   2   2   1   0   1   3   2   1   2   4   3   2   3   5   4   3   4   6   5   4   5   7   6   5   6   8   7   6   7   9   8   7   8  10   9   8   9  11  10   9  10  12  11  10  11  13  12  11  12  14  13  12  13  15  14  13  14  16  15  14  15  17  16  15  16  18  17  16  17  
11  10   9   8  10   9   8   7   9   8   7   6   8   7   6   5   7   6   5   4   6   5   4   3   5   4   3   2   4   3   2   1   3   2   1   0   4   3   2   1   5   4   3   2   6   5   4   3   7   6   5   4   8   7   6   5   9   8   7   6  10   9   8   7  11  10   9   8  12  11  10   9  13  12  11  10  14  13  12  11  15  14  13  12  16  15  14  13  17  16  15  14  18  17  16  15  19  18  17  16  
 9  10  11  12   8   9  10  11   7   8   9  10   6   7   8   9   5   6   7   8   4   5   6   7   3   4   5   6   2   3   4   5   1   2   3   4   0   1   2   3   1   2   3   4   2   3   4   5   3   4   5   6   4   5   6   7   5   6   7   8   6   7   8   9   7   8   9  10   8   9  10  11   9  10  11  12  10  11  12  13  11  12  13  14  12  13  14  15  13  14  15  16  14  15  16  17  15  16  17  18  
10   9  10  11   9   8   9  10   8   7   8   9   7   6   7   8   6   5   6   7   5   4   5   6   4   3   4   5   3   2   3   4   2   1   2   3   1   0   1   2   2   1   2   3   3   2   3   4   4   3   4   5   5   4   5   6   6   5   6   7   7   6   7   8   8   7   8   9   9   8   9  10  10   9  10  11  11  10  11  12  12  11  12  13  13  12  13  14  14  13  14  15  15  14  15  16  16  15  16  17  
11  10   9  10  10   9   8   9   9   8   7   8   8   7   6   7   7   6   5   6   6   5   4   5   5   4   3   4   4   3   2   3   3   2   1   2   2   1   0   1   3   2   1   2   4   3   2   3   5   4   3   4   6   5   4   5   7   6   5   6   8   7   6   7   9   8   7   8  10   9   8   9  11  10   9  10  12  11  10  11  13  12  11  12  14  13  12  13  15  14  13  14  16  15  14  15  17  16  15  16  
12  11  10   9  11  10   9   8  10   9   8   7   9   8   7   6   8   7   6   5   7   6   5   4   6   5   4   3   5   4   3   2   4   3   2   1   3   2   1   0   4   3   2   1   5   4   3   2   6   5   4   3   7   6   5   4   8   7   6   5   9   8   7   6  10   9   8   7  11  10   9   8  12  11  10   9  13  12  11  10  14  13  12  11  15  14  13  12  16  15  14  13  17  16  15  14  18  17  16  15  
10  11  12  13   9  10  11  12   8   9  10  11   7   8   9  10   6   7   8   9   5   6   7   8   4   5   6   7   3   4   5   6   2   3   4   5   1   2   3   4   0   1   2   3   1   2   3   4   2   3   4   5   3   4   5   6   4   5   6   7   5   6   7   8   6   7   8   9   7   8   9  10   8   9  10  11   9  10  11  12  10  11  12  13  11  12  13  14  12  13  14  15  13  14  15  16  14  15  16  17  
11  10  11  12  10   9  10  11   9   8   9  10   8   7   8   9   7   6   7   8   6   5   6   7   5   4   5   6   4   3   4   5   3   2   3   4   2   1   2   3   1   0   1   2   2   1   2   3   3   2   3   4   4   3   4   5   5   4   5   6   6   5   6   7   7   6   7   8   8   7   8   9   9   8   9  10  10   9  10  11  11  10  11  12  12  11  12  13  13  12  13  14  14  13  14  15  15  14  15  16  
12  11  10  11  11  10   9  10  10   9   8   9   9   8   7   8   8   7   6   7   7   6   5   6   6   5   4   5   5   4   3   4   4   3   2   3   3   2   1   2   2   1   0   1   3   2   1   2   4   3   2   3   5   4   3   4   6   5   4   5   7   6   5   6   8   7   6   7   9   8   7   8  10   9   8   9  11  10   9  10  12  11  10  11  13  12  11  12  14  13  12  13  15  14  13  14  16  15  14  15  
13  12  11  10  12  11  10   9  11  10   9   8  10   9   8   7   9   8   7   6   8   7   6   5   7   6   5   4   6   5   4   3   5   4   3   2   4   3   2   1   3   2   1   0   4   3   2   1   5   4   3   2   6   5   4   3   7   6   5   4   8   7   6   5   9   8   7   6  10   9   8   7  11  10   9   8  12  11  10   9  13  12  11  10  14  13  12  11  15  14  13  12  16  15  14  13  17  16  15  14  
11  12  13  14  10  11  12  13   9  10  11  12   8   9  10  11   7   8   9  10   6   7   8   9   5   6   7   8   4   5   6   7   3   4   5   6   2   3   4   5   1   2   3   4   0   1   2   3   1   2   3   4   2   3   4   5   3   4   5   6   4   5   6   7   5   6   7   8   6   7   8   9   7   8   9  10   8   9  10  11   9  10  11  12  10  11  12  13  11  12  13  14  12  13  14  15  13  14  15  16  
12  11  12  13  11  10  11  12  10   9  10  11   9   8   9  10   8   7   8   9   7   6   7   8   6   5   6   7   5   4   5   6   4   3   4   5   3   2   3   4   2   1   2   3   1   0   1   2   2   1   2   3   3   2   3   4   4   3   4   5   5   4   5   6   6   5   6   7   7   6   7   8   8   7   8   9   9   8   9  10  10   9  10  11  11  10  11  12  12  11  12  13  13  12  13  14  14  13  14  15  
13  12  11  12  12  11  10  11  11  10   9  10  10   9   8   9   9   8   7   8   8   7   6   7   7   6   5   6   6   5   4   5   5   4   3   4   4   3   2   3   3   2   1   2   2   1   0   1   3   2   1   2   4   3   2   3   5   4   3   4   6   5   4   5   7   6   5   6   8   7   6   7   9   8   7   8  10   9   8   9  11  10   9  10  12  11  10  11  13  12  11  12  14  13  12  13  15  14  13  14  
14  13  12  11  13  12  11  10  12  11  10   9  11  10   9   8  10   9   8   7   9   8   7   6   8   7   6   5   7   6   5   4   6   5   4   3   5   4   3   2   4   3   2   1   3   2   1   0   4   3   2   1   5   4   3   2   6   5   4   3   7   6   5   4   8   7   6   5   9   8   7   6  10   9   8   7  11  10   9   8  12  11  10   9  13  12  11  10  14  13  12  11  15  14  13  12  16  15  14  13  
12  13  14  15  11  12  13  14  10  11  12  13   9  10  11  12   8   9  10  11   7   8   9  10   6   7   8   9   5   6   7   8   4   5   6   7   3   4   5   6   2   3   4   5   1   2   3   4   0   1   2   3   1   2   3   4   2   3   4   5   3   4   5   6   4   5   6   7   5   6   7   8   6   7   8   9   7   8   9  10   8   9  10  11   9  10  11  12  10  11  12  13  11  12  13  14  12  13  14  15  
13  12  13  14  12  11  12  13  11  10  11  12  10   9  10  11   9   8   9  10   8   7   8   9   7   6   7   8   6   5   6   7   5   4   5   6   4   3   4   5   3   2   3   4   2   1   2   3   1   0   1   2   2   1   2   3   3   2   3   4   4   3   4   5   5   4   5   6   6   5   6   7   7   6   7   8   8   7   8   9   9   8   9  10  10   9  10  11  11  10  11  12  12  11  12  13  13  12  13  14  
14  13  12  13  13  12  11  12  12  11  10  11  11  10   9  10  10   9   8   9   9   8   7   8   8   7   6   7   7   6   5   6   6   5   4   5   5   4   3   4   4   3   2   3   3   2   1   2   2   1   0   1   3   2   1   2   4   3   2   3   5   4   3   4   6   5   4   5   7   6   5   6   8   7   6   7   9   8   7   8  10   9   8   9  11  10   9  10  12  11  10  11  13  12  11  12  14  13  12  13  
15  14  13  12  14  13  12  11  13  12  11  10  12  11  10   9  11  10   9   8  10   9   8   7   9   8   7   6   8   7   6   5   7   6   5   4   6   5   4   3   5   4   3   2   4   3   2   1   3   2   1   0   4   3   2   1   5   4   3   2   6   5   4   3   7   6   5   4   8   7   6   5   9   8   7   6  10   9   8   7  11  10   9   8  12  11  10   9  13  12  11  10  14  13  12  11  15  14  13  12  
13  14  15  16  12  13  14  15  11  12  13  14  10  11  12  13   9  10  11  12   8   9  10  11   7   8   9  10   6   7   8   9   5   6   7   8   4   5   6   7   3   4   5   6   2   3   4   5   1   2   3   4   0   1   2   3   1   2   3   4   2   3   4   5   3   4   5   6   4   5   6   7   5   6   7   8   6   7   8   9   7   8   9  10   8   9  10  11   9  10  11  12  10  11  12  13  11  12  13  14  
14  13  14  15  13  12  13  14  12  11  12  13  11  10  11  12  10   9  10  11   9   8   9  10   8   7   8   9   7   6   7   8   6   5   6   7   5   4   5   6   4   3   4   5   3   2   3   4   2   1   2   3   1   0   1   2   2   1   2   3   3   2   3   4   4   3   4   5   5   4   5   6   6   5   6   7   7   6   7   8   8   7   8   9   9   8   9  10  10   9  10  11  11  10  11  12  12  11  12  13  
15  14  13  14  14  13  12  13  13  12  11  12  12  11  10  11  11  10   9  10  10   9   8   9   9   8   7   8   8   7   6   7   7   6   5   6   6   5   4   5   5   4   3   4   4   3   2   3   3   2   1   2   2   1   0   1   3   2   1   2   4   3   2   3   5   4   3   4   6   5   4   5   7   6   5   6   8   7   6   7   9   8   7   8  10   9   8   9  11  10   9  10  12  11  10  11  13  12  11  12  
16  15  14  13  15  14  13  12  14  13  12  11  13  12  11  10  12  11  10   9  11  10   9   8  10   9   8   7   9   8   7   6   8   7   6   5   7   6   5   4   6   5   4   3   5   4   3   2   4   3   2   1   3   2   1   0   4   3   2   1   5   4   3   2   6   5   4   3   7   6   5   4   8   7   6   5   9   8   7   6  10   9   8   7  11  10   9   8  12  11  10   9  13  12  11  10  14  13  12  11  
14  15  16  17  13  14  15  16  12  13  14  15  11  12  13  14  10  11  12  13   9  10  11  12   8   9  10  11   7   8   9  10   6   7   8   9   5   6   7   8   4   5   6   7   3   4   5   6   2   3   4   5   1   2   3   4   0   1   2   3   1   2   3   4   2   3   4   5   3   4   5   6   4   5   6   7   5   6   7   8   6   7   8   9   7   8   9  10   8   9  10  11   9  10  11  12  10  11  12  13  
15  14  15  16  14  13  14  15  13  12  13  14  12  11  12  13  11  10  11  12  10   9  10  11   9   8   9  10   8   7   8   9   7   6   7   8   6   5   6   7   5   4   5   6   4   3   4   5   3   2   3   4   2   1   2   3   1   0   1   2   2   1   2   3   3   2   3   4   4   3   4   5   5   4   5   6   6   5   6   7   7   6   7   8   8   7   8   9   9   8   9  10  10   9  10  11  11  10  11  12  
16  15  14  15  15  14  13  14  14  13  12  13  13  12  11  12  12  11  10  11  11  10   9  10  10   9   8   9   9   8   7   8   8   7   6   7   7   6   5   6   6   5   4   5   5   4   3   4   4   3   2   3   3   2   1   2   2   1   0   1   3   2   1   2   4   3   2   3   5   4   3   4   6   5   4   5   7   6   5   6   8   7   6   7   9   8   7   8  10   9   8   9  11  10   9  10  12  11  10  11  
17  16  15  14  16  15  14  13  15  14  13  12  14  13  12  11  13  12  11  10  12  11  10   9  11  10   9   8  10   9   8   7   9   8   7   6   8   7   6   5   7   6   5   4   6   5   4   3   5   4   3   2   4   3   2   1   3   2   1   0   4   3   2   1   5   4   3   2   6   5   4   3   7   6   5   4   8   7   6   5   9   8   7   6  10   9   8   7  11  10   9   8  12  11  10   9  13  12  11  10  
15  16  17  18  14  15  16  17  13  14  15  16  12  13  14  15  11  12  13  14  10  11  12  13   9  10  11  12   8   9  10  11   7   8   9  10   6   7   8   9   5   6   7   8   4   5   6   7   3   4   5   6   2   3   4   5   1   2   3   4   0   1   2   3   1   2   3   4   2   3   4   5   3   4   5   6   4   5   6   7   5   6   7   8   6   7   8   9   7   8   9  10   8   9  10  11   9  10  11  12  
16  15  16  17  15  14  15  16  14  13  14  15  13  12  13  14  12  11  12  13  11  10  11  12  10   9  10  11   9   8   9  10   8   7   8   9   7   6   7   8   6   5   6   7   5   4   5   6   4   3   4   5   3   2   3   4   2   1   2   3   1   0   1   2   2   1   2   3   3   2   3   4   4   3   4   5   5   4   5   6   6   5   6   7   7   6   7   8   8   7   8   9   9   8   9  10  10   9  10  11  
17  16  15  16  16  15  14  15  15  14  13  14  14  13  12  13  13  12  11  12  12  11  10  11  11  10   9  10  10   9   8   9   9   8   7   8   8   7   6   7   7   6   5   6   6   5   4   5   5   4   3   4   4   3   2   3   3   2   1   2   2   1   0   1   3   2   1   2   4   3   2   3   5   4   3   4   6   5   4   5   7   6   5   6   8   7   6   7   9   8   7   8  10   9   8   9  11  10   9  10  
18  17  16  15  17  16  15  14  16  15  14  13  15  14  13  12  14  13  12  11  13  12  11  10  12  11  10   9  11  10   9   8  10   9   8   7   9   8   7   6   8   7   6   5   7   6   5   4   6   5   4   3   5   4   3   2   4   3   2   1   3   2   1   0   4   3   2   1   5   4   3   2   6   5   4   3   7   6   5   4   8   7   6   5   9   8   7   6  10   9   8   7  11  10   9   8  12  11  10   9  
16  17  18  19  15  16  17  18  14  15  16  17  13  14  15  16  12  13  14  15  11  12  13  14  10  11  12  13   9  10  11  12   8   9  10  11   7   8   9  10   6   7   8   9   5   6   7   8   4   5   6   7   3   4   5   6   2   3   4   5   1   2   3   4   0   1   2   3   1   2   3   4   2   3   4   5   3   4   5   6   4   5   6   7   5   6   7   8   6   7   8   9   7   8   9  10   8   9  10  11  
17  16  17  18  16  15  16  17  15  14  15  16  14  13  14  15  13  12  13  14  12  11  12  13  11  10  11  12  10   9  10  11   9   8   9  10   8   7   8   9   7   6   7   8   6   5   6   7   5   4   5   6   4   3   4   5   3   2   3   4   2   1   2   3   1   0   1   2   2   1   2   3   3   2   3   4   4   3   4   5   5   4   5   6   6   5   6   7   7   6   7   8   8   7   8   9   9   8   9  10  
18  17  16  17  17  16  15  16  16  15  14  15  15  14  13  14  14  13  12  13  13  12  11  12  12  11  10  11  11  10   9  10  10   9   8   9   9   8   7   8   8   7   6   7   7   6   5   6   6   5   4   5   5   4   3   4   4   3   2   3   3   2   1   2   2   1   0   1   3   2   1   2   4   3   2   3   5   4   3   4   6   5   4   5   7   6   5   6   8   7   6   7   9   8   7   8  10   9   8   9  
19  18  17  16  18  17  16  15  17  16  15  14  16  15  14  13  15  14  13  12  14  13  12  11  13  12  11  10  12  11  10   9  11  10   9   8  10   9   8   7   9   8   7   6   8   7   6   5   7   6   5   4   6   5   4   3   5   4   3   2   4   3   2   1   3   2   1   0   4   3   2   1   5   4   3   2   6   5   4   3   7   6   5   4   8   7   6   5   9   8   7   6  10   9   8   7  11  10   9   8  
17  18  19  20  16  17  18  19  15  16  17  18  14  15  16  17  13  14  15  16  12  13  14  15  11  12  13  14  10  11  12  13   9  10  11  12   8   9  10  11   7   8   9  10   6   7   8   9   5   6   7   8   4   5   6   7   3   4   5   6   2   3   4   5   1   2   3   4   0   1   2   3   1   2   3   4   2   3   4   5   3   4   5   6   4   5   6   7   5   6   7   8   6   7   8   9   7   8   9  10  
18  17  18  19  17  16  17  18  16  15  16  17  15  14  15  16  14  13  14  15  13  12  13  14  12  11  12  13  11  10  11  12  10   9  10  11   9   8   9  10   8   7   8   9   7   6   7   8   6   5   6   7   5   4   5   6   4   3   4   5   3   2   3   4   2   1   2   3   1   0   1   2   2   1   2   3   3   2   3   4   4   3   4   5   5   4   5   6   6   5   6   7   7   6   7   8   8   7   8   9  
19  18  17  18  18  17  16  17  17  16  15  16  16  15  14  15  15  14  13  14  14  13  12  13  13  12  11  12  12  11  10  11  11  10   9  10  10   9   8   9   9   8   7   8   8   7   6   7   7   6   5   6   6   5   4   5   5   4   3   4   4   3   2   3   3   2   1   2   2   1   0   1   3   2   1   2   4   3   2   3   5   4   3   4   6   5   4   5   7   6   5   6   8   7   6   7   9   8   7   8  
20  19  18  17  19  18  17  16  18  17  16  15  17  16  15  14  16  15  14  13  15  14  13  12  14  13  12  11  13  12  11  10  12  11  10   9  11  10   9   8  10   9   8   7   9   8   7   6   8   7   6   5   7   6   5   4   6   5   4   3   5   4   3   2   4   3   2   1   3   2   1   0   4   3   2   1   5   4   3   2   6   5   4   3   7   6   5   4   8   7   6   5   9   8   7   6  10   9   8   7  
18  19  20  21  17  18  19  20  16  17  18  19  15  16  17  18  14  15  16  17  13  14  15  16  12  13  14  15  11  12  13  14  10  11  12  13   9  10  11  12   8   9  10  11   7   8   9  10   6   7   8   9   5   6   7   8   4   5   6   7   3   4   5   6   2   3   4   5   1   2   3   4   0   1   2   3   1   2   3   4   2   3   4   5   3   4   5   6   4   5   6   7   5   6   7   8   6   7   8   9  
19  18  19  20  18  17  18  19  17  16  17  18  16  15  16  17  15  14  15  16  14  13  14  15  13  12  13  14  12  11  12  13  11  10  11  12  10   9  10  11   9   8   9  10   8   7   8   9   7   6   7   8   6   5   6   7   5   4   5   6   4   3   4   5   3   2   3   4   2   1   2   3   1   0   1   2   2   1   2   3   3   2   3   4   4   3   4   5   5   4   5   6   6   5   6   7   7   6   7   8  
20  19  18  19  19  18  17  18  18  17  16  17  17  16  15  16  16  15  14  15  15  14  13  14  14  13  12  13  13  12  11  12  12  11  10  11  11  10   9  10  10   9   8   9   9   8   7   8   8   7   6   7   7   6   5   6   6   5   4   5   5   4   3   4   4   3   2   3   3   2   1   2   2   1   0   1   3   2   1   2   4   3   2   3   5   4   3   4   6   5   4   5   7   6   5   6   8   7   6   7  
21  20  19  18  20  19  18  17  19  18  17  16  18  17  16  15  17  16  15  14  16  15  14  13  15  14  13  12  14  13  12  11  13  12  11  10  12  11  10   9  11  10   9   8  10   9   8   7   9   8   7   6   8   7   6   5   7   6   5   4   6   5   4   3   5   4   3   2   4   3   2   1   3   2   1   0   4   3   2   1   5   4   3   2   6   5   4   3   7   6   5   4   8   7   6   5   9   8   7   6  
19  20  21  22  18  19  20  21  17  18  19  20  16  17  18  19  15  16  17  18  14  15  16  17  13  14  15  16  12  13  14  15  11  12  13  14  10  11  12  13   9  10  11  12   8   9  10  11   7   8   9  10   6   7   8   9   5   6   7   8   4   5   6   7   3   4   5   6   2   3   4   5   1   2   3   4   0   1   2   3   1   2   3   4   2   3   4   5   3   4   5   6   4   5   6   7   5   6   7   8  
20  19  20  21  19  18  19  20  18  17  18  19  17  16  17  18  16  15  16  17  15  14  15  16  14  13  14  15  13  12  13  14  12  11  12  13  11  10  11  12  10   9  10  11   9   8   9  10   8   7   8   9   7   6   7   8   6   5   6   7   5   4   5   6   4   3   4   5   3   2   3   4   2   1   2   3   1   0   1   2   2   1   2   3   3   2   3   4   4   3   4   5   5   4   5   6   6   5   6   7  
21  20  19  20  20  19  18  19  19  18  17  18  18  17  16  17  17  16  15  16  16  15  14  15  15  14  13  14  14  13  12  13  13  12  11  12  12  11  10  11  11  10   9  10  10   9   8   9   9   8   7   8   8   7   6   7   7   6   5   6   6   5   4   5   5   4   3   4   4   3   2   3   3   2   1   2   2   1   0   1   3   2   1   2   4   3   2   3   5   4   3   4   6   5   4   5   7   6   5   6  
22  21  20  19  21  20  19  18  20  19  18  17  19  18  17  16  18  17  16  15  17  16  15  14  16  15  14  13  15  14  13  12  14  13  12  11  13  12  11  10  12  11  10   9  11  10   9   8  10   9   8   7   9   8   7   6   8   7   6   5   7   6   5   4   6   5   4   3   5   4   3   2   4   3   2   1   3   2   1   0   4   3   2   1   5   4   3   2   6   5   4   3   7   6   5   4   8   7   6   5  
20  21  22  23  19  20  21  22  18  19  20  21  17  18  19  20  16  17  18  19  15  16  17  18  14  15  16  17  13  14  15  16  12  13  14  15  11  12  13  14  10  11  12  13   9  10  11  12   8   9  10  11   7   8   9  10   6   7   8   9   5   6   7   8   4   5   6   7   3   4   5   6   2   3   4   5   1   2   3   4   0   1   2   3   1   2   3   4   2   3   4   5   3   4   5   6   4   5   6   7  
21  20  21  22  20  19  20  21  19  18  19  20  18  17  18  19  17  16  17  18  16  15  16  17  15  14  15  16  14  13  14  15  13  12  13  14  12  11  12  13  11  10  11  12  10   9  10  11   9   8   9  10   8   7   8   9   7   6   7   8   6   5   6   7   5   4   5   6   4   3   4   5   3   2   3   4   2   1   2   3   1   0   1   2   2   1   2   3   3   2   3   4   4   3   4   5   5   4   5   6  
22  21  20  21  21  20  19  20  20  19  18  19  19  18  17  18  18  17  16  17  17  16  15  16  16  15  14  15  15  14  13  14  14  13  12  13  13  12  11  12  12  11  10  11  11  10   9  10  10   9   8   9   9   8   7   8   8   7   6   7   7   6   5   6   6   5   4   5   5   4   3   4   4   3   2   3   3   2   1   2   2   1   0   1   3   2   1   2   4   3   2   3   5   4   3   4   6   5   4   5  
23  22  21  20  22  21  20  19  21  20  19  18  20  19  18  17  19  18  17  16  18  17  16  15  17  16  15  14  16  15  14  13  15  14  13  12  14  13  12  11  13  12  11  10  12  11  10   9  11  10   9   8  10   9   8   7   9   8   7   6   8   7   6   5   7   6   5   4   6   5   4   3   5   4   3   2   4   3   2   1   3   2   1   0   4   3   2   1   5   4   3   2   6   5   4   3   7   6   5   4  
21  22  23  24  20  21  22  23  19  20  21  22  18  19  20  21  17  18  19  20  16  17  18  19  15  16  17  18  14  15  16  17  13  14  15  16  12  13  14  15  11  12  13  14  10  11  12  13   9  10  11  12   8   9  10  11   7   8   9  10   6   7   8   9   5   6   7   8   4   5   6   7   3   4   5   6   2   3   4   5   1   2   3   4   0   1   2   3   1   2   3   4   2   3   4   5   3   4   5   6  
22  21  22  23  21  20  21  22  20  19  20  21  19  18  19  20  18  17  18  19  17  16  17  18  16  15  16  17  15  14  15  16  14  13  14  15  13  12  13  14  12  11  12  13  11  10  11  12  10   9  10  11   9   8   9  10   8   7   8   9   7   6   7   8   6   5   6   7   5   4   5   6   4   3   4   5   3   2   3   4   2   1   2   3   1   0   1   2   2   1   2   3   3   2   3   4   4   3   4   5  
23  22  21  22  22  21  20  21  21  20  19  20  20  19  18  19  19  18  17  18  18  17  16  17  17  16  15  16  16  15  14  15  15  14  13  14  14  13  12  13  13  12  11  12  12  11  10  11  11  10   9  10  10   9   8   9   9   8   7   8   8   7   6   7   7   6   5   6   6   5   4   5   5   4   3   4   4   3   2   3   3   2   1   2   2   1   0   1   3   2   1   2   4   3   2   3   5   4   3   4  
24  23  22  21  23  22  21  20  22  21  20  19  21  20  19  18  20  19  18  17  19  18  17  16  18  17  16  15  17  16  15  14  16  15  14  13  15  14  13  12  14  13  12  11  13  12  11  10  12  11  10   9  11  10   9   8  10   9   8   7   9   8   7   6   8   7   6   5   7   6   5   4   6   5   4   3   5   4   3   2   4   3   2   1   3   2   1   0   4   3   2   1   5   4   3   2   6   5   4   3  
22  23  24  25  21  22  23  24  20  21  22  23  19  20  21  22  18  19  20  21  17  18  19  20  16  17  18  19  15  16  17  18  14  15  16  17  13  14  15  16  12  13  14  15  11  12  13  14  10  11  12  13   9  10  11  12   8   9  10  11   7   8   9  10   6   7   8   9   5   6   7   8   4   5   6   7   3   4   5   6   2   3   4   5   1   2   3   4   0   1   2   3   1   2   3   4   2   3   4   5  
23  22  23  24  22  21  22  23  21  20  21  22  20  19  20  21  19  18  19  20  18  17  18  19  17  16  17  18  16  15  16  17  15  14  15  16  14  13  14  15  13  12  13  14  12  11  12  13  11  10  11  12  10   9  10  11   9   8   9  10   8   7   8   9   7   6   7   8   6   5   6   7   5   4   5   6   4   3   4   5   3   2   3   4   2   1   2   3   1   0   1   2   2   1   2   3   3   2   3   4  
24  23  22  23  23  22  21  22  22  21  20  21  21  20  19  20  20  19  18  19  19  18  17  18  18  17  16  17  17  16  15  16  16  15  14  15  15  14  13  14  14  13  12  13  13  12  11  12  12  11  10  11  11  10   9  10  10   9   8   9   9   8   7   8   8   7   6   7   7   6   5   6   6   5   4   5   5   4   3   4   4   3   2   3   3   2   1   2   2   1   0   1   3   2   1   2   4   3   2   3  
25  24  23  22  24  23  22  21  23  22  21  20  22  21  20  19  21  20  19  18  20  19  18  17  19  18  17  16  18  17  16  15  17  16  15  14  16  15  14  13  15  14  13  12  14  13  12  11  13  12  11  10  12  11  10   9  11  10   9   8  10   9   8   7   9   8   7   6   8   7   6   5   7   6   5   4   6   5   4   3   5   4   3   2   4   3   2   1   3   2   1   0   4   3   2   1   5   4   3   2  
23  24  25  26  22  23  24  25  21  22  23  24  20  21  22  23  19  20  21  22  18  19  20  21  17  18  19  20  16  17  18  19  15  16  17  18  14  15  16  17  13  14  15  16  12  13  14  15  11  12  13  14  10  11  12  13   9  10  11  12   8   9  10  11   7   8   9  10   6   7   8   9   5   6   7   8   4   5   6   7   3   4   5   6   2   3   4   5   1   2   3   4   0   1   2   3   1   2   3   4  
24  23  24  25  23  22  23  24  22  21  22  23  21  20  21  22  20  19  20  21  19  18  19  20  18  17  18  19  17  16  17  18  16  15  16  17  15  14  15  16  14  13  14  15  13  12  13  14  12  11  12  13  11  10  11  12  10   9  10  11   9   8   9  10   8   7   8   9   7   6   7   8   6   5   6   7   5   4   5   6   4   3   4   5   3   2   3   4   2   1   2   3   1   0   1   2   2   1   2   3  
25  24  23  24  24  23  22  23  23  22  21  22  22  21  20  21  21  20  19  20  20  19  18  19  19  18  17  18  18  17  16  17  17  16  15  16  16  15  14  15  15  14  13  14  14  13  12  13  13  12  11  12  12  11  10  11  11  10   9  10  10   9   8   9   9   8   7   8   8   7   6   7   7   6   5   6   6   5   4   5   5   4   3   4   4   3   2   3   3   2   1   2   2   1   0   1   3   2   1   2  
26  25  24  23  25  24  23  22  24  23  22  21  23  22  21  20  22  21  20  19  21  20  19  18  20  19  18  17  19  18  17  16  18  17  16  15  17  16  15  14  16  15  14  13  15  14  13  12  14  13  12  11  13  12  11  10  12  11  10   9  11  10   9   8  10   9   8   7   9   8   7   6   8   7   6   5   7   6   5   4   6   5   4   3   5   4   3   2   4   3   2   1   3   2   1   0   4   3   2   1  
24  25  26  27  23  24  25  26  22  23  24  25  21  22  23  24  20  21  22  23  19  20  21  22  18  19  20  21  17  18  19  20  16  17  18  19  15  16  17  18  14  15  16  17  13  14  15  16  12  13  14  15  11  12  13  14  10  11  12  13   9  10  11  12   8   9  10  11   7   8   9  10   6   7   8   9   5   6   7   8   4   5   6   7   3   4   5   6   2   3   4   5   1   2   3   4   0   1   2   3  
25  24  25  26  24  23  24  25  23  22  23  24  22  21  22  23  21  20  21  22  20  19  20  21  19  18  19  20  18  17  18  19  17  16  17  18  16  15  16  17  15  14  15  16  14  13  14  15  13  12  13  14  12  11  12  13  11  10  11  12  10   9  10  11   9   8   9  10   8   7   8   9   7   6   7   8   6   5   6   7   5   4   5   6   4   3   4   5   3   2   3   4   2   1   2   3   1   0   1   2  
26  25  24  25  25  24  23  24  24  23  22  23  23  22  21  22  22  21  20  21  21  20  19  20  20  19  18  19  19  18  17  18  18  17  16  17  17  16  15  16  16  15  14  15  15  14  13  14  14  13  12  13  13  12  11  12  12  11  10  11  11  10   9  10  10   9   8   9   9   8   7   8   8   7   6   7   7   6   5   6   6   5   4   5   5   4   3   4   4   3   2   3   3   2   1   2   2   1   0   1  
27  26  25  24  26  25  24  23  25  24  23  22  24  23  22  21  23  22  21  20  22  21  20  19  21  20  19  18  20  19  18  17  19  18  17  16  18  17  16  15  17  16  15  14  16  15  14  13  15  14  13  12  14  13  12  11  13  12  11  10  12  11  10   9  11  10   9   8  10   9   8   7   9   8   7   6   8   7   6   5   7   6   5   4   6   5   4   3   5   4   3   2   4   3   2   1   3   2   1   0  

 0   1   0  30   0   0   0   1   0   1   0   1   0   0   0   3   0   0   1   0  85   2   0   0   0   0   0   0   1  91   1   0   1  11   0   0   0   1   1   0   0   0   0   1  46   2   0   1   0   0   0   5   1  16   0   0   0   1   0   1   0   0   1   0   0  23   0   1   0   1   0  50   1   0   0   1   2   0   0   1   0  12   1   0   0   0   0   0   0   0   1   0   0   0   0   0   1   0   0   0  
 0   0   0   0   0   1   0   0   1   0   0   0   0   0   0   0   0   0   0   9   0  36   0   0   0   0   1   1   0   0   1   1  17   1   0   0  90   0   0   0   0   0   0   0   0   1   1   0   0   1   3   0   1  33   1   0   0   1   0   0   1   1   8   0   0   1   0   0   0   3   5   0  17   0   0   0   1  23   1   0   0   0   0   0   0   0  13   2   0   0   0   0   0   0  27   0   0   0   0   0  
 0   0   0   0  32   1   1   1   1   0   0   0   0   2   1   1   0   0   0   0   0   0   0   0  73   0   0   0   0  12   0   1   0   1   0   1   0   1   1   0   0   0   0   0  15  11   2   8   3   0   0   0   1   0   0   0  10  12   0   0   0   0   0   0   1   0   0   0   6   0   5   0  67   0   0   0   0   0   0   3   0  94   0   0   0   0   0   0   0   0   0   0   0   0   0   0   0   0   0  76  
 0   0   0   0   0   0   0   0   1   0   0   0  44   1   0   0  11   1   0   0   0   0   0   0   0   0   0   0   0   0   6   0   0   0   0   0  27   0  68   0   0   1   0   0   0   2   7   1   0   0   0   0   0   0   0   1   0   0  86   0   0   1   0   0   0   0   0   1   0   1   0   1   0   1   0   1   0   0   0   1  11   1  37   0   0   0   0   0   0   1   0   1   0   0  34   0  23  12   0   0  
 0   1  47   0   0   0   2   0   0   0   0   0   0   1   1   0   1   0   0   0  17  39   0   0   0   0   0   0   8   0   0   0   0   1   1   0   0   0  37   0   0   3   1   0   1   0   0  53   1  66   0  24   0   0   0   0   0   0  16   0   1   0   1   0   0   0   0  61   0   0  20   0   1  27   1   0   1   0   0   0   0   0   0  20   0   1   0   0  77   0   1   1   0   1   0   0   0   0   0   4  
 1   0   0   0   2   0  70   0   0  19   0   0   1   4   1   0  33   0   0   1   1   0   0  57   0  87   0   0   0   0   0   0   0   0   0   0  11   0   0   0   0   0   0   0   0  41  54   1   3   0   0   0   2   0   0   0   1   1   1   1   0   0   0   0   0  26   0   1   0   0   3   0   1   0   2   0   0   0   0   1   0   1   0   6   0   0   0   0  27   0   0   0   0   0   0   1   1   0   1   0  
 1   0   0   0   0   0   0   1   0  31   0  36   2   0   0   1   0   0   0   0   0   0   0   0   1  41   0   0   0   0   5   0   0   0   0   0   0   1   0   0   1  10   0   1   0   1   0   1   0   0   8   1   0  11   0   0  29   0   0   0   0   0   1   0   1   1   0   0  42   1   0   0   0   1  10   0   1   0   0   0  53   0  32   0   0   1   0   3   0   0   0   3   0   0   0   0   0  12   0   0  
 0   0   0   0   0  37   0   0   0   0   0   0  10  11  81   2   0   0  67   1  11   1   0   0   0   0   0   0   0   0   0  40   0  57   0   1   0   1   0   0   0   1  46   0   0   0   1   0   0   2   1   0   1   1   0   0   0   1   3   0   0   0   0   0   1   0   0   0   1  20   0   0   0   0   0  13   0   0   0   1   0  12  77   0   0   6   0  90   0   0   0   0   0   0   1   0   0   0   0   0  
 0   0   0   1   0   0   2   0   0   0   0   0   0   0   0   0  67   1   0   0  26   0   0   0   1   1  12   0   0   0   1   1   0   0   0  18   0   1   0   0   1   1   0   1   0   0   0   0   0  53  27   1   0   0   0   1   9   7   0   0   0   1   1  25   1   1   0   1   0   0   0   0   0   0   0   0   0   1   0   0   0   0   1   0   0   1   0   0   0   0   0   0   0  70   0   0   0   1   0   0  
 0   0   0   0   0   0   1   0   0   0   0   1   0   0   0   1   0   0   0   1   0   0   1  32   0   0   0   1   0   0   3   0  50   0   0   0   0   0   0   0   0   1   1   1   0   0   0  29   0   0  82   0   6   0   0   0   0   0   1   6   2   0   0  40   0   0   0   1   0  66   0   3   0   0  16   0   0   1   0   0   0   0  37  40   0   0   8   0   0   0   0   0   1   0   2   0  64   0   0  85  
 1   0   0   0   0   0  56   0   0   0   0  19   0   1   0  13  12   0   0   0   0   0   0  43   0   2   0   0   0   0   0   0   1   0   1  69   0   0   0   2   0   0   1   0   0   0  10   0   0  64   0   9   0   0   0   1   1   0   1   1   1   1   0  38   0  21   0   0   0   0   0   3   0  73   0   0   0   0   0   1   0   0   6   0   0   2   1   0   0  33   0   2   0   0  31   0   1  53   0   0  
 0  43   0   1   0   0   1   1   0   0   0   0   0   0   7   0   0   0   0   0   1   0   0   0   1   0   0   0  15   0   1   0   1   0   0   7   0   0  28   0   0   0   1   0   0   8   0   0   0   0   1   0   0   5   0   0   0   5   0   1  46   0   0  26   0   0   1   0  29   0   0   0   0   0   0   0  14   0   1   0   1  25   0   1   0   0   0   1   0   0  86   0   1   0   1  86   0  91  11   0  
13   0   0   8   0   0   0  23   0   8   1   0   0   0   0   0   8   0   0   0   0   0   0   0   0   0   0   1  75   0   0   0   0   0  10   0   0   0   0   0   1   7   0   0   0   3   1   0   6  32   0   0   0   0   0   1   0   0   0   0   0   1  81   0   1   0  58   0   0   0   0   0   0  48   0   0   0   0  24  16   0   0   1  27   1   0   0   1   0   1   0   1  58   0   0   0   0   0   0  28  
 0   0   0   0   0   0   0   0   1   0   0   0  20   0  25   0   0   0   0   0   0  80   1   1  28   1   0   1   0   0   5   0   0   0   0   0   0  54   0   0   0   0   0  43   0   0   0   0   0   0   0   0   0  23   0   0   0   0   0   0   1   0   0   0   0  32   0   0   0  25   8  39   1   0   1   0   0   0   0   0   0   0   2   0   0   0   0   0   0   1   0   1  26  19   0   0   0  36   0  12  
 0  79   0   0  15  24   0   0   8   0   4   0   0   1   0   0   0   1   1   1  10  38   0   0   0   0   0   0   0   0   0  19   0  28   0   0   0  61   3   1   0   1   1   0   0   0   1   0   0   1   0   0   0  21   9   1   1   0  61   0   0   0   6   0   0  18   0   0   0   0   1   0   0   1   0   0   1   0   0  65   1   0  24   0  16   0   0   0   0   0   0   0   7   0   1   0   1   0   0   0  
33   0   1   0   1   0   0   0   0   0   0   1   0   1   0   0   1   0   0   0   0   1   0   0   5   0   0   0  15  91   0   1   0   0   0   0  15   0   0   0   0   0  25   0   0   0   0  33   0   1   0   0   0  12   0   0   0   0   0   2   1   0   0   0   1   0   1   1   0   1   5   1  26   0   0  67   0   0   1   0   0   1   6   0   0   0   1   0   0   0   1   1   0   1   0   0   0   0   0   0  
 1   0   0   3   0   0   0   0   1   0   0   0   0   0   1   0   0   0   0   1   0   1   0   4   0   0   0   0   0   0   0   0   0   6   0   0   1   0   0   0   0   0   1   0   0  90   1   1   0   0   0  10   0   0  18   0   1   0   0   0   0   1  23  46   0   0   1   0   1   1   7   0   1   0   0   0   0   0   0  87   0  37   0   0   0   0   0   1   0   2   0   0  58  21   1   0   0  11   0   0  
 1   0   1   0   0  51   0   0   1   1   1   1   1   1   0   1   0   0   0   0   0   0   0   3   0   0   0   1   0   0   0   0   0   0   0   0   0  14   0   0   0  80   7   1  56   1   0   0   0   0   0   0   0   0   0   0   0   0   0   0  36   0   0   0   0   0  17  80   0   0   0   0   1   0   0   0  93   0   0   0   0   1   0  62   1   0   1   0   1  45   0   0   0   9   0   0   0   0   0   1  
 0   0   0  28   0   1  50   0   0  64   0   0   0  90   0  59   0   0   0   0   1   1   1   0   7   0   1   0   0   0   0   0   0   0   0   0   0   0   0   0   0   0   1   0   0   0  69   0   0   0  13   0   0   0   0   0   0   0   0   0   0   1  16   0   0   0   0   8   1   0   0   0   0   0   0   0   0   1   0   0  15   0  74   0   5   0   1   0   0   0   0   0   1   0  46  55   0   4   0   1  
 0   0   1   0  21   0  26   0   0   0   0   0   0   0   0   0   0   0   0   0   0   0  36   0   0   0   0   1   1   0   0   0   0   1   3   0  39   0   0   7  11   1   0   1  14   1   0  34  53   1   0   0   0   0   0   0   0   0   0   0   0   0   1   0   0   0   0  88   5   0   0   0   0   0   1   0   0   0   7   3   0  10   0   0   0   0   0   0   4   1   0   0   0   0   0  15  86   6   0   0  
 0   0   8   0   0   0   0   0   0   1   0   0   1   8   7   0   0   0   1   4   0   0   1   0   0   0  83   0   4  16   0  27   0   0   0   0   0   0  11  25   0  34   0   1   0   2   0  21   0   0   0   0   0   0   0   2   0   0   0  59   1   0   1   0   0   0  35   0  24   0   0   1   1   1   0   1   0   0   0   0   0   6   0   3   1   0   0  61   0   0   1  34   0   4   0   0   0   1   0   0  
22   0   0   0   1   1   0   0   0   5   0   1   0  23   0   0   0   1  69   0   1   0   0   0   0   9   0   0  93   0   0   8  14   1   0  82   0   0  76   0   3   6   1   2   1   0   3   0   1   0   0   0  63   0  85   0   0   1   1  12   0   0   1   0   0   0   0   0   0   0   0   0   0   4   0   0   0   0   0   0   0   0   0  75  14   0   8   0   0   0   0   1   0  89   0   1   0   1   1   0  
 0  52   0  62   0   0  89   0   1   0  20   0   0   0   1   0   0   0   0   1   0   0   0   0   0   0   0  44   0   0  84   0   2   0   0  59   1   0   0   0   0   0   0   0  18   6   0   1   0   0   0   9   0   0   0   1   1   0   1  10   6  28   0   0   1   0  14   0   1   1   1   1   0  84   0   0   0   1  96   0   0   0   0   0   1   0   0   0   0   0   0   0   0   0   1   0   0   0   0   0  
 1   0   0   0   1   0   0   0   0   0  71   0  56   0   0   1   0   1   5   1   4   1   0   0   0   0   0   1  34   0   0  43   0   0   0   0   0   0   0   0  18   0   0   0   1   1   0   0   0   0   0   0   0   1   1   1   0   0   0   0   0  42   0   0  95   1  12   0   9   0   0  68   0   0  40   0   0   3  22  20   0   0   0  12   0   0   0   1  69   0   0   0   2   7   1   0   2   1  22   0  
 0   0   9   0   0   7   0   0   5   0   0   4   0   0  62  65   0   0   0   0  97   0   0   0   0   1   0   0   0   0   1   1   0   1   0   0  12   0   0   0   0   0   1  14   0  32   1   0   0   0   0   0   1   0   0   0   1   9   0   0   0   0  16   0   0   0   0   0   0   0   1   1   0   0  12   0   0   0   0   1   0   0   0   0   0  23   1   0   1  45  43   0   0   0   0   0   1   0   1   0  
11   0   0   0   0   0  32   0   0   0  26   0   0   0   1   0   0   0   0   1   0   4   0   0   0   0  21   0   0   0   0   0   0   0   4   1   1   0   0   0   0   0   2   0   0   2  26   0   0   0   0  47   0   0   1   0   1  50   0   0   0   1   0   0  18  27   0   0  51   0   0   0   0   1   0   0   0   0   0   0   0   0   0  31   1  10   0   0   1   0  51   1   0   0   0   0   0   0   0   0  
 0   0   0   1   0   0   0  12   1   0   0   0   0   0   2  25   0   9  73   1   2  12   0   0   0   0   0   1   0  15   0  42  81   0   0   0   0   0   0   0   0   0   0   0  23   0   1   0   0   0   0   0   0   1   1  89   0   0  27   0   0   0   0   0   2   0   0   0   0   0   9   0   0   0   0   0   0   0   0   0   0   0   0  15   0   0   1   0   0   0   1   1   0   0   0   0   0   0   0   0  
 0   0  35   0   0   0   0   0   0   0   0   0   1   0   0   0  21   0   0   2   1   0   0   0  68   1   0   0   0   0   0   5   0   0   0   0  55   0  68   0   0   0   0   1   0   0   1  11   0   0   0  72   0   0   0   1   0   0   0   0   0   0  57   1   1  49   0   0   0   0   0   0   0   0   0   0   0   0   0   0   1  77   0   1  98   0   9  16   5   0   0   0   1   0   0   0   1   1  55   0  
 0   0   0   1   0  62   0   0   0   0   0   1   1   0   1   0   1   1   1   1   1   1   0   0  45  42   0   0   0   1  24   1  79   0  17   1   0   1   0   0   0   0   0   0   0   0   0   0   0   0   3   0   1   0   9   0   0   0   1   0   0   1   0   1   4   0   0   0   0   7   1   0  13   0   0   0  47   0   0   0   0   0   0  12   0   6   0   0   1   0   1  29   0   0   0   0   1   0   0   0  
 1   0   0   0  88  29   0   0   0   0   1   0  11   0   2   1   3   0   0   0   0   0   0   0   0   1   0   1   0   0   0   0  15   1   0   0   1   0   1   0   0   1   0   0  25   0   0   6   0   0   1   1   6   0  47   0   0   0   0   3  45   0   0   0   1   1   0   1   0  22   0   1   7   0   0   0   0   0   0   0   1   0   0   1   3   1   0   0   1   0   0   0   0  37   0   0   1   0   0   1  
 0  57   0   1   0   0   0   0   9   0   0   1   1   0   0  79   0   0   0   1   1   0  13   1   1   0  54  10  27   0   0   0   2   0   0   0   0   0   0   1   0   3   0   1   0   0   0   0   0   1   1   0   0   0   0   1   0   0   0   0   0   0   0   0   0   1   0   0   0   0   1   1   1   0   0   0   0   0   0  58   0   0   4   0   0   1   0   0   1   0   1   0   0   0   1   3   0   2   0   0  
 0   1   0   0   0   0   0   0   0   1   0   0   0   0   1   0   1   0  65   0   0  15  39   0   0   0   0   1   0   7   1   0   0   0   0   0   0   1   0   0   0   0  72   0   0   0   0   0  40   0   0   0   0  24  94   5   0   0   0   4   0   1   0   0   0   0   0   0   0   3   0   1   0   0   1   0   0   0   0   1   0   0   0   0   0   1   0   0   0   0   0   0   0   1   0   1   0   0   0   0  
 0   1   1   0   0   0   1   1   7   0   0   0   1   0   0   0   0   1   0   0   0   0  90   0   0   0   0   1   0   0   0   8   0   4   0   0   1   0   7   0   0   7   0   0   0   0   0   0   0   0   0   0   0   3  41   0   1   0   1   0   1   0  75   0   1   0   1   0   0   0   1   0   1  22   0   0   0   1   0   0   0   0   4  23   0   0   0   5   0   0   0   0   0   0  17   0   0   0   0   7  
 0  68   0   0   1   0   0   0   0   0   0   0   2   1   0   0   0   1   1   0   1   0   0   0   0   0   0   0   1   5   1   0   0   0   1   0  11   1   0   0   0   0   0   0   0   1   1   0  18  97   1   0   0   1  44   0   0   0  11   0   1   1   0   0   4   0   0   1   0  19   1   0  80   3  21   0   0   0   0  45   0   0   0   0   1   0   1   0   0   1  19   0   0   0   0   0   0   0   0   0  
 0   0   0   0   0   0   1   0   0   0   1   0   1  25   0  45  39   0   0   0   0   0   0   0   0   0  58   0   0   0  68   0   1   0   0   1   1   0   0   0   0   0   0   0  28   0   1   1   0   0   1   0   0   0   1   1   0   0   0   0   1   0   1  61   0  44   0   0   1   0  26   0  60   1  34   1   0   1  29   4   1  37   1   0   0   0   0   1   0   0  15   0   0  31   0   0   0   0   0   1  
 0   1   0  25   0   0  36   0   0   0  65  81   0   1   3   0   0   1   0   0   0   0   3  29   1   0   0   0  28   1   1   1   0   0   0   0   0   0   1   0   0   1   0   0   2   1   0   6   1   0   1   3   0   0   0   0   0   0   5   0   1   0   0  24   0  28  28   1   0   0   0   0   0   0   1   1   0   0   0   0   0   1   0   0   1   0   1   1   0   0  89   6   0   0   0   0   0   0   0  77  
92   0   0   1   0   1  37   1   1   0   0   0   0  21   0   0   0   0   0   1   0  16   0  29   1   4   0   0  13  20   0   0   0   0   0  20   0   0   1   0   0   1  67   0   0   0  12   0   0   0   0   0   0   1   0   0   1   0   0   0   0   0   0   1   0   0   0   9   0   0   1   1   0  10   0   0   0   0   1   1  28   0   0   0   0   6   0   0   0   0   0   0   1   0   0   0   0   0  50   1  
 0   1   0   0   0   0   0   4   0   0  14   0   0   0   0   0   1   0   0   0   6   0   0   0   0   1   0   0   0   1   1   1  83   1   0   1   1   0   1   0   0  63   0   0   0   0   0   0  89   1   0   0   0   1   0   0   1  23   0   0   0   0   0   0   9  93  78   0   0   0   0   1   0   0   0   1   0   0   0   1   0   1  13   0   0   0   0   0   0   0   0   1   1  20   1   0   0   0  24   0  
 0   0   0   0   3   0   0   0  79   0   0   0   0   0   0   0  70   0   1   0   0   1  18   0   1   1   0   0   0   0   0   4   0   0   0   0   0   1   0   0   0   0   2   0   2   1   0   0   0   0  12   0  13   0   0   0   0   0   0   1   0   7   0  25   0   0   0   1   0   0   1   1   0   0   1   0  40   0   2   0   0   0   0   0   1   0   0   0   0   0   0   0   0   0   0   0  17   1   0   0  
 0   1   0   0   0   0   0   1   0  61   0  11   1   0   0   0   1   0   0   0   0   0   2   1   0   0   0   0   0   0   1   0   1   0   0   1   0   1   0   0   0   0  35   0   1   0   0   0   0   1   0   0  38   0  26   0   0   0  68   0   0   0   0   0   0   0  17   0   0   0   0   1   1   0   0   0   0   1   1   0   0   0   0   0  99   0   0   0   0  14   0   0   0   0  50   1   0   0   0   0  
 1   0   0   0   1   0  33   0   1   1   0   0   0   1   0   1   0   0   1   9   1   1   0   0   5   0   0   1   0   0  24   0   0   0   0   1   0  77  11   0   0   0  75   0   0   0   0   0   0   0   0  15   0   0   3   0   0   0   1   1   1   0   1   0   0   1   0  12  75   0   0   1   0   0   0   0   0   0   1   1   0   0   0   0   1   0   0   0   0   0   0   0   0   0   0   0   0   0   0   0  
 0   1   0   0   0   1   0   0   1  46  15   0   0   0   0   1   0   0   9   0   0   0   0   0   0   0   0   1   1   0   0   0   1   0   0  20   0  27   0   0   0   0   0   0   0   0   0   1   0  28   1   0   1   0  74   0   0   9   0  75   2   1   0   0   0   1   0   0  43   1   0  46   1   0   2   0   0   0   1   0   0   0   3   0   1   0   0   0   0   0   0   0   0   0   0  25   0   0   1   0  
 0   1   1   0   0   0   0   0   0   0   0   0   0   0   0  13   0   0   0   4   0   0   0   0   0   1   0   0   0   0   0   0   0   0   0   0   1   0   0   0   1   0   0   0  42  29   0   0   0   2   0   0   0   1   0   0   3  32  86   1   0   1   0   0   0   0   0   0   0   8   0   0   1   0   1   0   8   0   0   0   1   1   0  15   0   1   0   3   0   0  63   0   1   7   0   0   0   0   0   0  
 0  44   0   0   0   3   0   5   1   0   0   0   0  81   4   0  22   0   0   0   1   1   2   1   0   0   0   1   0   0   1   0   0   0   0   0   1   0   0   0   0   1   0   0   0   0   0   0   0   0  12   0   1   1   0   0  11   0   0   1   0   0   0   0   0   0  25   1   0   0   0   0   1   0   0   0   0   0   1   0   0   5   0   0   1  11   0  46   0   2   4   0   0  17   0   8   1   0   0   0  
 1   0   0   0   0   0   0   0   0   0   1  14  41   1   0  52   0   1   0   0   0   0   0   0   0  32   5   0   0   7  38   0   0   0   4   0   0   1   0   0   0   0   0   0   0   0   1   1   0   0   0   0   1   0   0  89   0  34   1   0   0   0   0   0   0   6   0   0   0   0   0   1   0   0   0   5   0   0   1   1   1   0   1   0   0   0   0   0  19   0   0   0   5   1   0   4   0   0   0   1  
 0   1  38   0   0   0  54   1  33   0   0   0   0   0   8   0   0   0   0  13   0   1   0   0   0   1   0   1  75   0   0   0   0   0   0   0   0   0  97   0  11  79   1   0   1   0   1   0   0   1   0   0   1   0   0   0   0   0   0  85   0  33   0   0   0   0  37   1  54   0   0   0  42   1   0   0   0   0   0   1   0  51   0   0   0  60   0   5   0  18   1   9   0  56   0   0   0   0   0   0  
 1   0   0   0   0   1   0   1   0   1  98   0   0   1   0   9   1   0   4   0   5   0   7   0   0   0   1   0   1   2   0  68   0   0   0  16   0   0   0   1  13   0   1   0   0   0   0  27   0  58   1   0   0   0  11   0   0   0   0   8   0   0   0   5   0   0   0   0   0   0   0   0   0   0   0   0   1   0   0   0  13   0   0   0  50   1   0   3   0   0   0   0   0   0   0   0   2  10   1   0  
 0   0   0   0   0   0   0  76   0   0   1   0   0  14   1   0  64   1   1   0   0   0   0   0  14   0   0   0   0   0   0   1   0  48   0   0   1   0  18   0  26   0   0   0   0   0   0   0   0   0   1   0   0  49   0  82   0   1   0   0  21   0   0   1   0   0   0   0   1  57   1   0   0   0   0   0   0   4   0   0   0   0  72   0   0  27   0   0   0   3   0   0   0   0   1   0   0   0   1   0  
 0   0   0   0   0   0   0   0   0   0   0  32   0   0   1   0   1   0   0   0   0   0   0  68   0   1   0   1   0   0   0  32   4   0   1   0   0   0   1   1   1   0   0   1   0   7   0   0   0   0  32   0   0   0   0   0   1   0   0   0  11   5   1   0   0   0   1   0   2   1   1   0   0   0   0   0   0  16   1   0  11   0  10  35  13   0   0   0   0   0   0   0   1   0   0   0   0   1   5   0  
44   0  14   0   0   1   0   0   0   0   0   0   1   1   0   0   0   0   0   0   4   0   0   0   0   0   7   0   0  17   0   0  16   5   1   3   0   1   0   0   0   0  91   1   6   1   1  38   2   0   0  41   0   1   0   0   1   0   0   0   0  19   0   0   0   0   0   0  76   0   1   4   0   0   0  58   0  11   0   0   0   0   0   0   0   0   0   0   0   0   1   0   0   0  13   0   6   0   0   0  
 1  14   0   0   0   0   0   0   0   0   0   8   0   1   0   0   0  10   0   4  36   1   0   8   0   1   0   0   0   0  26   0   0   0   0   1   1   0   0   0   1  38   0  99   1   0   0   0   0   0   0   0  20  77   6   1   8   0   0   0   1   0   0  14   1   0   1   0   0  47   0   0   2   1  11   0   6   1   0   1   0   0   1   0  10   0   0   0  44   0   0   0   0   0   1   0   0  18   0   0  
28   1   5   0  89   0   0   1   1   0   0   0   0   0   0   0  18  37  23   0   0   0  25   0   0   0   0   0  92   0   0   0   0   0   0  52   0   0   3  24   0  70   0   1   0  40   0   0   0   0   0   0   1   0   2   8   0   0   1   1   0   1   0   1   1   0   3   0   1   0   0   0   0   0   0   0  11   1   0   1   1   3   0   1   0   0   0   0   0   0   0   1  95   0   0   0   0   0   0   0  
50   0  21  18   0   0   0   4   0   0   1   1   1  43   0   0   0   0   1   1   2   1   1   0   0   0   0   0   1   0   0   1  22   0   0   0   0   0   0   0   0   0   0  47   0   0   1   0   0   0   0   0   0  10  12   1   0   0   0   0   0   0  68  97   0   0   0  48  17   0   0   1   1   1   0  15   0   0   0   0   0   0   0   0   1   0   0   0   1   1   0   1   0   0   0   0   0   0   1   0  
 1   0   1   0   1   0   0   0  39   0   1   0   0   1   0   0   1   1   1   0   0   0   0   0   0   0  35   1   1   0   0   0   0   1   0   3   0   1   0   0   0   0   0   0   0   0   0   0   1   0   0  40   1   0   0   0   0  34   5   1   0  17  22   0   0   0   1  98   1   1   1   0   1   0   0   0   0   0   0   0   0   0   1   0  39   1   0   0   0   1   0  46   0   1   0   0   0   0   1   0  
 0   0   1  19   1   0  22  43   0   0   0   1   0   1   0   0   0   0   0   0  82   1   0   1   0   0   0   0  24   0   1   0   0   0   0   0   0   1   6   0  73   0   0   0   0   0   0   0   0   1   0  51   0   4   0   0   0  43   0   0   0   0   0   0   1   0   6   1   1   1   0   0  34   0  37  12   1   0   1   0   0   0   0  53   0   4   0   0   1   0   1   0   0   0   1   0   0   0   0   0  
 0   0   0   0   1   0   0   0   8   0   1   0   0   0   0   0   0   7   0   0   0  45   0   1   1   0  38  41   3   0   0   0   1  20  60  77   0   0  21   0   1   0   6   0   3   0   1   0   0   0   0   1   0   0   0   0   0   0   0   0   3   0   1   0   0   0   1   1   0   0   0   1   0  65   0   0   0   0   0   0   0   1   0   7   0  64   0   0   1   1   0   0   1   1   0   0  31   0   0  53  
 0   0   1   0   0   1   1   0  63   0   0   1   0   0   0   1   1   0   0   0   0   0   1   0   6   0   0   0   2   0   0   0  17   2   4   0   1   0   0   0   0   0   0   0   0   1  27   1   0   1   0   0  21  53   0   0   0   0   0   0   4   0   0  31   1   0   0   1   0   1   0   1   0   0  41  24   0   0   1   1   0   0   0   0   0   0  15   0   0   1   0   0   0   0   0  20   0   0   0   0  
91   0  37  29   0   0  10   1   0   0   0   0  44   0   0   0  35   0   0   0   0   0   1  18   0   0   1   0  23  57   0   1  41   6   0   0  42   1   0   0   0   0   1   0   0   0   0   0   0   0   3   1   0   0   0   0   0   0   0   0  43  93  42   1   0   0   0  35   0  10   0   0   0   0   1   0  11   1   1   1   0   0   0   0   0   1   1   1   0   1   0   0   0   0   0   0   0   0   2   0  
 0   2   0   0   3   0   0   0   1   0   0   0  38   0   0   0   0   1   0   1   0   5   0   0  12   0   6   0   0   0   0   0   0   0   0   0   0   3   0   0   1   0   1  89   1   0   0   0   0   1   1   0   0   0   0   0   0   0   0   2   1   0   0   0   0   0   0   0   0   0   6   0   0  14   1   0   0   0   0  17   0   0   0   0   3   0   1   1   0   0  29  62   0   0   0  50   1  31   0   0  
 0   0   0  48  20   0   5   1   0   0   0   0   0   1   1  14   0   1  53   0   1   1   0   0   0   0   0   0   3   0   0   0   0   0   0   0   0   0   3   1   0   0   0   0  64   0  21   0   0  60   0   0   0   0   1  35   1  25   0   0  21   0   0   0   1   0   0   0   0   0   0  15   0   0   0   0   1   0   0   0   0   0   0   1   0   0   0   0   1   1  73   0   0   0   1   9  21   0   0   0  
 1   0   1   0   0   1   9   1   0   0   0   0   1  52   0   0   0   0   0   0   1   0   0   0   0   0   0   0   1   1   0   0   0   0   0   0   0  66   0   0   0   1   0   0   0   9   9   0   0   0   0  62   0   0   0   0   8  31   0  30   0   0   0   1  96   0   1  85   0   0   0   1   0   1   0   0   0  12   0   1   1   0   0   9   1   0   0   0   0   0   3   0   1  78   0  15   0   2   0   0  
 0   0   8   0   0   0   0   0  85   0   2  66   0   0   0   0   0   3   0   1  12   1   0   0   1   0   0   0   5   0   0   1   0   1   0  27   1   0  58   0   0  31   0   0   0   0  14   0   0  80   0   1  28  80   0   1   0   0   0   0   0   0   0   1   0   0   0   0   0   0   0   0   1   7   1   0   0  27   1   1   0  14   0   1  31   0   8   0   0  14   0   1   0   0  23   0   1   1   0   0  
 0   0   1   1   0   0   0   0   1   3   0   0   0  40   7   0   0   0   0  30   0   0  16   1   0   1  56   0   0  60   0   1   0   1   0  13   0   0   1   0   0   1  46   0   0   0   0   1   0   0   0   0  44   0   7   0   0   0   0  96   0   0   0   0   0   0   0   1  13   0   0   0   0   6   1   0   0   0   0   0   1   0   0   0   0   0   0   0   0   0   0   0   0   0   3   0   0   1   0   1  
 2   0  25   0   0  14   0   0   0  10   0   0   0  65   0   0   0  30   0  42   0   0   0  53   3   0   0   0   1   0  79   1   0   0   0   4   0   0   0   0   0   1   4   0   0  16   2   0   0   0   1   0  65   0   1   0  26   0   0   0   0   0   0   0  32   1   0   0   1   0   0   0   0   0   0   1  25   0   0   4   1   0   0   0  24  11   0   0   0   0   0   0   0   0   0   0   0  30   5   0  
 1   1   0   0   0   1   0   0   0  20   0   0   0   0   0   0   1   0   0   0   0   0   0   0   0  26  20   0   0   0  14   0   7   0   0   0   0  59   0   1   0   0   0   0   0   0   0   0  12   0   1   0   0   0   0   0   0   0   1   0   0   0   0   1   0  31   0   1   0   0   0   1   0  15   0   0   0   0   1   0   0   0   0   1   0   0   0   0   0   0  31   0   0   0   0   5   0   1   0   0  
 0   0   1   0   0   0   1   0   5   1   0   0   0  12   0  70   0   0   0   0   1   0   1   0   0   1   1   0   0   0   3   0   2   0   0   0   1   0   1   0   1   0  55   0   1   0   1   0   0   0  74   0   0   0   3   0   0   0   0   0   1   0  19   0  36   0   1   5   0   0   0   0   0   1  95   0   0   1   1   0   1   0   4   0   1   0   0   0   1   0   0   0   0   0   7   0   0   0  28   1  
 0   0   0   0   0   0   0   0   0   0   0   0   4   0   0   3   0   4   0   0   1   0   8   0   1   0   0   0  80   0   1  25   0   0   0   0   1   0   0   0   1   0   0   0  29   1   1   0  26  16   1   0  36   0   0   0   0   5   0   0   0   0   1   0   0   0   0   1   0   0   0   0   0  44   1   0   0   0   0   1   0   1   0   0   5   1  11   0   1   0   0   0   0   9  70   0   2   1  10   1  
 0  83   0   1  27   0   0   0   0   0   0   0   0   0  79  22  32   0   0   0   0   1  42   0   0   0   0   0   8   0  11   0   0   0   0  11   5   0   0  10   0   0   0   0   0  15   0   0   1   0   1   0   1   0   5   0   0  27   0  91   0   0   0   0   0   0   1   0   1  16   0   0   0   0  13   0   7   0   0   0   0  92   0   0   0   5   0   3   0   0   0  17   0   0   0   0  88   0   0   0  
 0   0   0   0   1   2   0   0   0   0   0   1   0   0   0   0  43   0   0   8  41  42   0   0   0   1   0   0  13   1   0   0   1   0   0   0   0   0   1  56   0   0   0   0   0   0  38   0   0   0   0   0   0   0  41   0   0   0   0   0   1   0   1  95  89   0   0   0   0   0   0   0   0   0   0   0  34   1   0   0  94   0   1   0   0  13   0   1   0   0   0   0   0   0   2   0  92   0   1  31  
 0   0   0   1   0   0   1  39   0   0   1   0   0   0  36   0   1   4   1   0   0   3   0   1   0   0   0   0   0   0   0   0   0   0   0   0   0   0   2   0   1   0   0   1   1   0  58   0   4   5   0   0   0   4   0   0   1   4   0   0   0   0   0   0   1   0   0   0   1   0   0   0   1   0  27   0   0   0   1   1   0   0   0   0   1   0   0   0   0   0   0  75   1   0   0   8   0   2   1   0  
 0   0   0   1   7   0   0   0   0   0   0   1   0   0   0   0   4   0   0   0   1  10   0   0   0   0   0   0   0   0   1   0   0   0   0   1   0   1   0   0   0  15   1   1  27   0   4  35   0   0  55   0   0  63   0   0  39   0   0   0   0   1  45   0   0   0   0   0   0   0   0   1   0   1  26   0   6  65   5   0   0   0  68   0   0   0  60   1  59   0   1   1   0   1   0   1   2   0  75   1  
 0   0   0   1   0   0   0   1  27   0   3   0   0   0   0   1   1   0   1   0   1   1   0   0   0  18   0   0   0   0   0   0   3   1   3   1   0   0  41   0   0   1  46   0   0   0   1  17   0   0   1   1   0   1   0  84   0   0  26   1   1   1   0   1   0   0   0   0   0   3   0   0   0   0   0  13  11   0  57   0   0   0   0   0   1   0   0   0   0   0  18   1  28   0   1   1  69   1   0   0  
 1   1   0   0   0   1   0   0   0   1   0   0   0   0   8   0   0   0  45   0   0  83   0   0   0   0   0   0   0   0   0   0   0   0   2   0   1   0   0   0   0   0   0   0   0   0   0   0  31   0   0   0   1   0   1   0   0   0   0   0   0   0   0   1   0   1   0   0   0   0   0  47   0   0   0  59   7   0   0   1  11   0   0   0   1   1   0  37   0   0   1   0   0   1   0   0   0   0   1   0  
 0   0   0   0   0   0   0   1   0   1   0   0   1   0   7   0  59   1   0  10   0   1   1   0   1   0  63   0   0   1   0   0   0   0   0   1   0   0   0   0   0   0   0   0   0   0   0   1   0   0   0   0   2   1   3   3   0   0   0  15  55   0  29   0  15  19  94   1  39   7   1   0   0   0  75   0   0  73   1   0   0   0   1   0   0   0   0   0   1   0   0   0   1   0   0   0   0   0   0   1  
 0   0   0   0   1   0   0   0   0  93   0   0   3   3   0   0   1   0   0   0   0   0   0   0   0   0   0  66   0   0   0   0   0   1   0  74  37   0   0   0   0   0   0   0   1   0   0  68   1   0   0   0   1   0   0   1  82   1   0   0   1   0   1   1   0  22   0  58   0   0   0   0   0   4   0   1   0  50   1   0   0   0  24   0   0   0   0   2   0   0   0   0   1   0   0   0   1   0   0   0  
 1  21   0   0   0   0   0   0   0   0   0   0  59   0   0   0   0   0   1   1   0   0   6   5   0   0   0   0   0   0   0   1   0   0   1   0   0   0   0   1   0  42   0   0   0   0  57   1   0   0   0   0   1   0  77   0   0   0   1   0   0   0   1   0   0   0   0   0   1   0   0  16  39   0   1   0   0  12   0   0   0   1   0   1   0   0  80   0   1   0   0   0   0  44   0   1   0  28   9   0  
 0   0  21   0   1   0   0   1   0   0   0   0   0   0   1   0   0   0   0   0   0   0   1   0   1   1   0   0   0   1   0  32   0   0   0   0   0   0   0   0   1   0   0   1   0   0   0   1   0   0   0   0   0   0   0   0   1   0   1   0   0   0   0   0   0   0   0   2  40   0   0   0   1   1   0   0   0   0   0   1   0  90   0   0   0   0   0   1   0  28   0   0   0  85  91   0   0   0   7   0  
 0   0   1   0   0   0   0   1   0   0   0   0   0   0   0   0   1   0  21   0   0   0  74  93   0   0   0   4   0  10   0   1   1   0   0  63   4   1   5   0   0   0   0   0   0   0   1  18   0   0   0   0   0   0  31   0   0   0   0   0   0   0   0   0   0   0   0   5   0   1  45   0   0   0   0   0   1   0   0   0   0   0   1  45   1   0   0   0   0   1   0   1   0   0   0   0   0  47   0   0  
 0   0   1   0   0   0   5   0   0   0   0  43   0   2   0   0   0   0  48   1   0   0   0   0   0  16   0   0   0   0   1   0   0   0  32   1   0   1   0  37   1   0   0   0   0  79   0   4   1   0   0   0   0   0   0   0   0   0   0   0  39   0   0   0   0   0  16  53   0   1   0   0   0   1   0   0   0   0   0   0   1   0  20   0   0   0   3   0   1   0   0   0  23   2   0   0   0   0   0  20  
 0   1   0   0   0   1   0   0   0   1   0   0   0   0  52   0   0   0   0   0   0   1   0   0  31   0  23   0   0   0   0   0   0   1   0   0   0   0   0   0   0   1   1   0  11   0   4   2  33   0   2   0   0   0   0   1   0   2   0   0   0   1   4   0   0  81   0   1   1   0   0   1   0   0   0   0   1   0  34   0  38  51   0   1   1   0   0  28  58   6   1   3   0   5   0   0   1   1   0   0  
 0   0   1   0   0   0   0  70   0   0   0   1   0   2   0   0   0   5  58   0   0   0  20   0   0   0   0   0   0   0   0   0  93   0   2  62   1   0  47   0   0   1   1   1   1   0   1   0   7  93   1   0   9   1   1   0  97   0   0   1   0   0   0   0   0   0   0   0   1   1   0   0  19   0  34   0   0   0   1   0   0   0   0   0  11   0   0   0   0   1   0   1   0   1   1   0   0  54   0  43  
 0  23   1   0  29   0   1   0  17   1  32  31   0   0   1   0   1   0   0   0   0  57   0   1  27   0   0   0   1   0   0   0  15   1  58   0   0   0   0   0   0   0   0   0   0  24   0   0   0   0   0   0  73   0   0   0   1   0   0   1   1   0   1  14   0   0   1   9   0   0   0   0   0   1   0   0   0   0   0   0   0   0   0   0   0   1   0   0  24   0   0   0   4   1  47   0   1  18   0   0  
 1   2   0   0   2   4   0  13   1   0   0   0   0   1   1   1   0   1   0   5   0   0   1  31   0  48   0   1   1  13   1   0   2   0   0   1   0   0   0   0   0   0  14   0   0   0  18   0   0   0   1   0   1   1   0   1   0   0   0   0   0   0   0   0  56   0   0  22   0  14   0   0   0   0   0  11   0   0   0   0   0   0   0   0   0   1   0   1   1   0   0   0   0   0   1  57   0   1   5   0  
 0   3   0   1   0   0   1   0   0   0   0   0   0   0   0   0   1   0   1   0   1   0   2   1   1  35   0   1   1   0   0   0   1  65   0   0   1   0   0   0   1   0   1   0   0  10   3   1   0   1   0  11  22   0   1  82   0   1   0   0   0   1   1   0   0   0   0   0   1   1   0   0   1   0   0   0   0   1   0   0   0   0   0   0   0  73   0  10   0   1   0   0  73  15  55   0   0   0   2   0  
 0  48   0   0  21   0   0   0   0   1   1   0   1   1  54   0  55   0  45   1   0  95   9   0   0   0   1  23   0   3   0   0   0  18   0  10   8   0   0   0   0   0   0   0   0   0   1   0   0   0   0   0   0   1   0   0   0   0   0   1  41   0   0   0   0   0   0   1  42   0   1   0   0   0   0   0   1   1  36   0   0  17   0   6   0   6   1   1  17   0   0   0   0   0   0   0   0  22   0   0  
28   1   0   0  17   0   1   0   0   0   0  30   1   0   0  71   5   4   0   1   0  19   0  49   0   0   0   0   0   0   1   1   1   1  26   0   0  33   0   0   0   0   1   0   0   4  13   1   1   0   1   0   0   0   0   0   0   5  68   0   0   0   0   0   0  16   0   0   0   0   3   1   0   1   0   1   0  56  68   0   0   0   1   0   0   0   0   0  10   0   0  15   3   0   0   1   0  11  69   1  
 0  97   0   0   0   0   0   0   0   0   1   0   0   9   0   0   1   0   0   0   0   0   1   4   0   0   0   0  61   1   0   0   0   0   0   0   1   0   0   0   0   1   0   0   0   0   0   0   1  19   0   0   0   0   1  24   1   0  47   0   0   2   0   1   0   0   0   1   0   0   0   0   5   0   0   0   0   0  77   0   0   0   0   1   0   0   0   0   4   0   0   0   1   0   0   0  38   0   0   0  
15   0   0   0   1   0   0   1   0   0   2  67  19   0   0   0   0  64   0   0   0   0   0   0   3   0   0   1   0   0  50   0   0   0   0   0   0   0   0   0   1   0   0   1   0   0   0   0   0   1   0   1   1   0   0  12  41   0  27   1   0   0   0  32  21   1   0   0  31   0   0  34   0   0   0   0   0   0   1   1   0   1   1   0  67   0   0   0   0   0   0   0   7   6   0  68   1   0   0   0  
 1   1   0   0   1   0   0   0   0  29   0   0  65   0   0   0   0   0   2   0   1   0   1   0   0  14   0   0   0   0   1   0   0   0  68   0   7   0   0   0  51   0  97   0   0   1   0   0   0   1   2   0   8   0   1   0  21   1   0   0  15   0   1   0   0   0  98   0   1  43   0   1  41   0   1   0   0   0   1   0   0   1   7   1   1   0   0   0   0   0   0   1   0   0   0   0  77   0   0   0  
 1   1   8   1   0   0   0   0  19   0  55   0   0   0   0   0   0  14   1   0   0  60   1   0  63   0   0   0   5   0   0   1   0   0   6   0   7  89   0   0   8   0  50   0   0   1   0   0   0   0   0   0   0   0   0   0   1   0   2   1   0   0   0   0  16  57   0   0   1  19   8   1   4   1   0   0   0   0   0   1  11   0   1   0  58   0   0   0   0   0   0   0   0   0   1   0   0   0   0  21  
24   0   0   1   0   0   0  85   0   0   0   0   0   0   0   0   0   1  39   1   0   0   1  82   1   0   0   0   0   0   0   0   0   0   0   2   1   0   0   0   2   0   0   3   0  84   0   0   0   1   0   0   0   0  89  46   0   1   0   0   0   0   0   0  63   0   0  24   0   0   0   2  13   0   0   0   0   0  21   0   0   1   0  61   0   0   0   0   0   0   0   0   0   0   0   0   0   0   0   1  
98   5   1   1  39  37   0   0   0   0   0   5   0   1   6   1   0   0   0  18   0   1   0   0   0   0   0   0   0   0   0   0   0   0   0   0   0   0   0   0   1   1   0   0   0   0   1   0   0   1   0   0   0   0   0   0   0   0   1   0   4   1   0   0   0   1  76   1   0   6   1   1  50   0   0   0   1   0   0   1   0   0   1   0   1   0   1   0   0   0   0   0   0   1  39   1   0   0  96   0  
30   0   0   0   1   0   0   0   0  29   0   0   0   1   1   0   0  22   0   1   1   0   0   0   0  11   1   0   5   0  13   0   0   3   0   0   1   0   0  80   0  28   0   0   0   0   0   0   7   9  69   0   0   3   1   1   0   0   0   0   0   0   0   1   1   0   0   0   0  18  39   1   0   1   0   0   0   0   0   0   3   0   0   1   0   0   8   1   0   0   0   0   0   1  28   1   0   1   0   0  
 1   0   0   0   0   0   0   1   1   0   0   0   0   0   0   0   0   0   0   0   0   0   0   0   0  51  25   0   0   5   1   1   0   0   0  55   1   0   0   1  95   0   0   1   1   1   0   0   0   2   0   0   4   0   0   0   0   1  57   0   0   0   5  12   0  22   0   1   0   0   0   0   0   1   0   0   1  13   0   0   0   1   0   0  85   0   1  49   1   0   0   0   0   0   0   0   0  79   0   0  
 0   1   0   0   0   6  24   0  88   0   0   0   0   0   0   0   0   0   2   3   0   0   0  63   0   0   0   0   0   0   0   0   1  90   1   0  51  46   0   0   1   1   0   1   1   1   0   0   1   0   0   0   0   1   0   2   0   0   0  76   0   0  16  21   0   0   1   0   0   0   0   1   0   0   1   0   0   0  79   0   1   0   0   0  98   0  12   0  77   1   0   0   0  28   0  35  81   0   1   0  
 0   0   1   3   1   0   1   0   0   0   0   0   0   0   0   0   0   0   1   1   0   0   0  91   0   1   0   0   0   0   6   0   4   0  97  91   0   0   0   1   1  13  30   0   0   1   0   7   0   0  73   0   1   0  13   1   0  56   1   0   0   1   0   0  33   0   8   0   4   0   0   1   0   0  51   0   0   1   1   0   0   0   1   0   3   1   0   0   0   0   0   1   0   0   0   0   1   0  13   8  
 0   0   0   0   0   0   0   1  13   1   0   1   0   0   0   3   0   0   1   1   0   0   0   3   0   1   0   0   0   0   0   1   0   0   0   0   3   0   0   9   0   6   0  50   0   0   0   0  23   5   2   0   0   0   0   1  15   0   4   1   0   0   0   0   0   1   0   1   0   0   0   0   0   0  16   0   2   0   1   0   1   0   0   0   1   0   1   0  68   0   1   0   2   0   0   1   0   0   0  55  
 0   0   0   1   0   4   0   0   0   0   1   0  40   0  62   8   0   0   1   0   0   0   0  35   1   1   0   0   0  51   0  18   1  17  65   6  14   3   8   1  68   0   0   0   0   0   0   1   0  29   0   1   0   0   1   0   1   0   0   0   0   0  70   0  60  89   0   1   1   0   0   0  77   0   1  34   0   0   1  11   0  27   0   0   0   0   3   0   0   0   0   0   1   0   1   0   0   0   0   0  
 0  13   0   1   0   0  11   0  28  17   0  38   1   1   5   0   0   0   7   0   0   0   0   0   1  23   0   0  46   0   0   1   1   0  15   8   1   0   0   0   1   0   0   5   0   0   0   0  10   0   0   0   0   0   0  38   0   0   0   8   9   0   0  62   0   0   1  34   0   0  34  22   0   1   0   0   0   1   1   0   0   0   1   1   0   0  45   0   0   1   0   0   0   0   0   1   0   0   0  14  
 0   0   0   1   1   0   1   0   0   0   0   0   0   0   0  21  42   0   0   0   0   0   0   0   0   0   1   0   1   0   0   0   0   0  26  35   1   1   1   0   0   0  46   0   7   0   0   0   0  12   0   0   0   1   0   0   0   0   0   0   0  83   3   3   0   0   0   0  20  74   0   0  36   0   0   1  72  77   0   3   0  87   1   1  11   0   1   0  62   0   0   8   4   0   0   1   0   1   0   0  
