60

  0   12    5   23   26   22   17   14   31    1   30   25   25   16   13   38    6   25    8   29   21   21   39   32   54   47   30   59   36   48   42   29   31   35   45   54   59   41   54   53   35  310  298  294  289  307  293  165  195  187  202  190  159  163  155  165  150  144  163  141  
 12    0    7   20   23   18   12    4   19   11   18   15   15   15    3   27   15   15    5   18   11    9   28   20   43   40   25   49   30   36   31   18   19   25   34   44   50   29   44   41   23  311  298  295  290  307  294  162  192  185  200  188  170  173  167  176  161  155  167  143  
  5    7    0   19   26   18   13    9   26    4   25   20   21   13    9   34   10   20    4   24   18   16   35   27   50   45   29   56   35   44   38   25   26   32   41   51   56   36   50   48   30  309  296  292  288  306  292  163  192  185  200  188  163  166  159  168  154  148  163  140  
 23   20   19    0   42    2    7   16   24   22   25   15   31    8   22   34   29   14   21   19   29   17   41   31   52   58   44   63   50   45   43   25   27   41   46   58   67   37   58   50   31  292  279  275  270  288  274  143  173  165  180  169  162  164  162  168  155  150  150  124  
 26   23   26   42    0   40   35   27   32   26   30   35   17   38   20   34   23   35   22   36   16   28   27   27   41   23    7   40   10   38   29   30   30   20   31   36   35   34   34   41   31  334  321  317  312  330  316  185  214  207  222  211  181  186  175  187  171  165  189  166  
 22   18   18    2   40    0    5   14   22   21   23   13   29    7   20   32   28   12   20   17   27   15   38   29   50   55   42   61   47   43   41   23   24   39   44   56   64   35   56   48   29  294  281  277  272  290  276  145  175  167  182  171  164  166  163  170  157  151  152  127  
 17   12   13    7   35    5    0    8   20   17   20   11   24    7   15   29   23   10   15   15   22   11   35   25   47   51   36   57   42   41   38   20   22   34   40   52   60   32   52   45   26  299  286  282  278  295  281  150  180  172  187  176  165  168  164  171  158  152  157  132  
 14    4    9   16   27   14    8    0   17   13   16   12   17   13    7   25   19   11    8   15   14    7   29   20   43   43   28   50   34   36   31   16   17   27   34   45   52   28   45   41   22  307  294  291  286  303  290  158  188  180  195  184  170  173  167  175  161  156  164  140  
 31   19   26   24   32   22   20   17    0   30    2    9   16   26   19   10   34   10   24    6   17   10   17    8   28   38   30   39   35   21   20    2    3   20   22   34   45   13   35   25    7  309  296  292  288  304  291  155  185  178  192  182  185  188  183  191  177  172  172  145  
  1   11    4   22   26   21   17   13   30    0   29   24   24   15   12   38    7   24    7   28   20   20   38   31   53   47   30   59   35   47   41   28   30   35   44   54   58   40   53   52   34  310  298  294  289  307  293  165  195  187  202  190  160  164  156  166  151  145  163  141  
 30   18   25   25   30   23   20   16    2   29    0   10   14   26   18   10   33   11   22    7   15   10   16    7   28   37   28   38   33   21   19    1    2   19   22   33   44   13   34   25    6  311  298  294  290  306  293  157  186  180  194  184  185  188  183  191  177  171  173  146  
 25   15   20   15   35   13   11   12    9   24   10    0   20   17   17   19   30    1   20    4   19    6   26   17   38   45   34   48   39   31   29   10   12   28   32   44   53   22   44   35   16  302  289  285  281  297  284  150  180  173  187  177  176  178  175  182  169  163  163  136  
 25   15   21   31   17   29   24   17   16   24   14   20    0   29   13   17   26   20   18   20    4   14   15   10   29   26   15   35   20   24   17   13   13   11   20   30   36   19   29   29   14  322  309  305  301  317  304  170  199  192  207  197  184  188  180  190  175  169  181  155  
 16   15   13    8   38    7    7   13   26   15   26   17   29    0   18   36   22   17   16   22   26   17   41   31   54   55   40   63   46   47   44   26   28   40   46   58   65   39   58   52   32  296  284  280  275  293  279  150  180  172  187  175  159  161  157  165  151  146  152  128  
 13    3    9   22   20   20   15    7   19   12   18   17   13   18    0   26   15   16    5   19    9   10   26   19   41   37   22   47   28   35   29   17   18   23   32   42   48   28   42   40   22  314  301  297  292  310  296  165  194  187  202  190  172  175  168  177  163  157  170  146  
 38   27   34   34   34   32   29   25   10   38   10   19   17   36   26    0   41   20   31   15   20   19   11    7   18   33   30   30   33   11   12   10    8   17   14   26   38    3   27   16    4  316  303  299  295  310  298  160  189  183  197  188  195  197  192  200  187  181  181  153  
  6   15   10   29   23   28   23   19   34    7   33   30   26   22   15   41    0   30   11   34   22   25   40   34   55   45   28   59   33   50   43   33   34   35   46   54   57   43   53   54   37  316  304  300  294  313  299  172  201  193  209  196  160  164  155  165  150  144  167  147  
 25   15   20   14   35   12   10   11   10   24   11    1   20   17   16   20   30    0   19    5   19    6   27   17   38   46   34   49   40   31   30   11   13   28   32   44   54   23   44   36   17  302  289  285  281  297  284  150  180  173  187  177  175  178  174  181  168  162  163  136  
  8    5    4   21   22   20   15    8   24    7   22   20   18   16    5   31   11   19    0   23   14   14   32   24   46   41   25   52   31   40   34   22   23   28   37   47   52   33   47   45   27  312  299  296  291  309  295  165  194  187  202  190  166  170  163  172  157  152  167  144  
 29   18   24   19   36   17   15   15    6   28    7    4   20   22   19   15   34    5   23    0   20    9   23   14   34   44   34   45   39   27   26    8    9   26   29   41   51   18   41   31   13  304  290  287  282  298  285  150  180  173  187  177  181  183  179  187  173  168  166  139  
 21   11   18   29   16   27   22   14   17   20   15   19    4   26    9   20   22   19   14   20    0   13   18   13   33   29   15   38   20   28   21   15   15   14   24   33   39   22   33   32   17  320  308  304  299  316  303  169  199  192  207  196  180  184  176  186  171  165  178  154  
 21    9   16   17   28   15   11    7   10   20   10    6   14   17   10   19   25    6   14    9   13    0   24   14   37   41   28   46   34   30   27   10   11   24   29   41   49   22   41   35   16  307  294  291  286  303  290  156  186  179  193  183  176  178  173  181  167  162  167  141  
 39   28   35   41   27   38   35   29   17   38   16   26   15   41   26   11   40   27   32   23   18   24    0   10   15   23   22   22   24   10    3   16   14    8    6   17   28    9   18   14   11  326  313  309  305  320  308  170  200  193  207  198  198  201  195  204  189  183  190  162  
 32   20   27   31   27   29   25   20    8   31    7   17   10   31   19    7   34   17   24   14   13   14   10    0   23   30   23   32   27   16   12    7    5   12   15   27   37    9   27   21    4  318  304  301  296  312  300  163  193  186  200  191  189  192  187  195  181  175  180  153  
 54   43   50   52   41   50   47   43   28   53   28   38   29   54   41   18   55   38   46   34   33   37   15   23    0   28   35   15   35    7   13   28   26   21   10   12   26   15   15    4   21  331  317  314  310  324  312  172  201  195  208  201  212  215  209  218  204  198  199  169  
 47   40   45   58   23   55   51   43   38   47   37   45   26   55   37   33   45   46   41   44   29   41   23   30   28    0   17   20   13   29   21   36   35   18   21   17   12   32   15   31   33  347  334  331  326  342  329  193  222  216  230  220  205  209  199  210  194  188  207  182  
 30   25   29   44    7   42   36   28   30   30   28   34   15   40   22   30   28   34   25   34   15   28   22   23   35   17    0   33    6   32   23   28   27   14   25   29   29   30   28   36   27  335  322  319  314  331  318  184  214  207  221  211  187  192  181  193  177  171  192  168  
 59   49   56   63   40   61   57   50   39   59   38   48   35   63   47   30   59   49   52   45   38   46   22   32   15   20   33    0   31   21   19   38   36   24   17    5   13   28    6   19   32  346  332  328  324  339  327  187  216  210  223  216  218  222  214  224  209  203  212  183  
 36   30   35   50   10   47   42   34   35   35   33   39   20   46   28   33   33   40   31   39   20   34   24   27   35   13    6   31    0   33   24   32   31   16   26   27   25   32   26   36   31  341  328  324  320  337  323  189  219  212  226  216  192  196  185  197  181  175  198  174  
 48   36   44   45   38   43   41   36   21   47   21   31   24   47   35   11   50   31   40   27   28   30   10   16    7   29   32   21   33    0    9   21   19   18    8   17   30    8   19    5   15  325  311  308  304  318  306  167  196  190  203  195  206  208  203  211  197  192  192  163  
 42   31   38   43   29   41   38   31   20   41   19   29   17   44   29   12   43   30   34   26   21   27    3   12   13   21   23   19   24    9    0   19   17    9    3   15   25   10   15   13   13  328  315  311  307  322  310  172  201  195  209  200  201  204  197  206  192  186  192  165  
 29   18   25   25   30   23   20   16    2   28    1   10   13   26   17   10   33   11   22    8   15   10   16    7   28   36   28   38   32   21   19    0    2   18   21   33   43   13   34   25    6  311  298  294  290  306  293  157  187  180  195  185  185  188  183  191  177  171  174  146  
 31   19   26   27   30   24   22   17    3   30    2   12   13   28   18    8   34   13   23    9   15   11   14    5   26   35   27   36   31   19   17    2    0   17   20   32   42   11   32   24    5  313  299  296  291  307  294  158  188  181  195  186  187  189  184  192  178  173  175  148  
 35   25   32   41   20   39   34   27   20   35   19   28   11   40   23   17   35   28   28   26   14   24    8   12   21   18   14   24   16   18    9   18   17    0   11   19   26   16   18   22   15  330  316  313  308  324  312  175  205  198  212  203  194  198  190  200  185  179  191  164  
 45   34   41   46   31   44   40   34   22   44   22   32   20   46   32   14   46   32   37   29   24   29    6   15   10   21   25   17   26    8    3   21   20   11    0   12   24   12   13   11   16  330  317  313  309  324  312  173  202  196  210  202  204  207  200  209  195  189  195  167  
 54   44   51   58   36   56   52   45   34   54   33   44   30   58   42   26   54   44   47   41   33   41   17   27   12   17   29    5   27   17   15   33   32   19   12    0   14   23    2   16   28  342  328  324  320  335  323  184  212  207  220  212  214  217  209  219  204  198  207  179  
 59   50   56   67   35   64   60   52   45   58   44   53   36   65   48   38   57   54   52   51   39   49   28   37   26   12   29   13   25   30   25   43   42   26   24   14    0   35   12   30   38  354  340  337  332  348  335  197  226  220  234  225  217  221  211  222  206  200  216  190  
 41   29   36   37   34   35   32   28   13   40   13   22   19   39   28    3   43   23   33   18   22   22    9    9   15   32   30   28   32    8   10   13   11   16   12   23   35    0   24   13    6  319  305  301  297  312  300  162  191  185  199  190  198  200  195  203  189  184  184  155  
 54   44   50   58   34   56   52   45   35   53   34   44   29   58   42   27   53   44   47   41   33   41   18   27   15   15   28    6   26   19   15   34   32   18   13    2   12   24    0   18   28  343  329  326  321  336  324  185  214  208  222  214  213  216  208  218  203  197  207  179  
 53   41   48   50   41   48   45   41   25   52   25   35   29   52   40   16   54   36   45   31   32   35   14   21    4   31   36   19   36    5   13   25   24   22   11   16   30   13   18    0   19  327  313  310  306  320  308  168  197  191  204  197  210  213  208  216  202  196  196  166  
 35   23   30   31   31   29   26   22    7   34    6   16   14   32   22    4   37   17   27   13   17   16   11    4   21   33   27   32   31   15   13    6    5   15   16   28   38    6   28   19    0  315  302  298  294  310  297  160  189  183  197  188  191  194  189  197  183  177  179  151  
310  311  309  292  334  294  299  307  309  310  311  302  322  296  314  316  316  302  312  304  320  307  326  318  331  347  335  346  341  325  328  311  313  330  330  342  354  319  343  327  315    0   16   18   21   27   22  166  144  144  137  135  266  254  290  270  282  284  162  170  
298  298  296  279  321  281  286  294  296  298  298  289  309  284  301  303  304  289  299  290  308  294  313  304  317  334  322  332  328  311  315  298  299  316  317  328  340  305  329  313  302   16    0    5   13   19    6  151  128  128  121  120  261  249  285  266  276  278  154  158  
294  295  292  275  317  277  282  291  292  294  294  285  305  280  297  299  300  285  296  287  304  291  309  301  314  331  319  328  324  308  311  294  296  313  313  324  337  301  326  310  298   18    5    0    8   23    6  148  126  126  119  117  256  244  280  261  271  273  149  154  
289  290  288  270  312  272  278  286  288  289  290  281  301  275  292  295  294  281  291  282  299  286  305  296  310  326  314  324  320  304  307  290  291  308  309  320  332  297  321  306  294   21   13    8    0   31   13  146  125  124  118  115  249  237  273  253  264  266  143  149  
307  307  306  288  330  290  295  303  304  307  306  297  317  293  310  310  313  297  309  298  316  303  320  312  324  342  331  339  337  318  322  306  307  324  324  335  348  312  336  320  310   27   19   23   31    0   19  154  130  131  122  124  277  266  301  283  292  294  169  170  
293  294  292  274  316  276  281  290  291  293  293  284  304  279  296  298  299  284  295  285  303  290  308  300  312  329  318  327  323  306  310  293  294  312  312  323  335  300  324  308  297   22    6    6   13   19    0  145  122  123  115  114  259  247  283  264  274  276  151  154  
165  162  163  143  185  145  150  158  155  165  157  150  170  150  165  160  172  150  165  150  169  156  170  163  172  193  184  187  189  167  172  157  158  175  173  184  197  162  185  168  160  166  151  148  146  154  145    0   30   23   37   31  208  201  224  215  215  213  107   71  
195  192  192  173  214  175  180  188  185  195  186  180  199  180  194  189  201  180  194  180  199  186  200  193  201  222  214  216  219  196  201  187  188  205  202  212  226  191  214  197  189  144  128  126  125  130  122   30    0   11    8   20  228  220  246  234  236  235  119   89  
187  185  185  165  207  167  172  180  178  187  180  173  192  172  187  183  193  173  187  173  192  179  193  186  195  216  207  210  212  190  195  180  181  198  196  207  220  185  208  191  183  144  128  126  124  131  123   23   11    0   16   11  216  208  234  223  225  223  108   78  
202  200  200  180  222  182  187  195  192  202  194  187  207  187  202  197  209  187  202  187  207  193  207  200  208  230  221  223  226  203  209  195  195  212  210  220  234  199  222  204  197  137  121  119  118  122  115   37    8   16    0   21  231  223  250  238  240  239  121   93  
190  188  188  169  211  171  176  184  182  190  184  177  197  175  190  188  196  177  190  177  196  183  198  191  201  220  211  216  216  195  200  185  186  203  202  212  225  190  214  197  188  135  120  117  115  124  114   31   20   11   21    0  210  202  229  217  220  219  101   73  
159  170  163  162  181  164  165  170  185  160  185  176  184  159  172  195  160  175  166  181  180  176  198  189  212  205  187  218  192  206  201  185  187  194  204  214  217  198  213  210  191  266  261  256  249  277  259  208  228  216  231  210    0   12   25    7   19   24  114  138  
163  173  166  164  186  166  168  173  188  164  188  178  188  161  175  197  164  178  170  183  184  178  201  192  215  209  192  222  196  208  204  188  189  198  207  217  221  200  216  213  194  254  249  244  237  266  247  201  220  208  223  202   12    0   37   17   31   35  104  131  
155  167  159  162  175  163  164  167  183  156  183  175  180  157  168  192  155  174  163  179  176  173  195  187  209  199  181  214  185  203  197  183  184  190  200  209  211  195  208  208  189  290  285  280  273  301  283  224  246  234  250  229   25   37    0   23   10   12  136  156  
165  176  168  168  187  170  171  175  191  166  191  182  190  165  177  200  165  181  172  187  186  181  204  195  218  210  193  224  197  211  206  191  192  200  209  219  222  203  218  216  197  270  266  261  253  283  264  215  234  223  238  217    7   17   23    0   19   25  121  145  
150  161  154  155  171  157  158  161  177  151  177  169  175  151  163  187  150  168  157  173  171  167  189  181  204  194  177  209  181  197  192  177  178  185  195  204  206  189  203  202  183  282  276  271  264  292  274  215  236  225  240  220   19   31   10   19    0    6  127  147  
144  155  148  150  165  151  152  156  172  145  171  163  169  146  157  181  144  162  152  168  165  162  183  175  198  188  171  203  175  192  186  171  173  179  189  198  200  184  197  196  177  284  278  273  266  294  276  213  235  223  239  219   24   35   12   25    6    0  127  146  
163  167  163  150  189  152  157  164  172  163  173  163  181  152  170  181  167  163  167  166  178  167  190  180  199  207  192  212  198  192  192  174  175  191  195  207  216  184  207  196  179  162  154  149  143  169  151  107  119  108  121  101  114  104  136  121  127  127    0   40  
141  143  140  124  166  127  132  140  145  141  146  136  155  128  146  153  147  136  144  139  154  141  162  153  169  182  168  183  174  163  165  146  148  164  167  179  190  155  179  166  151  170  158  154  149  170  154   71   89   78   93   73  138  131  156  145  147  146   40    0  

  0   11    5    0    0    0    0    1   36    2   10    0   11    0    0    0    0    8    0    0    0    0    0   39   14   29    0    0    0    0    0    6    1   33   41    1    0    1    1    0    0    0    2    0    0    0    0   47    1    0    0    0   15    0    1    1    0    2    0   17  
  2    0    0    0    0    0   27    0   16    0   81    0   31    0    0    0    0    0    7    0    0    0    1    6    0    0   49    0    0    1   15   58    9    3    0    1    6    0    0    6    0    0    0    0   11    0   64    1    1    0    6    0    1    5   12    0    3    1    0    1  
 64    5    0    0    0    0    0   43    0    0   42    0    0   32    0    0    0   69   18    0   48    3    0   31    0    3    1    1    0    0    0    1    0    0    0    0    1    0    0   23    0   80   46    0   80    0    0    0    0   12    0    0   97    0   15   29    0   59    0    1  
  1    0    0    0    1    0    0   63   81    0    0   12   63    0   22    0    0    0    0    1    0    0    1    0    0    1    0    0    0    0   11    0    0    1    1    0    0    1    0   77    0    0    0   71    1    0    0    7    1   58    0    0    0   18    0    0    0    0    1    0  
  0    1    1    0    0    0    1    0    0    5    0    1    0    1    0    7   36   64   41    0    6   10    1    0    0    0    0    0   70    0    0    1    0   20    1    0    0    7    1   69    4    5    0   90   27    0    0    1    0    0    1    0    0    0    0    0    2   14    0    0  
  0   20    0    4   71    0    0   34    0    0   67    0    0    1    0   22    1    0    1    0    0    0    0    0    0    3    1    9    0    0    0    2   10   31    0    1    0    0    0    1    0    0    0    0    0    1    0   15    0    0    3    0    1   98   36   16    0    1   56   80  
  4    0    0   21   70    0    0    0    0    0    0    1    0   20    0   53    0    0    0    0    0    1    0    1   45    3    0    0    0   42    0    0    0    2    0    0   59   94    1    7    0    0    0    0    1    1    0   20    0   61   71   77    0   49    0    0   56    0    0   24  
  0    0    0    7    0    0    0    0   26    1    0    0   15   21   25    0    0    0    0    0   11    0    0   18    0   55    0    0    0    1    0   29   65    0    0    0    0    0    0    0    0    0    0    5    1    0    0   25    0    0   41    0    0   10    0    0    0    1   81   16  
  1    0    0    0    1    6    0    0    0   61    5    2   15   91    0   59    1   41    1    0   59    0   81    0    0   28   14    0    0   20    1   26   60    1    0    0    0   26    0    0    1    1    1    0    0    0    0    0    1    0    1    1    0    0    0    0    7    0    2   97  
  0   60    0    0    0   46    0    0    0    0   35   25    1    0   55    1   23   11   30   54    0    1    0    1    0    0    5   46    0   31    0    0    1    0    0    1   31    0    0    9    0    1   18    1    2   10   10    9    0    0    1    0   11    0    0   42   16   45    0    0  
 24    0    0    1    1    0    1    1    6    5    0    1   31    0    3    0    0    0   25    0    0    0    0    0    0    0    3    1    0    1    1    0    0   23    0    1   29    0    0    0   21    0    1   61    1    0    1    0    0    4   25    0    0    0    0    2    0    0    0    0  
  0    0    1    0    0   12    0    0    0   91    0    0    0    1   21    1    0    0    0   53   82    1   48    0    1    3    1    1    0    0    0    0    0    0    0    1    0    0    0   47    0   34    0    0   91    7    0    1    7   20    0    0   87    0    2   21    1    1    0   24  
  0   28   60   50    0   85   35   40   70    0    9   15    0    0    0    1    0   33    0    1    0   52    7    0   34    0    0    0    0    0    1    0    8    0    1    0    1    0    0   12    1   35    1    1    0    0    0    0    1   29    0    0   90    0    0    0    0    1    0    0  
  1   12   26   17    1    0    3    0    0    0    0    1    0    0    0    0    0    0    0    2    5    0   25    0    0    0   41    3   16   20    0   58    0    0   11    1    0    1    0    1    0    0    7   11    1    0    5    0    7   58    0    0    1    0    0    1    0   15   85    0  
  0    1    0   30    1    1    1    0    0    0    0   61   47    0    0    1    0    1    0    0    1    2    0   61    2    1    1   55    1    0    5    1    0    0   11    1    0    1    0   29    0    0    1   39   21    1    1    0   87    0    1    2    0    0    0    0   11   56   70   50  
  0    1    5    0    5    7   68    1    0    0   43    1   33    0    0    0    1    0    0   90   97    0    0   20    0    5   16    0    0    1   19    0   42    3    6   19    0    0    0    0    0   11    1    0    0    0    0    0   21   20    0    0    0    0    0    0    0    0    0    0  
 36    1    0   20    0    0    0   47    5   47    0   14    0    0    0    0    0    0    0    0    0   12    0    0    0    0    4    0    0    1    0    0    0    5    0   25    0    0    0   19    0    0    1    1    0   15    0    0    0    0   34    0    0    1    0    0    2    0    0   43  
  0    2    0    0    0    0    0    0   18    0    0    0    1    1    0    1    0    0    3    0   40    0   28   35    1    6    1    0    1   67    1    7   31    0    0    1    0    0    0    0    0   41   26    0   36   15    0   95    0    0    0    0    0    0    0    0    0    4   62    1  
  0    1    0    1    2    0    0    0    0    0    0    0    0    0   52    1    0    0    0    1    0    1   10    1    0    1    3    0    0    0    1    1    0   57    1    0    1   89    1    0   13    0    1    0    1    0    0    0    5   43    0   43    0    0    1    0    0    1    6    0  
  0    2    0   10   70    1    0    1    0    0    1    0    0   48    7   65    0   50    0    0    0    1    2    0    0    0    0    0   21    0   11    0    0    0    0   58    0    0    0    1    1    0    0    0    8    0    0   40    0    0    0   64    0    0   16   16    0    0    0   19  
 82    5    0    0    1    1    0   48    1   93    0    0    0   85    0    0    0    2    0   57    0    0    0    0    0   18    3    1    1   73    0    0    0    2   12    0    0    0    0    0    0   54   99    0    0    0   16    0    0    0    0   15    0    1    0    0    0    3    0    9  
  0    0   52   22   97    0    0    1    0   93   12    1    7    1    2   99    0    0   15    0    0    0    0    1   18   46    0   91    1    0   22    0   27    7    0    1    3    0    0    0    0    0    0    0    0    0    0    0    0    0   12   24    0    1    0   41    0   31   18    0  
 61    0    1    0    0    0    0    0    0   57    0    0    0    0    0    0    0    0    4    0    0    1    0    0    0    0    1    0    0    0   43    2   63   47   97    1    0   17   35   18    0    1   65    0   36    1    0    0    0    0   48   12    0    6    0    0   14    0    9    0  
  3    9    4    0   16    0    0    0    0    5    0    0    0    3    1   65    8    0    0    0    0    0    0    0    0   99    0    0    0    0    0    0    0   24    0    0   24   70    1    9    0    0   13    0    0    0    0   91    0    1    0   21   64   13    0    0    0    0    1   35  
  1    0    0   29    1    0    1    0    1    9    0    3    1    1    0    0    0    0   64    0    0   85    0    2    0    1    1    0    0    0    0    3    0    0   52    0    0    0    0    0    0    0   47   94    0    0    0    1   40   97    1    0   14    0   73    0    0    0    0    0  
  1    0   83    0    1    0   58    0    0    1    0   39    1    0    0   15    0    0    1    0    0    0    0    0    0    0    0    1   15    0   21   74    0   15    0    0    0    1    0    2    0    0    1    0    0    0    0   29    1    0    1   88    0    0    1    0   15    0   76    0  
  0    0    1    0   86   32    0    1    0    0    8   72    0    2    6   33    0    4    0    1    1    0    0   87    0   10    0    0   81    1   24    0   46    6    0    0    3    0    0    0    1    1   20    1    0    0    0    4    0    0   43   87    0    0    6    1    1    0    0    1  
  1    0    0    0    0    0    0   80   14    1    0    0    0   17    0   63    0    0    0    8   91    2   72    1    0    0    0    0    0    0   21    1    0    0    1    0   19    0    0    5   31    2    1    1   39    0    0    0    0    0    0    0    0    0   11    5   53    0    0    6  
  0    0   64    0    0    0    1    0    1    0    3    0    0    1    0    0   21   18   13   25   12    0    0    0    0    0    0    0    0    0    0    0    2   93    0   48    2    0    4    0   54   79    0    0   91    2    1   45    3    3    0   41    1    0    0   68   36    0    0    0  
  0    0   48   13    6    0    0    0    0    0    0    0    0    1    0    0    1   77    0    0    1    1   22    0   59    1    1    0    0    0    6   49    1    0    9    1   17    0    0    0    1    5    1   13    1    0    0    0    0    0   80    0   27    3    0    0    0    1   12    0  
 28   27    0    0   18    5    0    0   49    1    0    0    0    0    1    0    0   51    0    0    0    2    0    0    0   79   30    0   15    1    0    0   88    9   31    0    0    0   80    1    0    0    0    0    1   95    1    1    1    0   11    0    0    6    0    0    0    0    0    1  
  0   40    2   36    0    0    0    0    0   17    1   77    0    0   32    0    3    1    0    0    1    4   15   51    0   33   31    9    0   26    0    0    0   10    0    1    0    4   14    0   23    0    0   30   16    0   10    1    0   30    0    0   16    0    1   25    0    0   50    0  
  0   65    1    0    1    1    7    1    0    0   10    0    1    0    0    0    3    0    2   11    4    0    1    0    1   48    0    0    5   27    4    1    0    0   60    0    0    0    1    0    1    1   14    0    0    0    1    0    0   13    0    0    1    0    9    0    0    0    5    0  
 72    0    1    0    0    1    0    0    0    0   51    0    0   65   43   15    0    1   20    0   72   34   11   36   48    1    0    1    0   33   29    0   88    0    0   98    0    0   19    0    0    0    0   98    1    0    1    0    1    0   30    0    0    1    0   97    0    0   23    0  
  1    0    0   14    1    1    0    0    3    0    0   29    0    1    0   14    0    0    1    1    7    0    0    0    1    1    0    0    1    0    0    0    0    0    0    0   52   25    0    0    0    0    0    0   12    0    0    0    0    0    0    0    1    0    0    0    0   35    0    0  
  0   74   91   28    0    0    0   49    0    0    1    0    0    0   42    0    1    0    0    0   88   21   97    0    1    0    4    0   98    2    1    0   23    0    0    0    0   71    0   70    0    0   24    1    0    0   86   20   25    5    0    0    0   30    1    0   41   60    1    0  
 61    0    1    0    0   58    4    1    1    0    0    0    1    1   27    1    2    3    0   13    5   83    8   11    1   48    0    1    0   40    0    5   78    0   16    0    0   16    0    1    0    0    0    0    1    1    0    1    3    1    3    2    0    1    7   41    0    1    0    1  
  0    0    0    0   40   42    0   48    0    1    0    0    2    0    0    0   72    0    0    0    0    0    0   38    0   62   20    0    3    0    0    0    4    0    0    0    6    0    1   64    0    0    3    0    2    0    5    2    0   25    9    0   86    0   79    0    1    0    0    0  
  0    2   12    0    0   39   93    1   37   10    0   44   60    0    1    7    0    1   24    0    0    0    0    0   38    0    1    0    5    0    0    0   81   80    1    0    0   63    0    0    0    0    0    0    0    0    0    0    0    0   67   11   11   48    9    1    1    0    0    0  
  0   20   56    1    0    0    0    0    1   24    0    0    0    0    0    7    0    3   53    0   12   95    0    0    0   42    0    6    1   14    0    0    0    0    0    0    1    0   63    0   16    0   15   12    0    1    0   41    0   64    0    0    1    0    0    0    0    1    0    5  
 75    4    0   84    0    0   76    0    0    1    0   28    1    0    1    0    4    1    6    0    0    0   14    0   88   18    0    0    0    6    1    1    0   51    0    0    0    0    0    1    0    0   56    2    0    0   85    1   33    0    0    0    0    0   44    0    0    0    0    0  
  1    0    0    0    0    8    0    0    0    0    0   11    1   48   55   79   10   36    0    0    0    0    1   12    0    0   59    9    7    0    4    0    0    0    0    0    0    0    0   95    1    0    0   36    0    0    5   26    0    2    0    1    0    1    0    1    1    1    0   10  
  0    0    0    1    7    0    2    0    0    0   20    0    1    0    0   98    0    0    0    4    1   70    0    0   10    0   15    1   50    1    1    0    0    0    6    0    0    0    5    0    0    0    0    0   80   34    0    0    1    0    0    0    1   21    1    0    0    0    0    0  
  0    0    0    0    7    0    0    0    1   48   86    7    0    1    0    0    0    5    1    0   16   14    1    0    0    0    0    0    6    1   30   92    0    0    0    1    4    1    1    0    2    0    0    0   80    0    4    0    0    2    1    0    0   12    0   30    0    0    0    0  
  1    0    0    0    0    0    0    0    0    1    5    7    1    0    0    0   18   54    0    1   28   20    1    1    0    0    0    2    1    0    0    0    0    0    2    1    0    0    0    0    0   22    0   55    0    0    0    0    1    1    0    0    0   20    0    0    0    2    1    0  
  0   23    0   17    1   70    0    4    0   56    0    0    0    0    1    0    1    1    0    0   32    0    1    0    0    0   26    0    0   16    0    0    1    0    0    1    0   39   59    1   22    0    0    1    0    0    1   12    0    0    0    0    0    0    0    0    0    0    0    0  
  0    1    0    1    0    3    0    1    0    1    1   40    0    0    0   12    6    7    0    0   47   29    0   53    1    0   82   97    1    0    0    0   64    0    0   77   88   28    1    1   15    0    0    1    0    1    0    0   16    1    0   11    1    0    0    0    0    2    0    0  
 42    0    0    0    0    0    1   42    1    0    2    0    1   68    0    0    1    0    0    0    0    0    2    0    1    1    0   89    2   27    0   15    6   26    5    0    0    7    0    0    0   71    0    1   10    4   45    0    0    1    0    2    0    0    0    1    1    0   99    0  
  3   18    0    0    0    0   18    3    0    1    1    1    1    0    0    0    0   33    0    0    1    0    0   74    0    5    0   68    3    0    2    0    3    2   10    0   75    2    0    4    0    0    0    0    1    1   41    0    0    0    0   18    0    0   60   54    0    1    0    0  
  0    0    1    0    0    0   42    9    0    1    1   31    0    0    0    0    0    1   16    0    0   76   36   38    0    1    0    1   92    1    1    2    0    1    0   42    0    0   45    0   46    1    0    0    0    0    0   13    0    0    8    3   13    0   20    0    0    0    0    1  
  1    1    4   40    0    0   53    0    0    1    1    0    0    0    0    0   96    3    0    0    1    0    9    0    1    0   72    0    0    0   19    0   61    0   29    0   78    0    5    0    0   37    0    0    2    0    0   37    0    0    0    1   14    0    0    0    0    0    0   37  
  0    0    0    0    3    0    0    0   29    1    0   62    1    0   20    0    1    0    0    7    1    0    0   24    0   19   41    0    0   26    0   39    0    0    0   26    1    1    0    0    0    0   38    0    2    0   93    0    0   53   36    0    1    0    1   24   39   14    0    0  
  0    5   17   11   14    0    5    1    0   77    0    1   17    1   26    0    0    1    0    0    0   22    0    3    0   14    0    0    9   35    1    1   10   94    0    0    0    0   37    0    1    0    0    0    5    0    0    9    0   37    0    1    0   10   10    1    0    0    0    1  
 12    0   99    1    1    0   15    0   37    0    0    0    0   23    4    1    0    1    0   30    1    0    0    2    0    0    1    1    1    0    5   74    0   57    1   19   10    0    0    0    5   18    0    1   80   63    1    0    0    0   31   65    1    0    4    1   81    4   50    1  
  0    0    0    4    0   36   92    0    0    0    0    3    2    1    1    2   52   94    4    0    0    3    0   16    0    0    0    0    2    0    0    1    2    0    0    0    0    0   33    0   14    0    0    0   56    0    0    0    0   74    0    1    0    0    0    1    0    0    8   94  
  2    5    0    1   60   76   10   67    1    0   54    0    1    0    1    0    3    0    7    0    0    0    9    0   11    0    1   34    9    0    0    0    1    1    0    0    5   24    0   69    7    0    0    0   65    0    8   28    0   57    1   14    1    1    0    0    0    0    1    0  
 32    0    0   15    1    0    0    1    3    0    8   51    0   64   15   26    0    9   58    0   34    1   51   16   85    0    0    0    1   40   93   14    0   21    7    1    0    7   42    1    0    0    1    5   25   11   28    1   88    1    0    1    1    0   53    0    0    0    9    0  
 43   22    0   29    0    0    0    0    0    0    1    0    0    0   10   24    0    2    0    0    0    0    0    1    1    0   41    0    0    0    7    0    1    1   47    1    0    0    9    3    0    0    0    0   96   53    1   11    0    0   24    0    1    0   98    0    0    0    0    0  
  0    0    1   44    0    0    1    0   31    0   50    0    6   30    1    4    3    0    1    0    0    1    1    0    0    0   36    0    0   60    1   75    6    0    0   31    0    0    0    0    1    1    0   23   15    0    1    1    0    0    1    0    0    0    0    9    6    0    0    2  
 48    4   90   17    0   11   59   16    0   41    0    0   93   87    0    0    0    0   49    1    0    0   57   84   40   50    7    0    0    0    0   38    4    0    0    0   87   15   52   12    3    1    0    2    0    1    0    0    0   42    0    1   61    0   20   68    1    0    0    0  
