60

  0   11    6   23    5   14   28   24   28   21   20    9    9  219  197  189  212  201  210  201  204  190  209  193  196  142  300  311  283  282  300  243  261  257  254  234  247  244  224  253  232  364  369  341  375  359  354  356  343  262   10   29   18   35   45    9   45   39   41   32  
 11    0    8   34   16   25   30   34   29   32   14   14   20  230  208  199  223  211  221  211  215  201  219  203  207  151  303  314  286  286  304  244  263  259  256  236  249  245  226  255  233  373  378  350  383  367  362  364  351  269   12   36   13   33   45   11   49   35   46   31  
  6    8    0   26   11   17   24   25   24   25   14    6   13  222  200  191  215  203  213  203  207  193  211  195  199  143  297  308  280  280  298  239  258  254  251  230  244  240  220  250  228  365  370  342  375  359  354  356  343  261    5   28   12   30   41    4   42   33   39   27  
 23   34   26    0   19    9   31    6   30   11   36   22   15  196  174  166  190  178  187  178  181  167  186  170  173  119  287  297  269  267  286  233  250  246  243  223  237  233  213  242  221  342  348  320  353  338  333  334  321  241   25   16   34   41   45   24   36   47   30   38  
  5   16   11   19    0   11   31   22   30   15   25   13    4  215  192  185  208  197  206  196  199  186  204  189  192  138  301  311  283  282  301  244  262  259  255  235  249  245  225  254  233  361  367  339  372  357  352  353  340  260   15   28   23   39   48   13   46   43   41   36  
 14   25   17    9   11    0   27   10   26   12   28   14    8  205  183  175  198  187  196  186  190  176  194  179  182  127  291  301  273  272  290  236  253  249  246  226  240  236  216  245  224  350  355  327  361  345  340  342  329  248   17   18   26   37   43   16   37   41   32   33  
 28   30   24   31   31   27    0   26    1   38   19   19   30  213  195  183  210  194  204  198  201  185  204  187  193  132  274  285  257  257  274  215  234  230  227  206  220  216  196  226  204  349  353  326  358  342  338  339  327  242   19   19   18   11   17   20   20   17   20    7  
 24   34   25    6   22   10   26    0   25   16   34   21   18  196  175  166  191  178  187  178  182  167  186  170  174  118  282  292  264  262  282  228  244  241  238  218  232  228  208  236  216  340  345  317  351  335  330  332  319  238   24   10   32   37   40   23   30   43   25   33  
 28   29   24   30   30   26    1   25    0   37   19   18   30  212  194  182  210  193  203  197  201  185  204  187  192  132  274  285  257  257  275  216  234  230  227  207  220  217  197  226  204  349  353  326  358  342  338  339  327  242   18   18   18   12   18   19   20   18   20    8  
 21   32   25   11   15   12   38   16   37    0   38   24   12  201  178  171  193  183  192  182  185  172  190  175  177  125  298  307  280  278  297  244  261  257  254  234  248  244  224  253  232  349  356  328  361  346  341  343  329  251   27   26   36   48   54   26   46   53   41   44  
 20   14   14   36   25   28   19   34   19   38    0   14   27  228  208  198  224  210  219  212  215  200  219  203  207  149  291  302  274  275  292  231  250  247  243  223  236  233  213  243  220  368  372  344  377  361  356  357  346  261   11   32    2   19   32   13   39   20   38   18  
  9   14    6   22   13   14   19   21   18   24   14    0   13  217  196  187  212  198  208  199  203  188  207  191  195  138  292  302  275  274  292  234  252  248  245  225  238  235  215  244  222  359  364  336  369  354  349  350  338  255    3   23   12   26   36    2   36   30   33   23  
  9   20   13   15    4    8   30   18   30   12   27   13    0  211  188  181  204  193  202  192  195  182  200  185  188  134  298  308  281  279  298  242  260  256  253  233  246  243  223  252  231  357  363  335  368  353  348  349  336  256   16   25   25   39   47   15   43   43   39   36  
219  230  222  196  215  205  213  196  212  201  228  217  211    0   37   30   34   19    9   33   33   31   19   27   32   81  244  242  225  211  235  242  237  237  238  226  240  235  220  231  230  163  178  151  184  173  167  171  150  126  220  196  227  221  213  219  196  227  194  219  
197  208  200  174  192  183  195  175  194  178  208  196  188   37    0   27   16   34   31    5    7   18   18   23    6   72  269  269  250  237  261  258  257  256  257  242  257  252  235  250  246  199  215  188  221  210  204  208  187  157  199  176  207  204  197  198  180  210  177  201  
189  199  191  166  185  175  183  166  182  171  198  187  181   30   27    0   38   14   21   26   29    9   23    5   21   53  243  243  223  211  235  232  230  229  230  216  230  225  209  223  219  189  202  174  208  196  190  194  174  134  190  166  196  191  183  189  166  197  164  189  
212  223  215  190  208  198  210  191  210  193  224  212  204   34   16   38    0   39   32   13    9   30   18   33   19   87  276  274  256  243  267  268  265  265  266  252  267  262  245  259  256  191  208  182  215  205  198  203  181  160  215  192  222  220  213  214  196  226  193  217  
201  211  203  178  197  187  194  178  193  183  210  198  193   19   34   14   39    0   11   31   34   20   22   13   27   62  237  236  217  204  228  230  226  226  226  213  228  223  207  220  217  175  188  160  195  183  176  180  160  124  201  177  208  202  193  201  177  208  175  200  
210  221  213  187  206  196  204  187  203  192  219  208  202    9   31   21   32   11    0   27   28   23   14   18   25   73  244  243  225  211  235  239  235  235  236  223  237  232  217  229  227  171  185  158  192  180  174  178  158  128  211  187  218  212  204  210  187  218  185  210  
201  211  203  178  196  186  198  178  197  182  212  199  192   33    5   26   13   31   27    0    4   17   14   22    6   73  267  267  248  235  259  258  255  255  255  241  256  251  234  249  245  195  210  183  217  206  200  204  183  154  202  180  210  207  200  202  183  213  180  204  
204  215  207  181  199  190  201  182  201  185  215  203  195   33    7   29    9   34   28    4    0   21   15   25   10   77  270  269  251  237  262  261  259  258  259  245  260  255  238  252  249  194  210  183  216  206  200  204  183  156  206  183  213  211  204  205  186  217  184  208  
190  201  193  167  186  176  185  167  185  172  200  188  182   31   18    9   30   20   23   17   21    0   19    7   12   58  252  252  232  220  244  241  239  238  239  224  239  234  217  232  228  193  207  179  213  202  195  199  179  142  191  168  198  194  187  191  170  200  167  192  
209  219  211  186  204  194  204  186  204  190  219  207  200   19   18   23   18   22   14   14   15   19    0   18   15   76  258  256  238  225  249  251  247  247  248  235  249  244  228  242  239  181  196  169  203  192  186  190  169  142  210  187  217  213  205  209  188  219  186  211  
193  203  195  170  189  179  187  170  187  175  203  191  185   27   23    5   33   13   18   22   25    7   18    0   17   58  246  246  227  214  238  236  234  233  234  220  235  230  213  228  224  187  201  173  207  195  189  193  173  136  194  170  201  196  188  193  171  202  169  194  
196  207  199  173  192  182  193  174  192  177  207  195  188   32    6   21   19   27   25    6   10   12   15   17    0   68  263  263  243  231  255  252  250  250  250  236  251  246  229  244  240  195  210  183  217  206  199  204  183  151  198  175  205  202  195  197  178  208  175  199  
142  151  143  119  138  127  132  118  132  125  149  138  134   81   72   53   87   62   73   73   77   58   76   58   68    0  226  229  206  197  220  200  203  202  201  185  200  195  176  196  187  224  232  204  238  224  218  221  205  139  141  116  147  140  131  140  115  146  113  138  
300  303  297  287  301  291  274  282  274  298  291  292  298  244  269  243  276  237  244  267  270  252  258  246  263  226    0   17   20   33   13   73   46   51   56   73   66   66   81   52   78  225  206  196  207  192  193  188  200  126  292  273  291  272  259  293  256  273  259  273  
311  314  308  297  311  301  285  292  285  307  302  302  308  242  269  243  274  236  243  267  269  252  256  246  263  229   17    0   28   33   10   89   62   66   72   87   82   82   96   67   93  213  193  184  193  179  180  175  188  120  303  283  302  283  270  304  266  285  270  285  
283  286  280  269  283  273  257  264  257  280  274  275  281  225  250  223  256  217  225  248  251  232  238  227  243  206   20   28    0   18   17   66   39   44   49   62   59   58   69   43   68  215  198  185  199  184  184  179  189  109  275  256  274  256  243  276  238  257  242  257  
282  286  280  267  282  272  257  262  257  278  275  274  279  211  237  211  243  204  211  235  237  220  225  214  231  197   33   33   18    0   24   79   54   58   63   72   72   70   78   56   79  197  181  167  182  166  166  162  171   92  275  254  274  256  243  275  238  258  241  257  
300  304  298  286  301  290  274  282  275  297  292  292  298  235  261  235  267  228  235  259  262  244  249  238  255  220   13   10   17   24    0   81   53   58   63   78   73   73   86   58   84  212  194  183  194  179  180  175  187  115  293  273  292  273  260  293  256  275  259  274  
243  244  239  233  244  236  215  228  216  244  231  234  242  242  258  232  268  230  239  258  261  241  251  236  252  200   73   89   66   79   81    0   27   23   18   16    8   10   24   24   13  269  256  239  258  241  240  237  243  150  234  218  231  211  199  235  199  212  204  213  
261  263  258  250  262  253  234  244  234  261  250  252  260  237  257  230  265  226  235  255  259  239  247  234  250  203   46   62   39   54   53   27    0    5   10   28   20   20   38    8   32  248  233  218  235  219  219  215  222  133  252  235  251  231  218  253  217  232  221  233  
257  259  254  246  259  249  230  241  230  257  247  248  256  237  256  229  265  226  235  255  258  238  247  233  250  202   51   66   44   58   58   23    5    0    5   24   15   15   34    6   28  251  237  221  238  222  222  218  225  135  249  231  247  227  214  250  213  228  217  229  
254  256  251  243  255  246  227  238  227  254  243  245  253  238  257  230  266  226  236  255  259  239  248  234  250  201   56   72   49   63   63   18   10    5    0   20   10   11   30    8   23  256  241  225  243  227  226  222  229  139  245  228  243  224  211  246  210  224  214  225  
234  236  230  223  235  226  206  218  207  234  223  225  233  226  242  216  252  213  223  241  245  224  235  220  236  185   73   87   62   72   78   16   28   24   20    0   16   11   10   20    7  256  244  226  246  229  228  225  229  135  225  208  223  203  191  226  190  204  194  205  
247  249  244  237  249  240  220  232  220  248  236  238  246  240  257  230  267  228  237  256  260  239  249  235  251  200   66   82   59   72   73    8   20   15   10   16    0    5   25   16   16  263  249  233  251  235  234  230  236  144  238  222  236  216  204  239  203  217  208  218  
244  245  240  233  245  236  216  228  217  244  233  235  243  235  252  225  262  223  232  251  255  234  244  230  246  195   66   82   58   70   73   10   20   15   11   11    5    0   21   15   13  259  246  229  248  231  231  227  233  140  235  218  233  213  201  236  200  214  204  215  
224  226  220  213  225  216  196  208  197  224  213  215  223  220  235  209  245  207  217  234  238  217  228  213  229  176   81   96   69   78   86   24   38   34   30   10   25   21    0   30   11  257  245  226  248  231  229  226  230  134  215  198  213  193  181  216  179  194  184  195  
253  255  250  242  254  245  226  236  226  253  243  244  252  231  250  223  259  220  229  249  252  232  242  228  244  196   52   67   43   56   58   24    8    6    8   20   16   15   30    0   26  248  233  217  235  219  218  215  221  131  245  227  243  223  210  246  209  224  213  225  
232  233  228  221  233  224  204  216  204  232  220  222  231  230  246  219  256  217  227  245  249  228  239  224  240  187   78   93   68   79   84   13   32   28   23    7   16   13   11   26    0  263  251  233  253  236  235  232  236  141  223  206  220  201  188  224  187  201  192  202  
364  373  365  342  361  350  349  340  349  349  368  359  357  163  199  189  191  175  171  195  194  193  181  187  195  224  225  213  215  197  212  269  248  251  256  256  263  259  257  248  263    0   27   30   32   37   34   40   27  125  361  336  366  355  344  361  330  360  330  354  
369  378  370  348  367  355  353  345  353  356  372  364  363  178  215  202  208  188  185  210  210  207  196  201  210  232  206  193  198  181  194  256  233  237  241  244  249  246  245  233  251   27    0   28    6   14   16   19   28  119  366  341  370  358  346  366  333  362  334  357  
341  350  342  320  339  327  326  317  326  328  344  336  335  151  188  174  182  160  158  183  183  179  169  173  183  204  196  184  185  167  183  239  218  221  225  226  233  229  226  217  233   30   28    0   34   23   17   22    4   96  338  313  343  331  319  339  306  335  306  330  
375  383  375  353  372  361  358  351  358  361  377  369  368  184  221  208  215  195  192  217  216  213  203  207  217  238  207  193  199  182  194  258  235  238  243  246  251  248  248  235  253   32    6   34    0   17   21   22   34  123  372  347  376  363  351  372  338  367  339  362  
359  367  359  338  357  345  342  335  342  346  361  354  353  173  210  196  205  183  180  206  206  202  192  195  206  224  192  179  184  166  179  241  219  222  227  229  235  231  231  219  236   37   14   23   17    0    7    5   25  106  356  331  360  347  335  356  322  351  323  346  
354  362  354  333  352  340  338  330  338  341  356  349  348  167  204  190  198  176  174  200  200  195  186  189  199  218  193  180  184  166  180  240  219  222  226  228  234  231  229  218  235   34   16   17   21    7    0    7   19  103  351  326  355  342  330  351  318  347  318  341  
356  364  356  334  353  342  339  332  339  343  357  350  349  171  208  194  203  180  178  204  204  199  190  193  204  221  188  175  179  162  175  237  215  218  222  225  230  227  226  215  232   40   19   22   22    5    7    0   25  102  352  327  356  343  331  352  318  347  319  342  
343  351  343  321  340  329  327  319  327  329  346  338  336  150  187  174  181  160  158  183  183  179  169  173  183  205  200  188  189  171  187  243  222  225  229  229  236  233  230  221  236   27   28    4   34   25   19   25    0   99  340  315  344  333  321  340  308  337  308  332  
262  269  261  241  260  248  242  238  242  251  261  255  256  126  157  134  160  124  128  154  156  142  142  136  151  139  126  120  109   92  115  150  133  135  139  135  144  140  134  131  141  125  119   96  123  106  103  102   99    0  257  233  260  245  233  257  222  249  223  245  
 10   12    5   25   15   17   19   24   18   27   11    3   16  220  199  190  215  201  211  202  206  191  210  194  198  141  292  303  275  275  293  234  252  249  245  225  238  235  215  245  223  361  366  338  372  356  351  352  340  257    0   25    9   25   35    2   37   28   34   22  
 29   36   28   16   28   18   19   10   18   26   32   23   25  196  176  166  192  177  187  180  183  168  187  170  175  116  273  283  256  254  273  218  235  231  228  208  222  218  198  227  206  336  341  313  347  331  326  327  315  233   25    0   31   30   30   25   20   36   15   27  
 18   13   12   34   23   26   18   32   18   36    2   12   25  227  207  196  222  208  218  210  213  198  217  201  205  147  291  302  274  274  292  231  251  247  243  223  236  233  213  243  220  366  370  343  376  360  355  356  344  260    9   31    0   20   32   11   38   21   37   18  
 35   33   30   41   39   37   11   37   12   48   19   26   39  221  204  191  220  202  212  207  211  194  213  196  202  140  272  283  256  256  273  211  231  227  224  203  216  213  193  223  201  355  358  331  363  347  342  343  333  245   25   30   20    0   13   26   26    6   27    4  
 45   45   41   45   48   43   17   40   18   54   32   36   47  213  197  183  213  193  204  200  204  187  205  188  195  131  259  270  243  243  260  199  218  214  211  191  204  201  181  210  188  344  346  319  351  335  330  331  321  233   35   30   32   13    0   37   17   16   21   14  
  9   11    4   24   13   16   20   23   19   26   13    2   15  219  198  189  214  201  210  202  205  191  209  193  197  140  293  304  276  275  293  235  253  250  246  226  239  236  216  246  224  361  366  339  372  356  351  352  340  257    2   25   11   26   37    0   38   30   35   23  
 45   49   42   36   46   37   20   30   20   46   39   36   43  196  180  166  196  177  187  183  186  170  188  171  178  115  256  266  238  238  256  199  217  213  210  190  203  200  179  209  187  330  333  306  338  322  318  318  308  222   37   20   38   26   17   38    0   31    6   24  
 39   35   33   47   43   41   17   43   18   53   20   30   43  227  210  197  226  208  218  213  217  200  219  202  208  146  273  285  257  258  275  212  232  228  224  204  217  214  194  224  201  360  362  335  367  351  347  347  337  249   28   36   21    6   16   30   31    0   33    9  
 41   46   39   30   41   32   20   25   20   41   38   33   39  194  177  164  193  175  185  180  184  167  186  169  175  113  259  270  242  241  259  204  221  217  214  194  208  204  184  213  192  330  334  306  339  323  318  319  308  223   34   15   37   27   21   35    6   33    0   25  
 32   31   27   38   36   33    7   33    8   44   18   23   36  219  201  189  217  200  210  204  208  192  211  194  199  138  273  285  257  257  274  213  233  229  225  205  218  215  195  225  202  354  357  330  362  346  341  342  332  245   22   27   18    4   14   23   24    9   25    0  

  0    1    0   44    1   17    1    0    0    1    0    0    0    0    0    1    0    0    0    0    0    0    0    1    0    0    2    0    0    0    1   41    1    0    0    0   17    0    1   36   44   16    0   81   32    0   59    1    0    1    0   32    1    1   12    0    0    0    0    1  
  0    0   66    0   23    6    0    0    0    1    1    1    1    0   28    0    1    0    0   67    1    1    0    1    1    0   50   14    0    0    0    1    0   51    0    0    1    1   17    1    1    0    0   98    1    8   80    0    0    0   56   10    1    0    7    0   15    1    0   48  
  0    9    0    1   91    1    3    0    0    0    1    0    1    0    0   67    0   31    0    0    2    3    0    1    0   47    0    0   63    0    0    4    0    0    1    0    1    0   59    0    2    0    1    0    1    0    1    0   43    0    0    1    0    0    0    4    0    0    0    0  
  0    3    0    0   41    0    0    0    1    0    0    0    0    0    0    0    0    0    0    0    0   24    0    0   38    1    1   57    1    1   84    1    0    0   39    0    1    0    1    0    0    1    0   10   88    1    0    1    6    0    0    0    0    6    0    0   77    1    1    2  
  1    0    0    2    0   43    1    0    1    1    1    0    0    0    0    0    0    1    0   49    0    1    1    0   74    0   11   24    0    0    2   17    0   17    1    0    0    0   50    0    0    1    0    0    0    0    0    0    1    1    0    0    0    0    0    1   76    1    0    0  
  0    1    0    1    0    0    0    0   22    1    2    0    0    0    0    1    1    0    0    0    1   74    0    0   10   14    1    0    1    1   47   16   70    3    0    0    0    1    0   10    0    1    6    0    1    0    0    0    7    0    2    0    0    0    0    0    0    1    0   33  
  0    0    0   67    0    3    0   14   66    0    0   70    1    0    1    0    0    1    3   42    0    0    1    0    1    0   27    0    0    0    0    0    0   57   98    1    0    2    0    1   25    1    0    1   34    1    0    0    0    0   12    0    0    1    1    1   14    0    1    1  
  1    2    1    0    4   92    0    0    0    0    0    4    0    0    0   59    0    0    0    0    0    0    0    1    1   86    7    0   54    0    0    1   64    0    0    0    0    0   28    1    0    0    0    1    0    1   13    0    0   27    0    1    0    0    0   76    0    0    0    1  
  0    0   80    1    0    0    1    0    0   14    0   94   12   68    0    0    0   33    0   30    0    1    0    1    3   80    1    2    4    0    0    1   29    3    1    0    0    1    0    0    0    1    0    1    0    0    2    1    1    0    9    0    0    1   22    4    0    1   24    0  
  1    1   46   47    0   12    1    1    2    0    2    6    0    1   31    0    1    0    0    0    0    1    5   46    1    1   91    0    1    0    2    4    0    1    0    0    0    0    0    1    1    0    0    0    2   73    1    4    1    0    0    0    1    0    0    0   30   16    0    0  
 34    2    0    0   12   39    0    2    0    7    0    0    0    0    0    0    2    0    0    1    0    2    0    0    1    3    0    0    1    1    0    0    7    0    1    1    1    0    1    0   61    0    1    0    0    1    0    1    0    0    0    1    5    0    0    0    1   87    0    0  
  1    0    1    0    0    1    0    0    0    0    0    0    0    1    0    0    0    0    0    1    0    1   49   46    0    0    0   35    0    1   11    0    1    0    1    1    0    1   15   72    1    1    0    0    0    1    6    0    1    1    0    0   96    0   19   26    0    0    0    0  
  1    0    0   39    0    0    3   24   14    0    0    9    0    2    0    0   26    0    0   41    0    0    1    2    0    0   42   65    0    2    0    0    1    0    0    0    0    0    0    0    0    0    0    0    0    0    1    0    0    0    0    1    0    0    1    0    1   81    0    0  
  2    0    7    0    0    1    1    0    0    0    1    8    0    0    0    0   17    0    0    0    0    0    0   11   23    1    0    0    1    1    0    0    0    0    1    1    0    0    1   32    0   87   43    0    1   34   70    0    1    1    0    0    1    0    1   48    0    0    0   64  
  0    0    0    1    0    0    1    0    1   55    1    0    0    0    0    0    0    0    0    0    1    0    0    0    0    1    0    2    1    6    0   17    0    0    1    0    0    0    0    0    1    0    0    0   18    1    0   35    0    0   60    1    0    0    0    0    0    1    3   93  
  2    0    9    0   44    0    1    0    3   93    0    1    0    1    0    0   17    1    1   10    0    0    0    4    0   39    2   54    1    0    0    0   59    0    0   87   17    0    0    5    3    0    1    1    1    0    1   52   28    0    0   36    0    0    0    0    0    0   39    0  
  8    4    0    0    0    1    0    1    0   38    0    0    0   23    0    2    0    0   90    5    0    0    1    1    1    0    0    0    1    1    1   28    0    0    0    0   10    1    0    0    0    0    0    1    3    1    1    0    0    0    1    0    1    1    8    0    1    0    0    0  
 29    0    0    1    0   40    0    1    1    0    0    0    0    1    0    5    2    0    0    0    0    2    9    0    1    0    0    0    0    1    0    1   25    0    1    1    0   78    0    0    0    3    0    0    0    1    0    1    1    0    0    4   28    0    0    1   40    0    0    1  
  1    1    1   77   33    1    0    0    0    0   85    0    1    1    0    0   26    0    0    0    1    1    5    0    1    0   59    1   28    0    8    0    1    1    1    0   54    0    0    0    0    0    1    0    1    0    0    0    0    0    3    1    0    0   31    0    0    1    0    0  
  0    0    3    0    0    1   24   22   18    1    2    0    0    0    1    0    1    0    0    0    1    1   38    1    0    0    0    0    0    1    0    0    0    1   35    0    0    3    0    0    0    1    0    1    0    0    1    1    0    0    3    1    1    1    6    0    3    1    1    0  
  1    1    1   59    0    0    1    1    0    0    0    1    0    1    1    0    1    0   31    1    0   81    0    1    0    0    1    0    0    5    0    6    0    1    1    0    1    1    1    0    0    0    0    0    1    1    1    1    0    0    0    0    1    0    0    0    2   62    1    1  
  1    4    7    5    0   17   77    1    9    1    0    0    1    1    0    1    5    8   30    0    1    0    1    0   18    9   11    6   57   37    0    1    0    1   88    0    1    1    1    0    0    0    1    1    8    1    3   49    0    0   27    1    1    1   94   46    0    1    0    0  
  1    0    7   55    5    4    0    0    0    8    4    0    0    0    3    0    0    1    0    0   19    0    0    0    0    0    2    0    0    6    1    1    1    4    0    0    0    1    1   59   57    0    1    0    1    0    0   54    2    0    1    1   80    1    1    0    0    1    0    1  
  0    0    0    0    1    0    1    1    0    1    1    0    0    0    1    0    0    1    1    6    0    0    0    0    0    1    3    0    1    1    0    0    4    0    0    1    0    0    0    1    0    1    0    0    1    0    0    0    1    0   73    0    1    1    1    1    0   29    0    0  
  1    1    1    0   23    1    0    0    0    0    0    1    0    0    0    6    0    0    1    1    1    1    1    1    0    1    1    0    0    4    0    1    1    1    0    0   10   38    0    0   69    0    0    1    0    1    0    0    1    0   43   98    0   51    0    1    0    0    1    0  
  1    0    1    3    0    1   41   20    0    0    0   20    1    0    1    1    5    0    0    1    3    0    0    0    1    0    0    0    1    0    0    0    1    1    5    6    0    0    0   15    1    0   42    2    0   74   85    0    0    0    0    0    0    0    5    0    0    0    0    1  
  1    0   28    0    0    0    5   56    1    2    0   15    1    0    1    9   17   48    0   65    1    1    0    0    3    0    0    0    0    1    1    0   11   40    0    3    1    0    1   21    0    1    1    0    1   46   23    1    0    1    0    0   15    0    0    0    5    0    1    1  
  1   27    0    2    0    0    1    0    0    1    1    0    0    0    1    0    1    1    0    7    1    1   48    1   15    0    0    0    0    7    0    0    0   23    0    0    0    0    0    0   33    0    1    0    0    2   58    0    0    1    0    0    1    1    1   44    0    0    0   13  
 70    0    1    0    1    1    2    0    0    0   15    6    1    0    1    0    1    0    0   26    1    0    0    1    7    4    0    0    0    2   35   90    0   87    0    0    1    1    1    0    0    1    0    0   42    0   77    0    0    0    0    1    1    0    0    1    1   88    1    0  
  0    1    0    0   10    1   22    1    0    0    4   75    0    0    0   93    1    1   52    1    0    0    1    0    1   78    1    1    5    0    0    0   56    1    0    7    1    1    0    0    0    0   55    7    0    4    1    0    1    0    0    0    1    0    1    0    6    2    1    1  
 97    0   25    3    1    1    1    0   42    0    1   30    0    0    1    0    0    0    2   95    0    1    0    1   75    0   36   11    4    0    0    0    0    0    0    0    0    1    0    1    0    0    0    1    0   63    1    0    0   20    1    1    1    0    0    1    0    3    6    0  
  0    0    0    0    7    0    1    0    1    0    1    0    0   26    0    0    1    0    1    1    0    6    0    0    0    1    0   31    2   88    0    0    0    0    0    0   20    0    0    0    1    0    1    1   15    0   32    1    1    0    6   78    0   62    1    0    0   37    0    0  
 11    1    0    0   64    0    0   16    0    1    0   13   16    0   51    1    0    0    0    0    8    1   48    0    1   80    1    1    1   13    6   32    0    0   66   52   18    0    0    0    0    0    0    0    0    0    0    0    1    0    0    1    0    1    0    0    0    1    0    0  
 20   22    0   96    1    0    1    0    0    1    0    0    0    0    0    0    0    2    1    0    0   52    0    0    0   28   13    1    0    0    0   69   74    0   37    5    0    1    1    1    0    0   14    5    5   95    1    3   23    0    0    1    0   82    0    1    0    0    0    0  
  1    1    0    1   26    1    1    1    0   89   51    1    1    0    0    0    1    1    1    1   67    1    0    1    0    0   77    0    0    0    5    0    1    0    0    1    0    0    1    0    0    0    0    8    0    0    0    1    0    0    1   30    1    0    1   45    1    1    0    1  
  0    0    0    0    1    1    1    1    0    1   20    7    0    7    0    0    0    0    0    0    0    0    1    1   59    0   56    1    0    0    0    0   27    0   10    0    0    0    0    7   36    0   10    1    0   19    0    0    6    0   99    1    0    1    0    1    0    0    0    0  
 10    1    2    0    0    0    0    0    0    0    0    0    0    0    1   78    1   31    0    0   63   25   13    0    1    1    0    0   37    1    1    0   65    1    0    1    0    0    0    1    0   18   22    1    0    0    0    0    1    0    0    1    0    1    0    0   66    0    0    0  
 29    0    0    0    1    0   17    1    0   43    0    0   22    0   77    0    0    0    1    0    0   12    1    0    0    3    0   11    2    0   13    0    0    0    0    0   87    0    5    0    0    1    0    0    0    0    1    1    1    0    1    0    1    0    1    5   30    0    0    0  
  0    1    0   44    7    0    0    1    0    0    0   50    1    0    1    0    1    0    0   84    0    0    1    0    0    0   11    0   79    0    1   10    0    0    0    2    1    0    0   15    1    0   45    0    0    1    1    0    1   44    0    0    1    1   11    1    1    0    1    1  
  1    0    0   43    1    0    1    5    1    1    1    0    0    1    0    0    0    1    1   11   13    1    1   47    5    0    2    0    0    1    0    0    3    0    0    2    0    0    0    0    0    1    0    0    0    1    0    6    1    0    0   33    0    3    0    0    0    0    1   94  
  1    0    1    0    0    0    0    1    0   13    0    1    0    0   18    1    0    1    0    0    1    0    0    0    0    4    1    6    0    0    0    1    1    0    0    1    0    0    0    1    0   51    0   58    0    0    0    1    1    0    1    0    1   84    0    1    2    1   93    1  
  0    1    0    0   77    0    0    0    1    0    0    0    0    1    0    0    1   29    1    0    0    1    1    0   35    1    0    1    0    2    0    0    0    0    1    1    0    0   18    0    1    0    9    0   15    1    1    1    0    1    0    1   37    0    0    0    0   28    1    0  
  0    0    1   43    0    1    1    1    0    1    1    0   30   20    0    0    2    0   28    0    9   11    1    1   51    0    2    1   44    1   91    1    1    1    0    1    0    0    0    1    2    1    0    1    1    9    0    2    0    0    1    1   53    0    8    0    1    0    0    0  
 16    1    0    3    1    1    0    1   65    1    1   97   58    1    0   28    1   22    0    0    0    0    3    0    1    0    0    0    0    0    0    0    1    3    0    0    0   98    0    0    1    7    0    0    1    0    0    0    0    3   66    0    3    1    0    0    0    0    0    1  
  0    0    0    0    1    0    0    0    0    0    0    1    0    0   10    0    0    0    1    0    1    0    1   29    0    1    1   80   57    0    0    0    1    0   34    0    0   89    1    0    9    1   39    0    0   61    0    0    0   94    0    0    0    1    1    0    0    5    0    1  
  1    1    1    0    1    0    1    1    0   57    0    6    0   64    0    1   28    1   87    1    0    0    0    0    0    0    1    1   26    0   14    0    0    0    1    0   50    0    0    1    0    0    0    0   11    0    1    0    0    0    7    0    1    1   41    0   52   27    0    1  
  0    1   14    0    1    1    0    0    1    1    0    1    0    1    3    0    2    0    0    0   34    1    0   45    0   20    1    0    6    0    0    9    2   20    1    0    0    0    0    0   51   12    0    1    0    1    0    1    0    0    1    0    1    0    1   21    1    1    1   34  
  0   49    0    0    0    1    1   18    7    0    0    0    0   62    0    0    3   51    0    1   61    0    0    1    1    1   82    4    0    0    0    1    0    0    0    1    0    1   20    0    0    0    5    6   10    0    0    0    0    0    0    0    0    0    0    0    0    1    0    1  
  1    0    0    0   60    0    0    0    0   53    1    0    1    0    0    0    1    0    0    0    0    0    0    0    0    7    1    0    1    0    1    0    1   18   23    0    1    0    0    0    0    0    0    1    0    0    0    1    0    1    1    3    0    0    4   38    4   41    0   67  
 13    1   10   19   87    0   24   71    0    0    0    2    0    1    0   14    1    1    1    0    0    0    0    0    1    0   29    0    1    1    0    1   15    0    0    9    0    0    1    2    0    1    0    0   11    0   11    0    0    0    0    0    0   17    0    0    0    0    0   10  
  7    0    1    5    0    0    8    1    0    0    0    0    0    0    0    1    3    0    0    1    0    0    1    1    0    0    0    0    1    1   19    0    0    1   56   14    0    1    1    5    0    0    0    8    3    0   15    0    0    1    0    2    5    0    5    0    0    2    1    0  
  0    0    0    0    1    0   84    1    0    2    0    0    0    0    0    0    8    0    1    0    0    0    0    0    0    0    6    0    0   46    1    1    2    0    0    3    0    1    0    0    0    1    1    0    0    0    1    0    1   34    1    0    0    1    1    0    0    0    8    1  
  1    1    0    0    6    1    1    0    0   86    0    0    0    0    1    1    0    0    1    1    1    1    1    0    0    0    0    0    0    1    0   18    0    0    0    0   50    0    0    1    1    0    1    0    0    0    0    1    0    0    1    0    0    0    1    0    0    6    0   67  
  1    0    0   30    1    0    1    1    1    1   93    0    1    0    0    0    0    0   41    0    1    0    1    5    1    0    0    1    0    9    0   34    6    0    2    0    0   45    1    0    0    0    0    1    1   25    4    1    1    0    0    1    0    0    1    0    0   28    0    1  
  0    1    1    0    4   76    1    1    0    1    0    1    1    0    0    4    2    0    0   46    0    2    0    0    0    0    1    0    0    1    0    1    0    1    0    0    4    0    0    0    0    1    1    1   11    0    0    0    0   64    1    0   97    0    0    1    0    0    0   80  
  0    0    0    2    0    0    0    0    0    0    4    9    0    0    1    1    0    0    1    0    0   21    1    0    3    1    2    0    0    1    0    1    0    1    0    1   10    0    0    0    0    5    1    1    1    7    0    0    0    0    0    0    1    5    0    0    8    0    1    1  
  1   46    1    1   50    1    0   42    0    0    0    7    0    0    0    0    0    0    2   56    1    1    1   13    0    0    0    0    0    0    0   90    1    1    0    0    2    0    1    1   22    1    0    1    0   22    0   67   32    1    1    0    0   80   23    0    0    0    1    1  
  0    1    0    1    0    0    0    0    0    0    1    1    5    0   21    1   18   91    1    4   55   96    1    0    0    1    0    0    0    1    0   39    1    0    5    0    0    0    0    1    0    1    0    0   19    0    1    0    1    0   29    0    1    0   96    0    0    0    1    0  
  1   13    1    1    0    1    1    1    1    1    0    0    0    1    0    0    0    0    0    7    1    0    0    1    0    1    0    0    0    0    1    2    0    0    0    0    0    0    0    0    0    0    1    0    0   63    0    0    0    0    0   66    0    0    1    0   67    1    0    0  
  1    1    2    0   22    0    0    1    1    0    0    0    0    0    0   75    0    1    0   65    1    1    0   99    0    0    0    1    1    7    0    0    0    0    1    3   37    0    0    1    0    1    0    0   12    0    0    0    0    1    1    0    0    0    0    1    0    7   18    0  
