60

  0  175  192   97  119  109  125  103  112  228  210  219  208  198  119  120  104  141  128  127  125  141  100  135  123  240  228  236  142  137  121  144  121   42   18  213  220  221  253  315  284  317  315   72  176  344  309  299  331  299  102  108  128  119  115  151  141  171  150   49  
175    0   19  115   94  111   71   87   72   55   39   44   33   26  173  191  175  181  197  101  100  140  134  112  135   93   86  101   32   48   58   35   54  174  160   51   45   47   79  178  152  182  193  143  184  214  190  180  196  171  104  102   97   93  112  144  170  174  151  171  
192   19    0  133  112  130   89  106   90   43   20   27   16    8  191  209  193  199  215  118  118  157  152  129  152   78   72   88   50   66   76   49   71  192  177   34   28   29   61  175  151  180  193  161  199  213  190  181  193  171  116  112  104  102  121  160  187  190  168  186  
 97  115  133    0   26   12   45   30   45  157  154  156  145  141   62   78   60   77   85   30   29   52   20   38   35  204  194  207   88   67   61  100   80   73   79  165  156  161  189  220  190  221  218   33   97  248  213  202  236  203  114  119  132  122  132   62   69   90   64  126  
119   94  112   26    0   18   24   24   33  133  132  133  122  120   79   97   82   89  103   12   10   52   41   26   42  185  176  190   71   47   47   85   70   99  101  145  133  139  165  196  165  198  196   59  100  225  190  180  212  179  116  119  129  119  133   60   78   91   65  142  
109  111  130   12   18    0   41   32   45  151  150  151  141  138   62   79   63   74   86   19   18   43   23   26   28  202  193  206   87   64   61  100   82   84   91  162  151  157  184  209  178  210  206   43   90  236  201  191  225  191  122  125  138  127  139   53   64   82   55  137  
125   71   89   45   24   41    0   22   17  113  109  111  100   97  103  120  104  113  126   33   32   75   63   47   66  162  153  167   48   24   25   62   49  112  107  121  111  117  145  192  161  194  195   75  121  223  190  180  209  177  101  103  111  102  117   81  102  112   87  140  
103   87  106   30   24   32   22    0   16  133  126  129  119  113   92  108   90  105  115   36   34   73   50   50   60  174  164  177   59   40   31   70   51   90   85  136  130  134  164  213  182  215  215   56  121  243  210  199  230  198   92   95  106   96  109   82   96  113   86  120  
112   72   90   45   33   45   17   16    0  120  110  115  104   98  107  123  105  119  130   44   42   85   65   58   73  159  149  162   43   26   16   55   38  103   95  120  115  119  149  207  177  209  211   71  132  239  207  196  224  193   85   88   97   87  102   92  109  124   97  124  
228   55   43  157  133  151  113  133  120    0   39   23   28   43  209  227  214  212  232  136  136  169  174  143  169   92   93  108   87   94  108   90  109  223  213   56   21   31   35  138  117  144  160  188  205  176  158  149  155  138  158  155  147  145  164  170  200  196  178  226  
210   39   20  154  132  150  109  126  110   39    0   17   15   13  211  229  213  218  235  138  138  177  172  149  172   61   58   74   69   86   96   66   88  211  196   19   18   12   45  177  155  182  198  181  218  215  195  186  194  175  128  124  113  113  131  180  207  209  187  200  
219   44   27  156  133  151  111  129  115   23   17    0   11   23  211  229  214  217  235  138  137  174  174  147  172   72   71   87   76   89  101   76   97  217  204   33    2    9   35  161  140  166  182  185  214  198  180  171  178  160  141  138  128  127  145  176  205  204  184  212  
208   33   16  145  122  141  100  119  104   28   15   11    0   15  201  219  204  207  225  128  127  165  163  137  162   76   73   89   65   79   90   65   86  206  193   34   12   17   46  164  141  169  184  174  205  201  181  172  181  161  132  129  120  118  137  167  196  196  175  202  
198   26    8  141  120  138   97  113   98   43   13   23   15    0  199  217  201  207  223  127  126  165  160  137  161   70   64   80   57   74   83   54   76  199  183   26   25   23   56  178  155  183  197  169  208  216  194  185  196  175  118  115  105  104  122  169  196  198  176  190  
119  173  191   62   79   62  103   92  107  209  211  211  201  199    0   19   16   22   24   74   74   46   42   66   40  264  255  268  149  126  122  162  143   78  105  224  211  218  243  240  211  240  230   54   59  261  224  215  254  220  171  176  192  181  189   52   25   57   45  162  
120  191  209   78   97   79  120  108  123  227  229  229  219  217   19    0   19   30    8   92   92   64   58   85   59  281  271  285  166  143  139  178  158   78  108  241  229  236  261  257  228  256  245   63   67  276  239  231  270  236  183  188  204  193  200   69   38   68   61  166  
104  175  193   60   82   63  104   90  105  214  213  214  204  201   16   19    0   38   27   78   78   58   41   74   48  264  254  267  149  127  121  160  140   63   91  225  215  220  247  253  224  253  244   44   75  275  238  229  267  233  163  168  185  174  181   65   41   73   59  148  
141  181  199   77   89   74  113  105  119  212  218  217  207  207   22   30   38    0   28   81   82   43   58   70   47  274  265  279  160  136  135  174  156  101  127  232  217  224  247  230  202  229  217   75   38  248  211  203  242  208  190  195  209  198  208   45   12   38   36  184  
128  197  215   85  103   86  126  115  130  232  235  235  225  223   24    8   27   28    0   97   98   66   65   89   64  288  278  292  173  150  145  185  165   85  116  248  235  241  266  258  229  257  245   71   64  276  239  231  271  236  191  196  212  201  208   71   38   66   63  174  
127  101  118   30   12   19   33   36   44  136  138  138  128  127   74   92   78   81   97    0    2   41   40   14   34  193  185  199   81   56   58   95   81  103  109  152  138  144  169  190  159  191  188   62   88  217  182  172  206  172  128  131  141  131  145   48   70   80   54  152  
125  100  118   29   10   18   32   34   42  136  138  137  127  126   74   92   78   82   98    2    0   43   39   16   35  192  184  198   79   55   56   94   79  101  107  151  137  144  169  191  161  193  190   61   90  219  184  174  207  174  126  129  139  129  143   50   71   81   55  150  
141  140  157   52   52   43   75   73   85  169  177  174  165  165   46   64   58   43   66   41   43    0   41   29   18  234  225  240  122   97   99  137  122  106  123  191  174  182  204  196  166  195  187   68   48  217  181  171  209  175  165  168  180  170  182   11   31   39   13  176  
100  134  152   20   41   23   63   50   65  174  172  174  163  160   42   58   41   58   65   40   39   41    0   40   24  223  213  227  108   86   81  120  100   68   82  184  174  180  207  226  196  227  221   27   83  251  215  206  241  207  132  136  151  140  150   52   51   76   51  135  
135  112  129   38   26   26   47   50   58  143  149  147  137  137   66   85   74   70   89   14   16   29   40    0   26  205  197  211   94   69   71  108   95  107  117  163  147  154  177  186  155  187  182   66   75  212  176  166  201  167  142  145  155  145  159   34   59   66   40  163  
123  135  152   35   42   28   66   60   73  169  172  172  162  161   40   59   48   47   64   34   35   18   24   26    0  227  218  232  113   89   88  127  110   90  106  186  172  178  203  208  177  208  201   51   62  231  195  185  222  188  149  153  166  156  167   29   37   55   29  158  
240   93   78  204  185  202  162  174  159   92   61   72   76   70  264  281  264  274  288  193  192  234  223  205  227    0   13   18  115  138  143  105  127  251  230   44   74   63   72  227  209  232  251  227  277  264  249  241  243  229  144  138  121  125  139  238  263  268  245  219  
228   86   72  194  176  193  153  164  149   93   58   71   73   64  255  271  254  265  278  185  184  225  213  197  218   13    0   16  106  129  133   94  116  240  217   39   73   62   77  229  210  235  252  217  270  266  250  242  246  230  131  125  108  112  126  230  254  260  237  206  
236  101   88  207  190  206  167  177  162  108   74   87   89   80  268  285  267  279  292  199  198  240  227  211  232   18   16    0  119  143  146  107  128  250  227   55   88   77   90  244  225  249  267  229  285  281  266  257  260  245  137  131  113  118  130  245  269  275  252  212  
142   32   50   88   71   87   48   59   43   87   69   76   65   57  149  166  149  160  173   81   79  122  108   94  113  115  106  119    0   25   28   16   23  142  128   77   77   79  111  199  170  202  209  113  168  234  205  195  216  189   79   78   78   71   90  128  150  159  134  141  
137   48   66   67   47   64   24   40   26   94   86   89   79   74  126  143  127  136  150   56   55   97   86   69   89  138  129  143   25    0   17   41   35  129  120   98   90   94  124  188  158  191  196   96  143  222  191  181  206  176   93   94   97   89  107  103  125  134  109  143  
121   58   76   61   47   61   25   31   16  108   96  101   90   83  122  139  121  135  145   58   56   99   81   71   88  143  133  146   28   17    0   39   24  116  104  105  102  105  136  205  175  208  212   86  146  238  207  197  222  192   78   80   86   77   93  106  125  137  111  126  
144   35   49  100   85  100   62   70   55   90   66   76   65   54  162  178  160  174  185   95   94  137  120  108  127  105   94  107   16   41   39    0   23  148  130   70   77   77  110  210  182  213  222  123  183  245  218  208  227  201   70   68   65   59   79  143  163  174  149  137  
121   54   71   80   70   82   49   51   38  109   88   97   86   76  143  158  140  156  165   81   79  122  100   95  110  127  116  128   23   35   24   23    0  125  107   93   98   99  132  219  190  223  229  101  170  254  225  214  237  209   59   59   63   54   72  130  147  161  135  118  
 42  174  192   73   99   84  112   90  103  223  211  217  206  199   78   78   63  101   85  103  101  106   68  107   90  251  240  250  142  129  116  148  125    0   33  218  218  221  252  293  262  293  289   41  136  319  283  273  308  274  125  131  150  140  141  117  101  133  113   90  
 18  160  177   79  101   91  107   85   95  213  196  204  193  183  105  108   91  127  116  109  107  123   82  117  106  230  217  227  128  120  104  130  107   33    0  200  205  206  239  297  266  298  296   55  160  326  291  281  313  280   96  102  121  112  111  134  125  155  133   58  
213   51   34  165  145  162  121  136  120   56   19   33   34   26  224  241  225  232  248  152  151  191  184  163  186   44   39   55   77   98  105   70   93  218  200    0   35   25   51  194  173  199  215  191  234  231  213  204  211  193  125  120  107  108  125  195  221  225  202  200  
220   45   28  156  133  151  111  130  115   21   18    2   12   25  211  229  215  217  235  138  137  174  174  147  172   74   73   88   77   90  102   77   98  218  205   35    0   11   34  159  138  165  180  186  213  197  178  169  176  158  143  139  130  128  147  176  205  204  184  214  
221   47   29  161  139  157  117  134  119   31   12    9   17   23  218  236  220  224  241  144  144  182  180  154  178   63   62   77   79   94  105   77   99  221  206   25   11    0   33  169  148  174  191  190  222  207  189  180  186  168  140  136  125  125  143  184  212  212  192  212  
253   79   61  189  165  184  145  164  149   35   45   35   46   56  243  261  247  247  266  169  169  204  207  177  203   72   77   90  111  124  136  110  132  252  239   51   34   33    0  155  140  161  181  219  241  192  180  172  171  159  173  169  157  157  175  205  235  231  213  245  
315  178  175  220  196  209  192  213  207  138  177  161  164  178  240  257  253  230  258  190  191  196  226  186  208  227  229  244  199  188  205  210  219  293  297  194  159  169  155    0   31    6   32  251  202   37   35   35   18   23  278  277  274  269  288  188  220  196  196  331  
284  152  151  190  165  178  161  182  177  117  155  140  141  155  211  228  224  202  229  159  161  166  196  155  177  209  210  225  170  158  175  182  190  262  266  173  138  148  140   31    0   33   42  221  175   64   41   33   48   20  249  248  246  241  260  159  191  169  167  300  
317  182  180  221  198  210  194  215  209  144  182  166  169  183  240  256  253  229  257  191  193  195  227  187  208  232  235  249  202  191  208  213  223  293  298  199  165  174  161    6   33    0   26  252  200   32   30   31   15   21  281  280  278  273  292  188  219  195  195  333  
315  193  193  218  196  206  195  215  211  160  198  182  184  197  230  245  244  217  245  188  190  187  221  182  201  251  252  267  209  196  212  222  229  289  296  215  180  191  181   32   42   26    0  248  185   31    6   16   31   22  287  287  287  280  299  178  208  181  185  335  
 72  143  161   33   59   43   75   56   71  188  181  185  174  169   54   63   44   75   71   62   61   68   27   66   51  227  217  229  113   96   86  123  101   41   55  191  186  190  219  251  221  252  248    0  105  278  242  232  267  233  119  125  141  131  137   79   71  100   77  110  
176  184  199   97  100   90  121  121  132  205  218  214  205  208   59   67   75   38   64   88   90   48   83   75   62  277  270  285  168  143  146  183  170  136  160  234  213  222  241  202  175  200  185  105    0  216  179  172  213  179  211  215  227  217  229   40   35    9   35  216  
344  214  213  248  225  236  223  243  239  176  215  198  201  216  261  276  275  248  276  217  219  217  251  212  231  264  266  281  234  222  238  245  254  319  326  231  197  207  192   37   64   32   31  278  216    0   37   46   21   46  312  312  310  304  323  209  239  212  216  363  
309  190  190  213  190  201  190  210  207  158  195  180  181  194  224  239  238  211  239  182  184  181  215  176  195  249  250  266  205  191  207  218  225  283  291  213  178  189  180   35   41   30    6  242  179   37    0   11   36   21  283  283  283  277  295  172  202  175  179  330  
299  180  181  202  180  191  180  199  196  149  186  171  172  185  215  231  229  203  231  172  174  171  206  166  185  241  242  257  195  181  197  208  214  273  281  204  169  180  172   35   33   31   16  232  172   46   11    0   41   15  273  273  273  266  285  163  193  167  170  320  
331  196  193  236  212  225  209  230  224  155  194  178  181  196  254  270  267  242  271  206  207  209  241  201  222  243  246  260  216  206  222  227  237  308  313  211  176  186  171   18   48   15   31  267  213   21   36   41    0   34  295  294  292  287  306  202  233  208  209  348  
299  171  171  203  179  191  177  198  193  138  175  160  161  175  220  236  233  208  236  172  174  175  207  167  188  229  230  245  189  176  192  201  209  274  280  193  158  168  159   23   20   21   22  233  179   46   21   15   34    0  267  267  266  260  279  168  198  174  175  317  
102  104  116  114  116  122  101   92   85  158  128  141  132  118  171  183  163  190  191  128  126  165  132  142  149  144  131  137   79   93   78   70   59  125   96  125  143  140  173  278  249  281  287  119  211  312  283  273  295  267    0    6   26   18   18  174  183  204  177   76  
108  102  112  119  119  125  103   95   88  155  124  138  129  115  176  188  168  195  196  131  129  168  136  145  153  138  125  131   78   94   80   68   59  131  102  120  139  136  169  277  248  280  287  125  215  312  283  273  294  267    6    0   19   13   14  177  187  207  181   81  
128   97  104  132  129  138  111  106   97  147  113  128  120  105  192  204  185  209  212  141  139  180  151  155  166  121  108  113   78   97   86   65   63  150  121  107  130  125  157  274  246  278  287  141  227  310  283  273  292  266   26   19    0   10   18  188  201  219  193   99  
119   93  102  122  119  127  102   96   87  145  113  127  118  104  181  193  174  198  201  131  129  170  140  145  156  125  112  118   71   89   77   59   54  140  112  108  128  125  157  269  241  273  280  131  217  304  277  266  287  260   18   13   10    0   19  178  190  209  182   94  
115  112  121  132  133  139  117  109  102  164  131  145  137  122  189  200  181  208  208  145  143  182  150  159  167  139  126  130   90  107   93   79   72  141  111  125  147  143  175  288  260  292  299  137  229  323  295  285  306  279   18   14   18   19    0  191  201  221  195   82  
151  144  160   62   60   53   81   82   92  170  180  176  167  169   52   69   65   45   71   48   50   11   52   34   29  238  230  245  128  103  106  143  130  117  134  195  176  184  205  188  159  188  178   79   40  209  172  163  202  168  174  177  188  178  191    0   33   31    8  186  
141  170  187   69   78   64  102   96  109  200  207  205  196  196   25   38   41   12   38   70   71   31   51   59   37  263  254  269  150  125  125  163  147  101  125  221  205  212  235  220  191  219  208   71   35  239  202  193  233  198  183  187  201  190  201   33    0   32   25  182  
171  174  190   90   91   82  112  113  124  196  209  204  196  198   57   68   73   38   66   80   81   39   76   66   55  268  260  275  159  134  137  174  161  133  155  225  204  212  231  196  169  195  181  100    9  212  175  167  208  174  204  207  219  209  221   31   32    0   27  210  
150  151  168   64   65   55   87   86   97  178  187  184  175  176   45   61   59   36   63   54   55   13   51   40   29  245  237  252  134  109  111  149  135  113  133  202  184  192  213  196  167  195  185   77   35  216  179  170  209  175  177  181  193  182  195    8   25   27    0  186  
 49  171  186  126  142  137  140  120  124  226  200  212  202  190  162  166  148  184  174  152  150  176  135  163  158  219  206  212  141  143  126  137  118   90   58  200  214  212  245  331  300  333  335  110  216  363  330  320  348  317   76   81   99   94   82  186  182  210  186    0  

  0    0    0    2    1    0    0    0    0    0    0    0    0    0   21   17    0    0    1    0    0    0    4   15    0    1    0   51    1    1    0    0    0    4   50    6    1    0    0    0   64    0   23    0   16   16    1    1    0    0    0   29    1    0    0   11    0    2    0   67  
  0    0    0    1    0    0    0    0    0    0    0    0    0    0    6    0    0    0   52   74    0    2   24    2   43    0    0    5    0   81    5    9    0    1    0    1   64    0   86   12    0    0    0    1    0   64    0    0   80    0    1    0    0    0    0    1   38    0   25    0  
  0    0    0    0    0    0    1    1    3    0    0    0    0    0    1    1    0    0    0    0    4   68    7    1   15    0    0    1    0    0    0    4    1    0    0    0    1   46    5    2    0    1    0    1    0    0    0    0    1    5    0    0    0    1    0    0   30    0   91    0  
 13   25    0    0    0    0    0    0    0    0    0    0    0    0    1    0    0    0    1    5    0    0   39    1    0    0    0   39    1    5   77    0    0   52    0   60    9    0   94    3   46    0    3    2    2   16    0    0    3    0    0    0    7    0    0    7   54    0    1    0  
 30    0    0    0    0    0    0    0    0    0    0    0    0    0    0    0    0    0   15    0    0    0    1    0    0    3    0    0    5   23    0    0    0    0   82   26    0    0    0    0   10    0   75    0    0    2    9    1    0    0    0    1   15    0    0    1    0   60    0    2  
  0    0    0    0    0    0    0    0    0    0    1    2    7    2    0    0   42    0    0    0    0    0    1    0    0    1   40    0    0    0    0    0    0    0   11    0  100    0    0    0    0    0    0    0    0    0    0    0    0    0    0    1    0    0    0    0    0    0    0    0  
  0    0    6    0    0    0    0    1    0    0   87    1   88    0    0    0    1    5    0    0    1    0    0    0    0    0    0    0    0    0    0    0   49    0    0    0    0   35    0    0    0    1    0    0    0    0    0    0    0    2    0    1    0    0    3    0    0    0    0    0  
  0    0    1    0    0    0    1    0    0    0    0   30    5    0    1    0    2   45    0    0    3    6    0    1    0    0    1    0    0   12    0    0   12    0    2    0    0   43    0    0    0    1    0    0   25    0    0    0    0    1    0    2    0    0    0    0    0    0    0    0  
  0    0    1    0    0    0    0    0    0   14    0    0    0    0    0   32    8    0    0    0    0   31    0    0    1    0    0    0    0    0   15   67    9    0    0    0    0    0   45    1    8    1    0    1    0    0    0    0    2    0    1    0    0    0    0    0    1    0    4    0  
  0    0    0    0    0    0    0    0    4    0    0    0    0    1    0   57    0    0    0    0    0    1    0    0    0    0    0    0    0    0    3    1    0    0    0    0    0    0    1   51    1    0    0    1    0    0    0    0   68    1    5    0    0    0    0    0   71    0    1    0  
  0    0    0    0    0    7    0    0    0    0    0    3    1    0    0    0    9    0    0    0    0    0    0    0    0    1   45    0    3    0    2    0    0    0    1    0    0    0    0    0    0    0    0    0    0    0    1    0    0    1    0   75    0    0    0    0    0    0    0    0  
  0    0    0    0    0   24    5   21    0    0   24    0    1    0    0    0    7    4    0    0    6    0    0    0    0    1   37    0    0    0    0    0    0    0    0    0    0    0    0    0    0    0    0    0    0    0    0    0    0    7    0    0    0    0    0    0    0    0    0    0  
  0    0    0    0    0   56    3    1    0    8    1    2    0    0    0    0   20   15    0    0   35    0    0    0    0    0   73    0    0    0    0    0    0    0    0    0    0    0    0    0    0    0    0    0    0    0    0    0    0    6    0    1    0    0    0    0    0    0    0    0  
  0    0    0    0    0    0    0    0    0   53    0    0    0    0    0    1    3    0    0    1    0    1   32    0    0    0    0    0    0    0   73    0    0    0    0    0    0    0    0    0    0    0    0    0    0    0    0    0    1    0   32    0    0    0    0    0   32    0   43    1  
  2   72   97    1    0    0    0   14    0    0    0    0    0    0    0    0    0    0   19    0    2    0    1   97    0    0    0   49    2   74    0   51   10    1   26    1   37    0   70    1    1   26    0   94    1    1    0    0    1    0    0   41    0    0    0    2   60    7   44   11  
  0    0    1    0    0    0    0    0   35    2    1    0    0   24    0    0    0    0    0    0    0    1    0    0   61    0    0    0    0    0    1   21    0    0    0    0    0    0   15   38    0    0    0   10    0    0    0   51    1    0   90    0    0    0    0   12   89    0   40    3  
  0    0    0    0    0    1   29   15    0    0   73    3    1    0   25    0    0   10    0    0   93    0    0    0    0    0    1    0    0    0    0    0    0    0   29    0    0    0    0    0    0    1    0    0   89    0    0    0    0    6    0    2    0    0    0    0    0    0    0    0  
  0    0    0    0    0    0   42   29    0    0    0    1   12    0    0    0    1    0    0    0   27    0    0    0    0    0    9    0    0    0    0    0   11    0    0    1    0    4    0    0    0   22    0    0    0    0    0   73    0    1    0    0    0    0    0   29    0    0    0    0  
  1    7    0   24    3    0    0    0    0    0    0    1    0   47    1    0    0    0    0   38    0    0    6    1    0    0    0    1    1    5    0    0    0   32    1   23    4    0    0    0    3    0   31    0    4    1   85    1    0    0   11    1    2    0    0   90    0   59    1    2  
  0   32    0    1    0    0    0    0    0    0    0    0    0   35    0    0   16    0   14    0    0    0   32    0    0    0    0    5    0    0    1    0    0   24    0   95    8    0    3    1    0    0    0   72    0   10    0    0    1    0    1    0    0    0    0   17    1    0    2    0  
  0    0   47    0    0    0   23   18    0    0    0    5    1    0    1    0    1    1    0    0    0    0    0    1   20    0    0    0    0   41    0    0   36    0    0    0    0    1    0    0    0   42    0    0    1    0    0    0    0    1    0    0    0    0    0    0    0    0    0    0  
  0    1    1    0    0    0    0    0    1    1    0    0    0    1    1    1    0    0    0    0    0    0    0    0   19    0    0    1    0    0    1    1    1    0    0    0   43    0    9    1    0   47    0   12    0    0    0    0   42    0    1    0    0    0    0    0    1    0    1    0  
  1    1    0    1   39    0    0    0    2    0    0    0    0    0    1    0    0    0   24    1    0    0    0    1    0    0    0   16    1    1    0    0    0   29    0   13   46    0    0   21   22    0    1    5    1   25   11    1    0    0    0    0    1    0    0    1   90    1   13   21  
  1   10  100   43    0    0    0   39    0    0    0    0    0    0   33    0    0    0    1    0    1    0    1    0    0    0    0    2   22    1    0    1    1   28    1    1    1    0    1   69   55   47    0    1   57    0    0    0    0    0    0    5    0    0    0    1   33   17   28    4  
  0    0   44    0    0    0    0    0    1    0    0    0    0    0    0    1    0    0    0    0   72   76    1    0    0    0    0    0    0    0   31    4    3    0    0    0    0    0    1   37    0    1    0   25    0    0    0    0   84   13    0    0    0    1    0    0   41    0    0    0  
  1    0    0    0   42    3    0    0    0    0   38    0    0    0    0    0    0    0    0    0    0    0    0    0    0    0    1    0    1    2    0    0    0    0    2    0    0    0    0    0   32    0    0    0    4    0   20    0    0    0    0    1    0    0    0    0    0   22    0    2  
  0    0    0    0    0   30    0    1    0    0   84    1    1    0    0    0    1    1    0    0    0   34    0    0    0   80    0    0    0    0    0    0    0    0    1    2    0   18    0    0    0    0    0    0    0    0    0    0    0    0    0   73    0    0    0    0    0    0    0   31  
 78    1    0    7    0    1    0    0    0    0    0    0    0    0    1    0    0    0   74    1    1    1   13    1    0    0    0    0    0    1   14    1    0   71    1   72    2    0    1   99    0    0    0    1   67   19    0    0   74    0    0    0   28    0    0    1   38    0   12    0  
  3    0    0    2   40    0    0    0    0    0    0    0    0    0   79    0    0    0    5    0    0    0   16   15    0    1    0    0    0    1   10    0    0    0    4   17    0    0    0    0   43    0    1    0    1   90   10    7    0    0    0   43   10    0    0   23    0   24    0    7  
  2    4    0   31    1    0    0    2    0    0    0    0    0    0   23    0    0    0   24    0   37    0    2    1    0   24    7   36    9    0    0    0    0   18   55    1   82    0    0    0   10    0    1    0    1    7    0    0    0    0    0    1   61    0    0    1    0    3    0   25  
  0    1    0   81    0    0    0    0   15    3    1    0    0    5    0   31    0    0    0    2    0    2    0    0    9    0    0  100    0    0    0    1    0   11    0    0   36    0   48    3    0    0    0   14    0    0    0    0    1    0   46    0    0   21    0    0    1    0   82    0  
  0   11    1    0    0    0    0    0    1    1    0    0    0    0    1    1    0    0    0    0    2    7    0    4    8    0    0   69    0    0    1    0   17    1    0    0    3    0    1    1    0   96    0   18    0    0    0    0    2    0   11    0    0    0    0    0   83    0    1    0  
  0    0    1    0    0    0    1    5   71    0    0    0    0    1    1    0    0    1    0    0    2   82    0    1   63    0    0    0    0    0    0   76    0    0    0    0    0    1    1    1    0    1    0   18    0    0    0    0    0    2    0    0    0    2    7    0   14    0    0    0  
 56    3    0    1    0   12    0    0    0    0    1    0    0    0    1    0    0    0   73   22    0    0   65    2    0    0    0    2    0    1    1    1    0    0    0    2    8    0   36    3    1    0    0    2    1   62    0    0   13    0    0    0   47    0    0   81   29    0    9    0  
  1    0    0    0    1   90    0   63    0    0    9    0    0    0    3    0    1    0    1    0    0    0    0   56    0    2   86    0   99    1    0    0    0    0    0    1    0    0    0    0    1    0    0    0    1    0    0    1    0    0    0    1    0    0    0    0    1   68    0    1  
  1    1    0    1    8    0    0    0    0    0    0    0    0    0    1    0    0    0    7   80    0    0   45    1    0    0    0    1   16    1    0    0    0   25    3    0    1    0    0    1   45    0   64    2   80    9    0    0    0    0    0    1    1    0    0   73   15    1   80   96  
  6   28   50    1    0    0    0    0    0    0    0    0    0    0    9    0    0    0    2   96    0    1    1   15    0    0    0   71    0    1   26    1    0   22    0   24    0    0   53    6    1    0    0   13    3   28    0    0    1    0    1    0    0    0    0   26    2    0   75    0  
  0    0    1    0    0    0    8   14    0    0    0    0    0    0    0    0    0    2    0    0    1    0    0    0   14    0    0    0    0   61    0    0    2    0    0    0    0    0    0    0    0   71    0    0    0    0   97    0    0    3    0    0    0    1   68    0    0    0    1    0  
  0   39    1    1    0    0    0    0   50    2   63    0    0    0    5   36    0    0    0    1    0   97    0    7   51    0    0    1    0    0    1   75   19    6    0    0   44    0    0   30    0    1    0   81    0    0    0    0   86    0    5    0    0    0    0    0    4    0    1    0  
  0    2    1    4    0    0    0    0   71    1    0    0    0    0    2   30    1    0    0   17    0    1   38    1    2    0    0   33    0    0   11   39   54    4    0   86   65    0   86    0    0   57    0    7    0    0    0    0   56    0    1    0    0    0    0    0   15    0    4    0  
 17    0    0   69   25    0    0    0    0   14    0    0    0    0    1    0    0   90    1    0    0    0    1   21    0   15    0    0   13   34    0    0    0    1    6    1   44    0    0    0    0    0   29    0   10    7    0    3    0    0    0   11    2    0    0    8    0   35    0    1  
  0    0   55    0    0    0   23    2   84   45    0    0    0    0   73    0    0    1    0    0    1    3    0   23    1    0    0    0    0    0    0    1    1    0    0    0    0   19   84   14    0    0    0    1    0    0    0    8    0   27    2    0    0    2    1    0    7    0    0    0  
  3    0    0   50    1    0    0    0    0    0    0    0    0    0    0    0    0    0    1    0    0    0    1    1    0    0    0    0   13    1    0    0    0    0    0    3    0    0    0    0    1    0    0    0    0   48    2   51    0    0    0    1    1    0    0    1    0   87    0   46  
  0    3   57   14    0    0    0    0    1   56    0    0    0    0    1    1    0    0    0    6    0    1    1    1   54    0    0   20    0    0   39   46    1   14    0    1    2    0   30   56    0    1    0    0    0    0    0    0   52    0   68    0    0    0    0    0    4    0    1    0  
 93    0    0    1    0    0    0    5    0    0    0    0    0    0    8   21    1    0    9    0    1    0   81    6    0    7    0   15   26   12    0    0    0    1    6    1   87    0    0    0   79    0    0    0    0    0    0    0    0   31    9    1    0    0    0    2    0    2    0   79  
 10    1    1    1    1    0    0    0    0    0    0    0    0    0    1    0    0    0   37   15    0    0   80    0    0    0    0    1   22    0    0    0    0    1    0   64   18    0    0    0   27    0    2    0    0    0   42    1    0    0    0    0    2    0    0    4    0    0   97    0  
  1    0    0    0    6    0    0    0    6    0    0    0    0    0    0    0    0    0    1    0    0    1    3    1    0    0    0    0    1    0    0    0    0    0    0    0    0    0    0    0    0    0    1    0    0   47    0   80    0    0    0    0   40    0    0   35    1    0    0    0  
 32    0    0    0    5    0    0    0    0    0    9   64    0    0    0    0    0    0    7    0    0    0    1    0    0    0    0    0   80    0    0    0    0    0    0    0    0    0    0    0    1    0    1    0    0    1   92    0    0    0    0    0    1    0    0    6    0    1    0    0  
  0   65    1   27    0    0    0    0    1    4    0    0    0    1   61    1    0    0    0    1    0    5    0    0    1    4    0    2    0    0   58   23    0    1    0    0    1    0    1    1    1    0    0    2    0    0    0    0    0    0   61   29    0    0    0    0   66    0   40   54  
  0    0   83    0    0    0    1    1    0    0    3   28    1    0    0    0    9   13    0    0    1    1    0    0    0    0    0    0    0    0    0    0    1    0    1    0    0   28    0    0    0   42    0    0    1    0    0    0    0    0    0    0    0    0    0    1    0    0    0    0  
  0    1    0    0    0    0    0    0   40   30    0    0    0    1    0   11    0    0    1   71    0   23    0    0    0    0    0    0    0    0    8   22    0    0    0    0    0    0   52   92    0    1    0   32    0    0    0    0    1    0    0    0    0    0    0    0    1    0    2    0  
 41    0    0    0   55    1    0   45    0    0   64    0    1    0   10    0   24    0    7    0    0   80    0    1    0   87    1    0    5    1    0    0    0    0   15   76    0    0    0    0   12    0    0    0    1    0    0    0    4    0    0    0    0    0    0    0    0    1    0   24  
  5    0    0    6    1    0    0    0    0    0    0    0    0    0    0    0    0    0    1    0    0    0    3    0    0    0    0    0   17    2    0    0    0    1    0   12    0    0    0    0    1    0    1    0    0   43    1    1    0    0    0    0    0    0    0   37    0   58    0    4  
  0    0    2    0    0    0    0    0    0    0    0    0    0    0    0    0    0    0    0    0    0    0    0    0    4    0   77    0    0    0    0    0    1    0    0    0    0    3    0    0    0    5    0    0    0    0    0    0    0    0    0    0   12    0    3    0    0    0    0    0  
  0    0    0    0    0    0   28    0    0    0    7    0    0    0    0    0    0    1    0    0    0    0    0    0    0    1    0    0    0   56    0    0   24    0    0    0    0   60    0    0    0    1    0    0    0    0    0    0    0    0    0    0    0    1    0    0    0    0    0    0  
  1    1    0    1   13    0    0    0    0    0    0    0    0    0    1    0    8    0    2   62    0    0   18    3    0    0    0   13    1    1    0    0    0   70    0   84    6    0    0    0    1    0    1    0   44    4    1   13    0    0    0    0  100    0    0    0    0   46    1    1  
  0    1    9    6    0    0    0    0   16   30    0    0    1   56    2   15    0    0    0    8    0    1    3    1   30   70    0    1    0    0    5    1    3    1    0   48   10    0   92   97    0    8    0    1    0    0    0    0   85    0    1    0    0    0    0    0    0    0   47    0  
  1    0    0    0    1    0    0    0    0    0    0    0    0    0    3    0    0    0    1    0   11    0    8    4    0    2    0    0    1    1    0    0    0    0    1   49    0    0    0    0    1    0    1    0    4    0    0    1    0    0    0    6    3    0    0    1    0    0    0   40  
  0   47    1   33    0    0    0    0   31    1    0    0    0    6   10   40    0    0   36    4    0    1   93   24    0    0    0    1    0    0    1    2    0    5    0    2    1    0    1    1    0    0    0    2    0    0    0    0    2    0    7    0    1    0    0    1   56    0    0    2  
 45    0    0    0   10    0    0    0    0    0    0    0    0    0    1    0    0    0    1    0    0    0    1    2    0    4    1    0   61    1    0    0    0    0    9   12    0    0    0    0   10    0   12    0    1    0    0    0    0    0    0   13   38    0    0    1    0   94    0    0  
