80

  0   10    5   30   20   27   13   18    4   27    8   14   24   13   37   23    4   14   13  126   76  103   90   96   76   88  124  174  162  182  165  182  162   94   91  118  104  107   98  111  106   76   85   92  114   86  113  112   99   84   88  111   91  106   96  235  237  231  259  244  249  264  250  270  263  277  235  235  250  230  258  264  147  140  142  130  148  138  273  259  
 10    0    7   32   22   30    4    9    7   23   17    4   22   16   40   21   10   23   18  119   70   95   84   92   70   82  118  172  162  182  164  182  161   95   91  117  105  108   99  110  106   67   76   83  105   76  104  103   89   75   79  101   82  107   96  226  228  222  251  235  241  256  241  261  254  268  227  227  242  223  250  256  141  133  134  123  140  131  265  252  
  5    7    0   34   24   31    9   15    6   28   11   10   27   10   35   18    4   18   11  126   76  102   91   97   76   88  125  169  158  178  161  179  158   91   87  114  101  104   95  107  102   72   81   89  109   82  109  109   95   80   84  107   86  103   93  230  232  226  254  239  244  259  245  265  258  272  234  233  248  230  257  263  141  135  137  124  142  133  272  259  
 30   32   34    0   11    7   36   35   28   17   36   34   14   44   68   52   35   30   43  105   58   90   70   70   59   70  102  203  193  213  195  213  192  125  121  148  135  138  128  141  136   85   99   96  125   95  122  115  104   97  100  112  104  136  127  247  250  244  272  258  265  278  260  283  274  291  222  222  235  213  245  247  171  162  160  153  168  159  256  242  
 20   22   24   11    0    8   26   28   18   16   25   25   12   33   57   42   24   20   32  113   64   95   78   80   65   77  110  193  182  202  185  202  182  114  111  138  124  127  117  131  125   82   94   95  121   92  120  114  103   93   96  112   99  125  116  243  246  240  269  254  260  274  258  279  271  287  227  227  241  220  251  254  163  155  154  145  161  152  263  249  
 27   30   31    7    8    0   34   35   25   20   31   33   17   40   63   49   31   24   39  112   65   97   77   77   66   77  109  200  189  209  192  209  189  121  117  145  131  133  123  138  132   88  101  100  128   98  126  119  108   99  103  117  106  132  123  250  253  247  275  261  267  281  264  286  277  293  228  229  241  220  251  254  170  163  162  153  169  160  263  249  
 13    4    9   36   26   34    0    6   11   25   20    2   25   16   39   18   13   27   19  119   70   94   85   93   70   82  119  168  160  179  161  179  158   93   89  114  102  105   97  108  104   63   72   80  100   73  100   99   86   71   75   98   77  106   94  221  224  218  246  231  237  251  237  257  249  264  225  225  240  222  249  255  136  129  130  119  136  126  264  251  
 18    9   15   35   28   35    6    0   16   23   26    5   23   22   44   22   19   32   25  114   65   88   79   89   64   76  113  171  163  182  163  182  161   97   93  117  106  109  102  111  107   58   68   74   96   68   96   94   81   67   71   92   73  110   97  218  220  214  243  228  233  248  233  253  245  261  219  219  234  216  243  249  135  127  127  118  134  125  258  245  
  4    7    6   28   18   25   11   16    0   23   12   11   21   16   40   24    7   16   16  122   72   99   87   92   73   85  120  175  165  185  167  185  164   97   93  120  107  110  100  113  108   74   83   89  112   84  111  109   96   82   86  108   89  109   99  233  236  229  258  243  248  263  248  268  261  276  232  231  246  227  255  260  147  140  141  130  147  137  269  256  
 27   23   28   17   16   20   25   23   23    0   35   23    4   39   63   43   30   34   39  100   50   80   64   69   50   62   97  193  185  204  186  204  183  118  114  139  127  131  122  133  129   68   82   80  108   78  106   99   88   80   83   96   87  130  119  230  233  227  256  242  248  262  244  267  257  274  212  212  226  205  235  239  156  147  144  138  153  143  248  235  
  8   17   11   36   25   31   20   26   12   35    0   21   32   12   32   24    7   10    9  134   84  111   98  103   84   97  132  171  158  179  162  178  158   90   87  115  100  103   92  108  101   83   91  100  119   92  120  120  106   90   94  118   96  101   93  240  242  236  264  248  254  269  255  274  268  282  244  243  258  239  267  272  148  142  145  131  150  141  281  268  
 14    4   10   34   25   33    2    5   11   23   21    0   23   18   41   20   14   27   20  118   68   93   83   91   68   80  117  170  161  181  162  181  160   95   91  116  104  107   99  109  105   62   72   79  100   72  100   99   85   71   75   97   77  107   95  222  224  218  246  231  237  252  237  257  249  264  224  224  239  220  247  253  137  130  130  120  137  127  262  249  
 24   22   27   14   12   17   25   23   21    4   32   23    0   37   61   43   28   31   37  103   53   83   67   71   54   66  100  193  184  204  186  204  183  117  113  139  127  130  121  132  128   71   85   83  112   81  109  103   91   83   86  100   90  129  118  233  237  230  259  245  251  265  247  270  261  277  215  215  229  209  239  242  157  149  147  140  155  145  251  238  
 13   16   10   44   33   40   16   22   16   39   12   18   37    0   24   12    9   22    4  136   86  110  100  108   86   98  134  160  149  169  152  169  149   81   77  105   91   94   84   98   92   75   82   93  110   85  111  113   99   81   85  112   87   93   83  230  232  226  254  238  243  259  246  264  258  271  242  241  257  238  265  271  137  131  135  120  139  130  280  267  
 37   40   35   68   57   63   39   44   40   63   32   41   61   24    0   23   33   41   24  158  109  131  124  132  109  120  158  140  126  147  131  146  126   58   54   84   68   70   60   76   69   86   88  107  116   95  119  125  110   88   93  125   93   69   61  230  232  226  254  236  241  257  248  262  259  270  260  259  276  259  283  291  127  123  132  111  133  124  300  287  
 23   21   18   52   42   49   18   22   24   43   24   20   43   12   23    0   19   34   16  136   87  108  101  111   86   98  135  151  141  161  143  161  141   75   71   96   84   87   79   90   86   66   71   86  100   75  102  105   90   71   75  104   77   87   76  218  220  214  242  226  231  247  235  252  246  260  237  237  253  236  261  268  125  118  123  108  127  117  277  264  
  4   10    4   35   24   31   13   19    7   30    7   14   28    9   33   19    0   15    9  129   79  105   94  100   79   91  127  169  158  178  161  178  158   90   87  114  100  103   93  107  101   76   84   93  113   85  113  112   99   83   87  111   89  102   92  233  236  229  258  242  247  262  249  268  261  275  237  237  252  233  261  266  143  137  139  126  145  135  275  262  
 14   23   18   30   20   24   27   32   16   34   10   27   31   22   41   34   15    0   19  133   84  113   97  100   84   96  130  180  166  187  171  187  167   98   95  124  109  111  100  117  110   90   99  106  127  100  127  126  112   98  102  124  104  109  101  248  251  245  273  257  263  278  264  283  276  291  245  245  259  239  269  273  158  152  155  141  160  151  282  268  
 13   18   11   43   32   39   19   25   16   39    9   20   37    4   24   16    9   19    0  137   88  113  102  108   88  100  136  162  149  170  153  170  150   82   78  106   92   94   85   99   93   79   85   97  114   88  115  116  102   85   89  115   91   93   84  233  236  229  258  241  247  262  249  267  261  275  244  244  259  241  268  273  140  134  138  123  142  133  283  269  
126  119  126  105  113  112  119  114  122  100  134  118  103  136  158  136  129  133  137    0   50   37   36   42   50   38   10  265  267  282  261  284  262  206  202  219  213  218  213  215  215  101  118   88  124  103  114   91   96  115  114   86  118  220  204  220  224  219  245  239  247  254  225  258  241  265  122  123  132  108  144  143  202  189  171  186  187  180  152  138  
 76   70   76   58   64   65   70   65   72   50   84   68   53   86  109   87   79   84   88   50    0   34   15   31    2   13   49  225  222  239  219  240  219  159  155  175  167  171  165  170  169   67   85   64  102   74   95   78   74   83   83   73   88  173  158  216  220  214  242  232  239  250  226  254  241  261  164  164  177  155  187  189  170  159  147  153  160  152  199  185  
103   95  102   90   95   97   94   88   99   80  111   93   83  110  131  108  105  113  113   37   34    0   31   52   33   25   43  229  232  247  226  249  227  174  170  185  180  185  181  181  183   64   81   51   88   66   78   56   59   78   77   51   81  188  171  191  195  190  217  208  216  225  199  229  214  236  132  132  147  128  156  161  165  152  135  149  150  143  170  157  
 90   84   91   70   78   77   85   79   87   64   98   83   67  100  124  101   94   97  102   36   15   31    0   22   15    8   34  238  237  253  233  255  233  174  170  189  181  186  180  184  183   78   96   72  110   83  102   83   81   93   93   77   98  187  173  220  224  219  246  236  244  254  229  258  244  265  153  154  165  143  176  177  182  170  156  165  170  162  186  173  
 96   92   97   70   80   77   93   89   92   69  103   91   71  108  132  111  100  100  108   42   31   52   22    0   32   30   35  254  250  268  248  269  247  185  181  203  193  197  190  197  195   98  116   93  131  104  123  105  103  113  114   99  119  198  185  242  246  240  268  258  266  276  250  280  266  287  163  164  173  148  185  184  201  190  177  184  190  182  192  178  
 76   70   76   59   65   66   70   64   73   50   84   68   54   86  109   86   79   84   88   50    2   33   15   32    0   12   49  223  221  238  218  239  218  158  154  174  166  170  164  169  168   65   83   62  100   72   93   76   72   81   81   71   86  172  157  214  218  212  240  230  237  248  224  252  239  259  163  163  176  155  186  189  169  157  145  152  158  150  198  184  
 88   82   88   70   77   77   82   76   85   62   97   80   66   98  120   98   91   96  100   38   13   25    8   30   12    0   38  232  231  247  227  249  227  169  165  184  176  181  175  179  179   71   89   64  102   76   94   75   73   86   86   70   91  183  168  212  217  211  238  229  236  246  221  251  237  258  152  152  164  143  175  177  174  163  149  158  162  155  186  172  
124  118  125  102  110  109  119  113  120   97  132  117  100  134  158  135  127  130  136   10   49   43   34   35   49   38    0  269  269  285  264  287  265  207  203  222  215  219  213  217  217  105  123   94  131  108  121   99  102  120  119   93  124  221  206  229  234  229  254  248  256  263  235  268  251  274  129  130  139  114  151  149  207  195  178  191  193  186  158  144  
174  172  169  203  193  200  168  171  175  193  171  170  193  160  140  151  169  180  162  265  225  229  238  254  223  232  269    0   35   24   12   30   23   85   88   56   74   74   88   64   74  165  150  182  157  165  167  189  177  153  155  193  151   81   80  201  199  194  213  193  192  211  222  215  225  222  329  327  348  342  350  366   84   96  124   91  109  107  374  365  
162  162  158  193  182  189  160  163  165  185  158  161  184  149  126  141  158  166  149  267  222  232  237  250  221  231  269   35    0   23   24   21   12   68   71   47   58   55   67   52   57  169  157  188  169  171  179  198  185  159  162  202  159   59   66  229  228  223  244  223  223  242  251  246  254  253  342  340  360  351  364  378  107  116  144  109  131  127  386  376  
182  182  178  213  202  209  179  182  185  204  179  181  204  169  147  161  178  187  170  282  239  247  253  268  238  247  285   24   23    0   22    6   21   89   92   65   79   77   89   71   78  183  169  200  178  183  188  209  196  171  174  213  170   81   86  225  224  219  237  216  216  234  246  239  249  245  351  349  369  362  372  387  108  119  147  113  132  130  396  386  
165  164  161  195  185  192  161  163  167  186  162  162  186  152  131  143  161  171  153  261  219  226  233  248  218  227  264   12   24   22    0   25   12   75   78   47   64   64   77   55   64  162  147  179  156  162  166  187  175  150  152  191  148   70   70  207  206  201  221  200  200  219  229  223  232  230  329  327  347  341  350  366   88   98  126   92  112  110  374  364  
182  182  179  213  202  209  179  182  185  204  178  181  204  169  146  161  178  187  170  284  240  249  255  269  239  249  287   30   21    6   25    0   22   89   92   66   78   76   88   72   77  185  171  203  181  186  191  212  199  174  177  216  173   80   86  230  229  224  243  222  221  240  252  244  254  251  354  352  373  365  376  391  113  123  151  117  137  135  399  389  
162  161  158  192  182  189  158  161  164  183  158  160  183  149  126  141  158  167  150  262  219  227  233  247  218  227  265   23   12   21   12   22    0   69   72   44   58   57   70   51   58  164  150  182  161  165  171  191  178  153  156  195  152   62   66  218  217  211  232  211  211  230  239  234  243  241  334  332  352  345  356  370   96  106  134   99  120  117  379  369  
 94   95   91  125  114  121   93   97   97  118   90   95  117   81   58   75   90   98   82  206  159  174  174  185  158  169  207   85   68   89   75   89   69    0    4   31   11   13    9   22   12  116  108  137  130  121  137  151  137  110  114  153  112   14    9  222  223  217  242  223  225  243  242  249  250  256  295  294  312  299  317  328  101  103  123   92  118  110  337  326  
 91   91   87  121  111  117   89   93   93  114   87   91  113   77   54   71   87   95   78  202  155  170  170  181  154  165  203   88   71   92   78   92   72    4    0   32   14   16   12   24   15  112  105  133  126  117  133  148  133  107  111  150  109   18    9  220  221  215  240  221  224  242  240  247  248  255  291  290  308  295  314  325  100  102  121   90  116  108  334  322  
118  117  114  148  138  145  114  117  120  139  115  116  139  105   84   96  114  124  106  219  175  185  189  203  174  184  222   56   47   65   47   66   44   31   32    0   20   23   36    8   21  122  111  142  126  125  135  153  139  113  116  156  113   32   24  204  204  198  222  202  204  222  225  227  231  235  297  296  315  305  319  333   80   85  109   74  100   94  341  331  
104  105  101  135  124  131  102  106  107  127  100  104  127   91   68   84  100  109   92  213  167  180  181  193  166  176  215   74   58   79   64   78   58   11   14   20    0    6   16   12    3  120  111  141  130  124  138  154  140  113  117  157  114   14    9  218  218  212  237  217  219  238  238  243  245  250  298  297  316  304  321  332   95   98  120   87  113  106  341  330  
107  108  104  138  127  133  105  109  110  131  103  107  130   94   70   87  103  111   94  218  171  185  186  197  170  181  219   74   55   77   64   76   57   13   16   23    6    0   14   16    3  126  117  146  136  130  144  160  145  119  123  162  120    9   14  223  224  218  242  222  225  243  244  248  251  255  304  302  321  309  326  338  100  104  126   92  118  111  347  335  
 98   99   95  128  117  123   97  102  100  122   92   99  121   84   60   79   93  100   85  213  165  181  180  190  164  175  213   88   67   89   77   88   70    9   12   36   16   14    0   28   15  124  117  145  139  129  146  160  145  119  123  162  121    9   18  231  232  226  251  232  234  252  252  257  259  265  303  302  320  307  326  336  110  113  133  101  127  119  345  334  
111  110  107  141  131  138  108  111  113  133  108  109  132   98   76   90  107  117   99  215  170  181  184  197  169  179  217   64   52   71   55   72   51   22   24    8   12   16   28    0   13  120  109  140  126  123  135  152  138  111  115  155  112   25   16  208  209  203  227  207  209  228  229  233  236  240  296  295  314  303  318  331   85   89  112   78  104   97  340  329  
106  106  102  136  125  132  104  107  108  129  101  105  128   92   69   86  101  110   93  215  169  183  183  195  168  179  217   74   57   78   64   77   58   12   15   21    3    3   15   13    0  123  114  143  133  127  141  157  142  116  120  159  117   12   11  220  221  215  239  220  222  240  241  245  248  253  301  300  318  306  323  335   97  101  123   89  115  108  344  333  
 76   67   72   85   82   88   63   58   74   68   83   62   71   75   86   66   76   90   79  101   67   64   78   98   65   71  105  165  169  183  162  185  164  116  112  122  120  126  124  120  123    0   18   21   40   10   38   39   24   15   17   39   21  130  112  162  165  159  187  174  180  194  176  199  189  206  179  178  196  184  202  212  103   92   81   87   93   85  221  210  
 85   76   81   99   94  101   72   68   83   82   91   72   85   82   88   71   84   99   85  118   85   81   96  116   83   89  123  150  157  169  147  171  150  108  105  111  111  117  117  109  114   18    0   32   29   15   31   43   29    3    6   46    5  122  103  150  152  146  175  160  166  180  165  185  177  193  187  186  205  195  210  222   85   74   64   69   75   67  231  220  
 92   83   89   96   95  100   80   74   89   80  100   79   83   93  107   86   93  106   97   88   64   51   72   93   62   64   94  182  188  200  179  203  182  137  133  142  141  146  145  140  143   21   32    0   38   17   31   20   10   29   27   19   31  151  132  154  158  152  180  168  175  187  166  192  180  199  158  157  175  164  181  192  114  102   85   98   99   93  201  189  
114  105  109  125  121  128  100   96  112  108  119  100  112  110  116  100  113  127  114  124  102   88  110  131  100  102  131  157  169  178  156  181  161  130  126  126  130  136  139  126  133   40   29   38    0   31   11   34   29   29   26   39   23  143  123  122  125  119  147  134  140  153  136  158  149  166  173  171  191  186  195  210   81   68   48   68   63   57  218  208  
 86   76   82   95   92   98   73   68   84   78   92   72   81   85   95   75   85  100   88  103   74   66   83  104   72   76  108  165  171  183  162  186  165  121  117  125  124  130  129  123  127   10   15   17   31    0   28   31   16   12   11   32   15  135  116  152  155  149  178  165  171  184  166  189  179  196  174  173  191  180  197  208   99   87   74   83   87   79  217  206  
113  104  109  122  120  126  100   96  111  106  120  100  109  111  119  102  113  127  115  114   95   78  102  123   93   94  121  167  179  188  166  191  171  137  133  135  138  144  146  135  141   38   31   31   11   28    0   23   21   31   26   29   26  150  131  125  128  122  151  138  145  157  138  162  152  170  163  161  181  175  185  199   92   78   58   78   73   68  208  198  
112  103  109  115  114  119   99   94  109   99  120   99  103  113  125  105  112  126  116   91   78   56   83  105   76   75   99  189  198  209  187  212  191  151  148  153  154  160  160  152  157   39   43   20   34   31   23    0   15   41   37    6   40  165  146  138  142  136  164  154  161  172  149  176  163  183  144  143  162  154  167  180  115  102   81  101   97   91  188  178  
 99   89   95  104  103  108   86   81   96   88  106   85   91   99  110   90   99  112  102   96   74   59   81  103   72   73  102  177  185  196  175  199  178  137  133  139  140  145  145  138  142   24   29   10   29   16   21   15    0   27   23   17   27  151  131  145  148  142  170  159  166  177  157  182  171  190  158  157  176  166  181  193  107   94   76   92   91   85  202  191  
 84   75   80   97   93   99   71   67   82   80   90   71   83   81   88   71   83   98   85  115   83   78   93  113   81   86  120  153  159  171  150  174  153  110  107  113  113  119  119  111  116   15    3   29   29   12   31   41   27    0    4   43    7  124  105  151  154  147  176  162  168  182  166  187  178  194  185  184  203  192  208  220   88   77   66   72   78   69  228  218  
 88   79   84  100   96  103   75   71   86   83   94   75   86   85   93   75   87  102   89  114   83   77   93  114   81   86  119  155  162  174  152  177  156  114  111  116  117  123  123  115  120   17    6   27   26   11   26   37   23    4    0   40    5  128  109  147  150  144  172  158  165  178  162  183  175  191  181  180  199  189  204  216   89   77   64   72   77   69  225  214  
111  101  107  112  112  117   98   92  108   96  118   97  100  112  125  104  111  124  115   86   73   51   77   99   71   70   93  193  202  213  191  216  195  153  150  156  157  162  162  155  159   39   46   19   39   32   29    6   17   43   40    0   43  167  148  143  147  142  169  159  167  177  153  182  168  189  142  140  159  150  164  176  120  107   86  106  102   97  185  174  
 91   82   86  104   99  106   77   73   89   87   96   77   90   87   93   77   89  104   91  118   88   81   98  119   86   91  124  151  159  170  148  173  152  112  109  113  114  120  121  112  117   21    5   31   23   15   26   40   27    7    5   43    0  126  106  144  147  141  169  155  161  175  159  180  172  188  184  183  202  193  207  219   84   72   60   68   72   64  228  218  
106  107  103  136  125  132  106  110  109  130  101  107  129   93   69   87  102  109   93  220  173  188  187  198  172  183  221   81   59   81   70   80   62   14   18   32   14    9    9   25   12  130  122  151  143  135  150  165  151  124  128  167  126    0   20  232  232  226  251  231  234  252  252  257  260  264  309  308  326  313  331  343  109  113  134  101  127  120  352  340  
 96   96   93  127  116  123   94   97   99  119   93   95  118   83   61   76   92  101   84  204  158  171  173  185  157  168  206   80   66   86   70   86   66    9    9   24    9   14   18   16   11  112  103  132  123  116  131  146  131  105  109  148  106   20    0  214  214  208  233  214  216  234  234  240  241  247  290  289  307  295  312  324   92   95  115   83  109  101  333  322  
235  226  230  247  243  250  221  218  233  230  240  222  233  230  230  218  233  248  233  220  216  191  220  242  214  212  229  201  229  225  207  230  218  222  220  204  218  223  231  208  220  162  150  154  122  152  125  138  145  151  147  143  144  232  214    0    5    6   26   23   31   34   22   39   28   45  198  195  215  227  210  234  125  119  100  131  105  112  239  236  
237  228  232  250  246  253  224  220  236  233  242  224  237  232  232  220  236  251  236  224  220  195  224  246  218  217  234  199  228  224  206  229  217  223  221  204  218  224  232  209  221  165  152  158  125  155  128  142  148  154  150  147  147  232  214    5    0    6   22   18   26   30   24   34   27   41  203  200  220  232  215  239  125  120  101  131  105  113  244  241  
231  222  226  244  240  247  218  214  229  227  236  218  230  226  226  214  229  245  229  219  214  190  219  240  212  211  229  194  223  219  201  224  211  217  215  198  212  218  226  203  215  159  146  152  119  149  122  136  142  147  144  142  141  226  208    6    6    0   29   20   29   35   28   40   33   47  201  198  218  230  213  237  119  114   95  125   99  107  242  239  
259  251  254  272  269  275  246  243  258  256  264  246  259  254  254  242  258  273  258  245  242  217  246  268  240  238  254  213  244  237  221  243  232  242  240  222  237  242  251  227  239  187  175  180  147  178  151  164  170  176  172  169  169  251  233   26   22   29    0   21   23   11   25   14   14   20  216  213  233  247  226  251  142  139  122  151  125  133  255  254  
244  235  239  258  254  261  231  228  243  242  248  231  245  238  236  226  242  257  241  239  232  208  236  258  230  229  248  193  223  216  200  222  211  223  221  202  217  222  232  207  220  174  160  168  134  165  138  154  159  162  158  159  155  231  214   23   18   20   21    0    8   21   37   26   33   34  220  217  238  250  232  256  122  119  105  131  106  114  261  259  
249  241  244  265  260  267  237  233  248  248  254  237  251  243  241  231  247  263  247  247  239  216  244  266  237  236  256  192  223  216  200  221  211  225  224  204  219  225  234  209  222  180  166  175  140  171  145  161  166  168  165  167  161  234  216   31   26   29   23    8    0   19   44   24   37   31  229  225  246  258  240  264  124  122  109  134  109  118  270  267  
264  256  259  278  274  281  251  248  263  262  269  252  265  259  257  247  262  278  262  254  250  225  254  276  248  246  263  211  242  234  219  240  230  243  242  222  238  243  252  228  240  194  180  187  153  184  157  172  177  182  178  177  175  252  234   34   30   35   11   21   19    0   36    5   24   13  227  224  244  258  237  262  143  140  125  152  127  135  266  265  
250  241  245  260  258  264  237  233  248  244  255  237  247  246  248  235  249  264  249  225  226  199  229  250  224  221  235  222  251  246  229  252  239  242  240  225  238  244  252  229  241  176  165  166  136  166  138  149  157  166  162  153  159  252  234   22   24   28   25   37   44   36    0   38   16   42  191  188  208  222  201  225  146  140  119  151  125  132  230  229  
270  261  265  283  279  286  257  253  268  267  274  257  270  264  262  252  268  283  267  258  254  229  258  280  252  251  268  215  246  239  223  244  234  249  247  227  243  248  257  233  245  199  185  192  158  189  162  176  182  187  183  182  180  257  240   39   34   40   14   26   24    5   38    0   24    8  229  226  246  260  239  264  148  145  131  157  132  140  268  267  
263  254  258  274  271  277  249  245  261  257  268  249  261  258  259  246  261  276  261  241  241  214  244  266  239  237  251  225  254  249  232  254  243  250  248  231  245  251  259  236  248  189  177  180  149  179  152  163  171  178  175  168  172  260  241   28   27   33   14   33   37   24   16   24    0   27  206  203  222  238  215  240  152  147  128  159  133  140  244  243  
277  268  272  291  287  293  264  261  276  274  282  264  277  271  270  260  275  291  275  265  261  236  265  287  259  258  274  222  253  245  230  251  241  256  255  235  250  255  265  240  253  206  193  199  166  196  170  183  190  194  191  189  188  264  247   45   41   47   20   34   31   13   42    8   27    0  233  229  249  264  242  267  155  153  138  165  139  148  271  270  
235  227  234  222  227  228  225  219  232  212  244  224  215  242  260  237  237  245  244  122  164  132  153  163  163  152  129  329  342  351  329  354  334  295  291  297  298  304  303  296  301  179  187  158  173  174  163  144  158  185  181  142  184  309  290  198  203  201  216  220  229  227  191  229  206  233    0    3   19   36   23   38  249  236  209  239  226  224   45   39  
235  227  233  222  227  229  225  219  231  212  243  224  215  241  259  237  237  245  244  123  164  132  154  164  163  152  130  327  340  349  327  352  332  294  290  296  297  302  302  295  300  178  186  157  171  173  161  143  157  184  180  140  183  308  289  195  200  198  213  217  225  224  188  226  203  229    3    0   21   39   24   40  246  234  207  237  224  222   48   42  
250  242  248  235  241  241  240  234  246  226  258  239  229  257  276  253  252  259  259  132  177  147  165  173  176  164  139  348  360  369  347  373  352  312  308  315  316  321  320  314  318  196  205  175  191  191  181  162  176  203  199  159  202  326  307  215  220  218  233  238  246  244  208  246  222  249   19   21    0   31   15   19  267  254  228  257  245  243   27   21  
230  223  230  213  220  220  222  216  227  205  239  220  209  238  259  236  233  239  241  108  155  128  143  148  155  143  114  342  351  362  341  365  345  299  295  305  304  309  307  303  306  184  195  164  186  180  175  154  166  192  189  150  193  313  295  227  232  230  247  250  258  258  222  260  238  264   36   39   31    0   46   36  264  251  226  253  243  240   44   30  
258  250  257  245  251  251  249  243  255  235  267  247  239  265  283  261  261  269  268  144  187  156  176  185  186  175  151  350  364  372  350  376  356  317  314  319  321  326  326  318  323  202  210  181  195  197  185  167  181  208  204  164  207  331  312  210  215  213  226  232  240  237  201  239  215  242   23   24   15   46    0   26  268  256  229  259  245  244   29   31  
264  256  263  247  254  254  255  249  260  239  272  253  242  271  291  268  266  273  273  143  189  161  177  184  189  177  149  366  378  387  366  391  370  328  325  333  332  338  336  331  335  212  222  192  210  208  199  180  193  220  216  176  219  343  324  234  239  237  251  256  264  262  225  264  240  267   38   40   19   36   26    0  286  273  247  276  263  261    9    7  
147  141  141  171  163  170  136  135  147  156  148  137  157  137  127  125  143  158  140  202  170  165  182  201  169  174  207   84  107  108   88  113   96  101  100   80   95  100  110   85   97  103   85  114   81   99   92  115  107   88   89  120   84  109   92  125  125  119  142  122  124  143  146  148  152  155  249  246  267  264  268  286    0   13   40   18   24   24  294  285  
140  133  135  162  155  163  129  127  140  147  142  130  149  131  123  118  137  152  134  189  159  152  170  190  157  163  195   96  116  119   98  123  106  103  102   85   98  104  113   89  101   92   74  102   68   87   78  102   94   77   77  107   72  113   95  119  120  114  139  119  122  140  140  145  147  153  236  234  254  251  256  273   13    0   28   12   15   12  281  272  
142  134  137  160  154  162  130  127  141  144  145  130  147  135  132  123  139  155  138  171  147  135  156  177  145  149  178  124  144  147  126  151  134  123  121  109  120  126  133  112  123   81   64   85   48   74   58   81   76   66   64   86   60  134  115  100  101   95  122  105  109  125  119  131  128  138  209  207  228  226  229  247   40   28    0   35   17   16  254  246  
130  123  124  153  145  153  119  118  130  138  131  120  140  120  111  108  126  141  123  186  153  149  165  184  152  158  191   91  109  113   92  117   99   92   90   74   87   92  101   78   89   87   69   98   68   83   78  101   92   72   72  106   68  101   83  131  131  125  151  131  134  152  151  157  159  165  239  237  257  253  259  276   18   12   35    0   26   19  284  275  
148  140  142  168  161  169  136  134  147  153  150  137  155  139  133  127  145  160  142  187  160  150  170  190  158  162  193  109  131  132  112  137  120  118  116  100  113  118  127  104  115   93   75   99   63   87   73   97   91   78   77  102   72  127  109  105  105   99  125  106  109  127  125  132  133  139  226  224  245  243  245  263   24   15   17   26    0   10  271  263  
138  131  133  159  152  160  126  125  137  143  141  127  145  130  124  117  135  151  133  180  152  143  162  182  150  155  186  107  127  130  110  135  117  110  108   94  106  111  119   97  108   85   67   93   57   79   68   91   85   69   69   97   64  120  101  112  113  107  133  114  118  135  132  140  140  148  224  222  243  240  244  261   24   12   16   19   10    0  269  261  
273  265  272  256  263  263  264  258  269  248  281  262  251  280  300  277  275  282  283  152  199  170  186  192  198  186  158  374  386  396  374  399  379  337  334  341  341  347  345  340  344  221  231  201  218  217  208  188  202  228  225  185  228  352  333  239  244  242  255  261  270  266  230  268  244  271   45   48   27   44   29    9  294  281  254  284  271  269    0   15  
259  252  259  242  249  249  251  245  256  235  268  249  238  267  287  264  262  268  269  138  185  157  173  178  184  172  144  365  376  386  364  389  369  326  322  331  330  335  334  329  333  210  220  189  208  206  198  178  191  218  214  174  218  340  322  236  241  239  254  259  267  265  229  267  243  270   39   42   21   30   31    7  285  272  246  275  263  261   15    0  

  0    1    1    0    1    0    2    0    2    1    1    0    2    0    0   72    4    0    1    0   11    0    1    8    0    5    1    0    1    1   18    0   78   30    0   44   28    1    0    2   13    2   12    1    1   17    0    0    0    1   46   20   26    1   18    1    0    7    0   62   11    0    0   98    0    0   12    1    0   29    9    0    0   10    1    0    1    7    0   26  
  0    0    6    1    1    0    1    0    1    0    0    1    1    1    1    1    0    2    0    0    1   49    0    1    1    1   40   12    1    4    1   58    3    1   13    1   77    0    1    1    1    1   16    0    0    1    0    0    1    0   28    1    1    0    1   63    1   19   24    1    1    1    1    1    1    1    1    0    1   20   13    0   10    1    1   15    1    0   89    5  
  0    0    0    1    1   13    1    0   16    0    1   18    1    2    1    0    1    3   54    1    1    0    1   73    0   19    0    1    1    0    2    3    0    1   56   84    8    1    1   12    1    1    1   55   51   79    1    0    1   13   63    1    1   30    1    0    1   13    1    1    1    0    1    0    0    1    1    1    0   31    2   40   19    1    0    0    1    0    1    0  
  1    0   48    0    0    1    0    0    0    1    0    0    0    0   34    1    1    1   32    2   61    3    1    1    9    0    1    1    1    0    1    1    0    1    0    1    1    1    0   17   37    1   13   15    0    1   16    1    0    0    0    1    1    0    0    1    1    0    5    1    1    1   96    0    0    0    1   84    1   13    1    0   65    1    1    1    1   69    1   11  
  1    1    1    1    0    1    1   89    1    1    6    1    1    1   21    0    1    1   23    0    1    1    0    4    1    1    1    1    0    0    1    0    1    0    0   18    0    4    0    0    0    0    1   17    1    1    3    5   24    9    1    1   78    1   10   14    1   70    3    0   85    1   42    0    0   91   28    1    0   34    1    1    0    0    1    1    1    7    8    2  
  1    1    0    0    1    0   22    1   13    1    1    1    0    0    0    0    1    1    1    8    0    1    0    0    0    0   34    0    1    1   30   25    1    1    1    1   68    0    0    1    0    1    1    1    1    1    1    0    1    0   39    1    1   24    1    0    1    1    0    1    1    1   40    1    1    1    1    1    1    1    1    0    0    7   51   95    1    1    1    0  
  0    0    0    0    1   67    0    0    0   24    0    1    1    0   23   36    1    0    1    4    1    0    1    1    0    5    0    1    1    0    0    2    1    0   14    1    3   74    1    1    0    0    0    0    1   76    1    0    0    1    5    1    1    0    0   28    1    1    1    1    5    0    1    0    2    0    1    1    6   97    0   43    0    1    1    0    1    0    0    1  
 43    1    0    1    5   35    0    0   17    5    1    1    3    1    1    2   72    0    0    8    2    0    1    0    0   37    1   16    1   52   69    0    1    1    1    0    1    0    1    1   45   52    0    1    0    1    1    1    0    1    1   33    1   74    0    1   52    0    2    1    0    8   10    2    4   21    1    1    1    0    1    3    1   65   42    0   21   18    1    0  
  8   63    0    1    0    1    2    4    0    0    0   14    4   14    0    0    1    9    1    0    0    1    0    0    4    1   65    1   17   13    0    1    1    0    0    0    1    1    1   52   86    1    2    3    1    0    1    1    0   29    1    1   26    0    1    1    1    1   30    2    1    4    0    1   55    1    0    1    1    1    1    1   70    1    0    1    0   90    1    1  
  0   17    0    1    1   29    0   13    1    0   13    0    2    1   97    0    1    4    0    0    1   33    0    0    1   51    0    1    1    1    1   59    0   11   20    0    1    1   72    1    0   17    1    1    1    0    1   10    1   50   25   79   70   23    0    0    1    0    0    0    0    1    1    1    1    1    1    1    1   33   36    1   86    1    1    1    2    0    0    1  
  2    1    1    0    0    1    1    0    0   73    0    1    1    0    1   87    1    0    1    1    0    0   27    4   24    1    1   76   26    1    0   86    1    0    1    6    1    1    0    1    1    1    1    0    1    5    1    1    0    0    1    0    0    0    1    0   19    1    0   39    0    0    0    8    2    1    0    1    1    0    1    1    1    0   17    4    0   11    1   40  
  1    9    0    0    0    1   57    1    0    0    1    0    0   14   90    1   73    1    1    0    1    0    1    1    6   29    0    0    1    0    0    9    0    3    0    1    1    0    1    0    0    1    1    0    1    6   89    1    1    1    0    1    0    1    1    0    1    0   25    1    1   25    0    1    0    1   49    1    5    0    1    0    1    1   53    1    0    1   66    1  
  1   21    1    1   36    0    1   24    1    1   19    1    0    1    1   10   22    1    1   35    1    0    0    6    0    0    0    1    0    5    1    8    1    1    0    1    0    1    0    4   26    1   41    1    0    0    0    0    1   44    1    1    1   13    3    3    9    1    0   64    1   48    0    0    0    1    1    1    1    1    1    3    1    0   50    0    0    0   68   50  
  1   38    1    1    0    1    9    0   23    0    0    1   33    0    0   78    4    1    0    1    2    1    1   97    4    0    1    1   60    1    4    1   95    4    0    0    7    1    1   20    0    0   12    1    0    0   25   68    3    0    1    0    0    0    0   22    1   25    1    1    8    0   36    1   40    4   29    1    1    0    0    0    1    3    0   12    0    1    0    1  
  0    8    1    1    1   25    1    0    3    1    1    0    1    1    0    0    0   52    0   67    3    0    1    1   53    1    0    0    1    1    0    1    1    1    0    1    0    1    1    1    5    1   46   24    1   67    1   68   79    9    0    1    0    1    1    1    2    8    1    1   56    0    1    1    1    2    1    1    1   35   24    0    0    0   17    1    0    1    1    1  
  4    1    1   16   12    7    1    1    0    0    0   91    0    0    2    0    0    0    1    0   18    9    0   35   20    1    0    1    1    1    0    1    0    0   31    0   20    1   19    1    9    0    0    0    1    0    5    1   21    0   24    1    3    0    0   27    1    1    1   51    0   19    1    1   55    1    0    1    1    0    0    2   35    1    0    1    1    0    3    1  
  0    1   61   96    1    3    1    1    1    7    1   29    1    0    1    0    0    8    1    2    1    0    1    2    1    0    1    0   49    1    1    1    8    0   29   58    0    5    1    1   97    1   38    1    1    1   23    1    1    0    1    3    1    5   29    0    0    1    1    0    1    1   35    0    1    1    0    1    0    1    2   20    0    0    0    1    0    1    1    1  
  1    0    0    0    5    0   58    1   17    0   22    1   40    1    0    1    0    0   10    0   24    0    1    1    1    0    1    1    0    4    7    1    1    4    7    0   20    0    1   77    0    6    0    0    0    1    9    1    1   76    1    2    5   25    3    0    1    1    8    1   95    1    1    2    0    0   88    0   11    1    0    2    0    1    0    0    1    1    0    1  
  1   51    0    1   30    1   71    0    0   16    4   18    0   23   16    0    0    0    0    1    1    1    0    0    1   12    1    1    1    1    0   54   43    1    1    1    1    0   20   29   12    1   54    0    1    1    1    1    1    0    0    3    1    1    0    1    1    1    1    1    1   67   41   36    1    2    1   31   15    0    0    0    0   12   24   91    0    1    0    0  
 72    3    1    2    1   70    0    1   54   29    1    2   16    1    0    1    3    1    3    0    0    2   25    5    1    1    1    1   18    1    0    1    0    0    0    1    1    1    1    1    0    1    5    1   19    9    1    1   21   13   14    1    1    0    1    1    1    1    0    0    0    1   71    0    1   42    7    1    1    8    1    1   58    0   82    1    0    0   34    2  
  0    1    0    1    8    2    1    1    8    1    0    0    1   21    0    1    0    1    8    1    0    1    1    1    1   36    0    0    1    0    1    2    1   85    1   57    0   21   61    1    4   13    1   35    0    1    0    1    1    1    0    1    0    1   81   30   29    1    0    1    6    1    0    1    0    1   73    1   13    1    0    0    0    1    0    1    0    1   86   23  
  1    0    1    1    1    1    0    4    0    0    0   45   29    0    2   23    0    0    1   16   56    0    1    1    5   14    2    0   49    1    1    0   22    1    8    7    0   18    1    1    1    1    1    1    1    1    7    0    0    1   19    2    1    1    1    1    1    1    1    3    3    0    0    1    0    1    3    1    1    1    1    0    0    1    1   51   27    1    0   45  
  1    0    1    1    0    9    1   22    0    1    1    1    0    7    0    1    1    4    1    1    1    1    0    0   17    1    1    0    0    1    1    1    0   15   16    1    0    1    1    1   18    1    1   34    6    1    9    0    0    2    0    1   38    0    0    0    0    0    2    1    0    0    7    1    1    0    0    0    0    1    1    3    1    1    1    4   22    1    5   47  
  1   45   13    1   18    0   31   34    0   32    8    3   43    0    1    0   63    1    0   51    1    1    1    0   16    0   58    1    1    0    0    1    1   28    1    1    0   29    1    0    0    1   10   14    0    1    0    0    0    0    1    1    0    1    4    0    0   77    1    1   79    0    1    7    0    0    1   79    7    8    8    5    0    1    1    1    0   93    1    0  
  0    5   10    1    5    1    0   11    1    1    0    1    8    7    1    1    0    1    3    1    1    0   21    1    0    1    1    2   70   30    1    8    8    1    1   28    0    1    1    1    1    1    1   20    0    1    1    1    2    1    1    0    1    2    1    1    1    1   51    1    1   27    0    1   22    1    1    1   33    1    1   47   44    6    0    1    0    2    1   27  
  0   55    1    1    0    0    0    1   20   45    1   87    1    0    1    1    1    0    0   36    1    0    9    1    1    0    0    1   75   39    4    1   28    0    3    1   24    1   22    1   21    1   20   80    1    1    1    3    0    1   11    1    3    1    1   52   32    1    0    1    1   51    0    1    0    4    7   55   51    1    1    0    0    0    1   29   11    0    0    1  
  1    0    1    1    1    1    5    1   15    0    6   33    5    1   13   12    0    1    1    1   79    1    0    5    0   14    0    0    1   62    0   95   69    1    1    1    0    1    0    0   97    1    1    0   32    1   38    0    0    1   12    0    1    1    1    3    0    1    0    1    3    0    1    1    1    1    1    1    1    0    1   79    0    2   87   13    3   28    1   40  
 51   21    1    1   43    1    4    0    1    1    0    1    1    1    1   56    4    1    1   35    1    1    1    1    1    0    0    0    0    1    0    1    0    1    2   17    0   73    2    0    1    0   53    1    1    1   12    1    1    0    0    2    1   93    2    1    2    6    0    1    0   72   50    0   60    1    0    1    1    1    1    1    1    1   19    1   47    1    1    1  
  0    0    1   24    1    1    1    1    5   11    1   40    3    1    0   74    1   11   13    1    0    3    0    0    0    0    1   26    0    1    1    1    0    3    1    1    1    0    1    1    0    1    1    1    0   80    1    0    1    1    0    1    0    0    9    1    1   26    1    0    0    0    0    0    1    1    1   26    0    1   21    1    1    4    2    1    0    1    1   39  
 40    1    0    3    1    9    1    0    1    7   46    0    5    1    1    0    0    2    1    0    0    0    0   10    7    6   35    5   65    0    1    0    1    0    0    1    1    0    1    0    0   13    0    1    0    1    1    1    1    1    2    9   15   23    0    0    1    1    4    0    1    1    1    1    0    9    1    1    0   29   19    1    0    1    0    1   12    0   11    1  
  1    0    0    0   34    1   14   14   29    1    1    1    1    1   68    1    1    1    7    1    0    0    1    1    1    0    1   28    1    1    0    4   17    0    1   26    4    3    0   11    1    0   17    1    1   26    0   18    1   30    1    5   11    0    1    1    1    1    2   58    4    0    1    0    1    1    0    1    2    1    1   30    0    1    1    0    1    0    1    1  
  1    6    0    9    0    0    1    1   13    0    1    1    1    1    8    0    0    1    1    0   10    1   33    0    0    0   20    1    1    1    1    0    1   31    1   89    1    1   20   61   90    1    0    1    0    0    1    6    5    0    1   30   53   23    4    1    0    1    2   89    2    3    1   67    0    0    1   62    0   79    0    0    0    1   29    1    3    0   23    0  
  1    1   20    0    1    3    1    1    4   33   18    1    1    0    1    1   97    5    1    0   73    0    8    0   77    0    0    0    1   13    0    1    0    1   84    1    1    1    1    0    2    1    1   46    0    0   12    1    2    1   70    0    0    1    1   22    1   48    1    1    0    1    0    2    1    0    1   36   84    0    2    1    1    1    0   50    1    1    8    0  
  8    0   51    0    0   10    1    0    1   30    1    1    0    0    1    0    0    1    1    1    1    0    0    0    1    0    2   30    1    0   28    1    1    0    7    1    0   12    0    0    0    1    0    0   48    0    1    0   48   55    0    1    1    5    0    5    0    0    1    0    0    1   10    1    1   70    1   20   79   67    0   63   18    1   50    3    1    8    0    1  
  0    1   17    0    0    1   22    0    0    1   54    1    8   20    1    1    7    1    6    4    0    0   45    0    1    0    0    0    0   78    1    1   36    1    0   36    0    0    1    1    9    1    0    1   33    0    1   66    1    0   50    1    0   25    0    0   11    1    1    1    1    1    0   69    0    1    1   82    1    4    1   16    0    0    0    1    1   37   22    5  
  1    1    2   21    1    1    1    1    1    1    2    0    1    0    1    0    1   53    1    0    1    1   16    1    1   37    0    1    1    1    1    1   24    0    1    0   36    1    0    0    0    1    8    0    1    1    3    0    1    1    3   91   36    1   49   44    0    1    0    1   72    0    1    0    0    1   14   14   15    0   76    1    0    1    0   16    0    1   27    0  
  0    1    1    1   21    1    1    4   62    0   58    3    1    0    0    1   11   29   13    0    1    0    1   10   13   10    0   64    1    1    0    0    1    0    1    0    0    0    6    1    1    1    0    6   86    1    1    0    1    0    0    0    0    1   39    0   51    0    1    1    0    0    1   45    0    4    1    0    1    2   41    6    0   54    6   21    1    2   10   16  
 28   66    1    1    1   39   10    4    1    1    1    0    0    7    1    0    1    1    9    1   14   43    0    1    0    0    0    1    1    1    1   84    5    1    1    0    1    0    0    0   40    0    1    0    1    1    1    1    1    1    1    0   49    1    1    0    1    0   96    1    1    3    0    0   45    0    0    0    0    0    1    1   12    1    0    0    1    3    1   71  
  1    0    0    0    0    0    1    1   63   28    1    1    1    2    1   75    1   21    1    0    0    8    5    1   21   21    0   74    1    1   63    1    0    1   22    1    1   72    0   90    0   29    3    1    1    1    1   47    1   73    1    1    0   10   20    1   67   41   74    0    0    1   13    3    0    1    1   22    1    0    2    1   24    1    0    1    0    0    1    1  
  1   19    0    0    5    1    0    0    4   24    1    0    4   11    1    1    0   59    0    1    7   77    1    4    1   83    1    1    1    1    0    1   53    0    0    1    0    5    5    0    0   32    0    0    0    0    1    1    1    1    1    1    0    1    0   20   16    0    0    0    1    9    1   79   85   28    0    9    1    1    1    0    1    4    0    1   55    5   21    1  
 63    0   13    1    1   72    0   30    1    1    1    1   36    1    0    0    1    0   17    0   43    0    1   60    0   65    1   24    1    1    0    1   16   22    1    0   17    0    0    1    0    1    0    1    1    1    1    0    0    1    1    0   13    0    0    1    0   14   78    0    1   21    1    1   72    0   24    0    1   15    1   45    0    0   44    1    0    1    0    0  
  0    0    0    0    1    1    1    0    2    1    1    1    1    0    0    1    0    1    1    0    1    0    0    1    3    1    1    0    0    1    1    0    0   32    1    1    1    0   95    6    1    0    1    1    1    1   15   80    1   30    1    0    0    1    1    0    1   29    0    2    3    1   48    0   25    1    1    1    1    0   16   48    8   46    2    1    1    1    1    0  
  7    0    0    0    1    0   22    0    1   72    0    1    1   14    0   11    0    0   46    0    1    0   23    4    1    0    0    1    1    0   12   75    1    1   13   56    6   84    0    3    0    1    0    0   47    1   18    1   35    2    8    0    1    1    1    1    1    1    5    0    0   25   78    1    1    0    1    0   14    0    1    0   14    0    1    1    1   29   60    0  
  1    1   21    0    0    1    1    1    1    5    0    1    2   19    1    0    0    2    0    1    2    0    1   71    0    1    1   86    0    1   99    0    0    0    1    0    0    0    1    0    1    1    1    0   16    1    1    1   25    1    0    0    0    1    0    1    0    0    1    3    1   37    0    8    1   36    1    1    0   25    1    0    1    1    0    1   77    1    1    1  
  8    0    7    1    1   18    1    0    0    1   29    1    0    6    0    0   22    1    0    0   84    1    1    1    5   12    7    0    0    0   52   57    0    0    0    0    1    3    0   18    1    1    0    0    0   12   15    1   25    4   10    0    1    0    0   19    1   25    0    0    0   82   34   81    1    1    1    1   10   22    0    1   38    1    0    0    4    1    8    1  
  1    0   58    0    1    0   40    1    1    0    0    0    0   21    0    1   13    0    0    0    1    1    1    1    0    1   77   78    0    9    1    0    0   81    1    1   22    7    3   91    1    2    1    1    1    0    1   28    0    0    0    0    0    3    0    8    4    1    1    1    1    0    1    0   14    1    0   80    1    1    1    1    0    1    1   70   80    0   32    1  
 15    4    1    0   27    1    0    1   33    1    0    1    1    0    1   33    1   70    5    1    0    3    0    1   43    0   11    1    4   13   37    8    1    1    0   16   43    1    1    1    1    1    1    1    0    1    0    2    1    1    0    1    0    1    1    0    1    0    0    0    1    1    0    1    0    0    1    1    0    0    0   24    0   57    8    1    0   99   28    0  
  0    1    1    1    1    1    9   26    9    0    1    1   31    1   34    0    2    8    1   46    0    1    0    0    1   24    1    1    0   80    1    1    0   49    0    1    1    1   44    1    1    1    0    1    1    1    0    0    1    1    0    0    0    1    1   84   10    0    1    0   35    0    1    1    5    0    1    3    0    1    0    0   30    1    1    1    1    0    2    0  
 46    1    1    1    1    1    0   24   52    1    1    0   16    0   55    0   10    0   41    1    1    9    0    0    1    0    1    0   38    0   45    1   13    2   60    1    1   44    1    1   43    1    1    0    9   35    0    1    0    0    1    3    6    1   84    1    6    0    0   67    4    0   21    1    0    0    1    1   20    9    0    0   19    1    0    0    1    1    1    1  
  0   21    4    0    5    0    1    1   12    1    0    1    1    5    0    1    1   10    1    0    1    0    0   74    0    1    0    1    1    1    0    6    2    6    0    1    0   30    3    0   46    1    1    1    3    0    1    1   29    0    0    1    0    0   19    0    1    1    1    1    1    3    9   18    0    1    0    0    1   55   61   19    0    1    0    1    1    1   11   14  
  8    1   89    0    1    1    1    1    0    0    1    1    1    8    0    0   12    3    1    1   21    0    0    3    6    1    0    1    0    1    0    1    1    0    4   60    1    1    0    1    1   56    1    2    1    4   90    0    1    0    0    0    1   23   37    1    0    1   29    1    0    9    0    3    1    1    1   41    0   84   21   12    1    1    6    0    1    1    0    3  
  1    0    8    0    6   56    1    1    1    1    0    1    1    1    4    1    0   44   21    0    1    1   77    0    0    1    0    1    1    1    1    1    0    0    0    0   96    1    0   96    1    7    1    1    0    4    2    1    1    1   19    0    1   12    1    1    1    1    1    1   10    1    1    9    0    1    1   28    0    1   61    1    1   11    0    1   17    0    2   32  
  1    0   11    1    0    0    1    1   12    0   48    0   27    1   46    3   49   38   22    8    1    1    0    5    1    0    3    1    1    5    1    0    1    0    0    0    0    1    1    1    0    1    0   94    0    0    1    0    0   50    1    0    0    0    0   48    0    1    1   25   16   16    1    1    1    1   51   22    0    0    0    7    1   50    1    0    1   12    1    1  
  6    1    1   19    0    0    4    1    0    1    0    3   40    1    0    1    0    0    1    0    1   31    0    0    1    1    0    1    1    3    1    1    1   28    8    1    6    0   29    0    1   18    0    1    0   99    1   36   41    1    2    1    1    0    0   53    1    0    0    9    0    1    0    0    1    0   14   82    1    0    1    0    1    6    0   14    0    1    1    9  
  8   25    1    1    2    0    1    1    1    2   17    8    1    1    1    0    1    0    1    1    0    1    1    0    2    0    1    1    0    1    0    0   17    1   74   11    0    0   36    1   18    1    1    5    0    1    1    0    1    1   16    0    0    1    0   25    3   13   15   63    1    0    3   38    1   13   50   21   26    1   72   28   37    0    1    4    1   56    9    1  
 95    4   37    0   90    0    3    1    0    1    0    1    1    0    0   78    1    0    0    3   43   40   63   34    0    1    0    0   44    1    0    1    1    1    0    0   22    1    0    0    0    1    3    0    0    1   34    1    1    1   15    0   11    9    0    0    1    1    0    1    0   71   86    1    0   42    1   15    0    1    0   29    0    1    0    1    0    1    4    1  
  1    1    1    1   35   10    0    1    1    8    1    7    0    1    0    1    1    1    1   38   46    0    0    1    1    1    0    0    2   42    1    1    0    1    1    1    0    0    1    1    1    1    0    1    0    3   40    1   52   17    1    0   16   68   22    0    0    0    1   25    0   21    1    1    1    0    0    0    1    1    1    0    0    1   16    0    0    1    0    1  
 24    0    4   25    1    1   28    0    1    9    9    0    1    0    2    1    0    1   43    1    9    0    0   81    6    5    1    1    0   48   78   99    1    0   33    1   19    0    0    0    1    0    1    1   19    1    3    3    1    1    1    1    1    1    1    0    0    0    0    1   29    1    1    1    1    1   34    0    1    0    1    2    0    7    0    1    0    0    0   55  
  1   28    1    0    1    0    1    0    2    3   39    0    1    0    1    1    0    0    1    1    1    1    1    2    7    4    1    1    1   22    1    6   47    0    1   28    1    1    1    1    2    1    1    0    1    1    9   17    1    2    1    1    1    3    1    1    1    2    0    1    1    1    1   54    1    0    0    1    0    0    2    8    1    0    0   38    1    0    0    1  
  0    1    0    1    0    1    0   52    0   14    1    0    1   40    0    7    1    1   36    1    1    1    0    1   67   37    1    0    1    0   55    1    0   36    0    1    1   15    0    4   20    0    1    0    1    0    2    0    0    0   54    1   15    3   54   11    1    0   31    0    1    1    1    1    1   84    1    2    1    1    1    0    7   11    0    2    0    0   36    1  
  0   36   23    1    0    0    1    1    1   64    2    2    1    0    0    1    0    1   42    1    1    1    1    0    0    6   13    1    0    0   17    1    1    0    1    1    1    0   80    3    1    1    0   58    0   46    0   39    1    0    1    1    0    1    0    1    1    1    1    1    0    0    1   65    3    1    1    0    0   69    1    0   95    8    0    1   98    0    1    0  
  0    0    0    0   12    0   16    2   35    1    6    0    1    1   13    1    0    0    1    1   12   14    0   39    1   13   19    1   52    1    1    1    1    1    0   21   38    0    1    0    1    1    1   64    1   34   29    1    1    0   89    1   11    1    1   83    0    1    1    0    1    0    0    1    0    1   27   16   54    3    0    2    0    1   16    1    0   38    0   37  
  1    1    2   15   32    0   19    1    1    1    1    1    0    0    0    1    1    0   76   42    2    0    0    1    0    1    0    1    7    1    0    2    0    1    1    0    1   10    1    1    3   69   94   64    0    0    4   33    0    0   20    6    9    1    0    1   27    0   92   16    0    0    0    0    0    0    0    1    0    0   91   42    3    1    6    1    1    0    1    1  
  0   21    0    1    1    0    1    1    1    1    0    1    1    1   24    1    0    0    1    1    1    0    1    0   18    1    0    2    1    0    7    1    1    1    2    7    0    1    1    3    1   67   82    0    1    0    1    0    1    1    1    0    1    1    0    1    1    1    7    0    0    1   99    0    0    0    0    1   29    1    2    1    1    1   22    0    1    1    1   89  
  0    0    1    5    1   19    1    8   92    6    0    1    1    0    1    1    0    1    0    0   20    1    1    1    1   75    1    1    1    0    1    1   42    1    5    1    1    0   24    1   40   75    0    1    0    1    4    1   15    1    1    5    0    0   15    0    1    1    1    1   65    1   33    4    0   36    1   15    1    1   75    1    1   23   41    0   36    1    9   11  
  1    1    1    0    1    0    8    0    1    3   60    1    1    2   76    7    1    0    8    1    1    1    1    6   90    0    0    0   11    0   12    0    0    0   41    6    1    1    0    2    0    5   22   20    1    0    1    0    0   85    1   19    0    1    0    1    4    9    1    0    0    0    0    1   26    0    1    0    0    1    1    0    1    4    1   50   23    1    0    1  
  1    1    0    1    0    1    0    0    3    2    2    1   35    4    1    2   73    0    0    1    0   22    0    1    1    1    2    1    1    1    1    1   44    0    0    0    0    4    1    1    1    0   65    1    0    0    1    1   66   84    1   41    0   79    1    1   71   26   13    1    0    5    1    0    0   74    0    0    1   98    1    0    1    2    0    0    1    6    1    1  
 99   27    1    0    1    0    1    0    0   29   18    0    1    1    0   12    0    0    7    1   49    0    1   46    1    0    0   15    0    2    0    1    1   13    1    1    0    0    1   30    0   38    1    1   10    7    0    1    0    1    3    1    1    1    1    0    0    0    1    0    0    0    8    1    1    0    0    0   39    9    1   96    0    9   47    0    0    1   84    0  
 18    1    3   17    1    5    2    1    1    0    0    1    1   12   12    1    0    1    1    1    4    0    1    1    0    1    0    0   93    1    0   36    0    1    0    1    0    0   10   76   24   11    0    2    0    1   24    5    0   12    2   38    0    1   34    1    1    6    0    1    0   25    0    1    1    0    0    3    0    0    0    0    1    1    0    0    1    1    1    1  
 18    1   16    1   69    1    1    1   97    3    6    0    1    2    6    6    1    1    0    1    1    0    1    3    2    1   20    2    1    3   67   31    0   25   12    0    1    0   26    0    0    1   93   12    0   14   88    6   20    1    0    1   10    0    1    1    3    0    2   15    0    0    1    1   49    0   11    1    0    0   25    1    1    1    0    0    1    1    0    1  
  1    1    1    8    1    1    0    1    0    0    1    7    0    0    1    0    1    0    0    0    1    1   11   54    7    1    1    0    1    1    1    0    1    7    1    0    9    0    0    4   11    0    1    1    0   60    0    1    0   27    1   23    1    1   73    1    0    0    1    1   20    1    1    0    4    0    5   57    0    1    0   90   16   22    1    1    1    1   10   13  
  0   69    1    1    0    1    0    0    1    1    1    0   48    1    6    0    1    0    1    0    1   13    1    9    0   23    0    1    1    1    1   70   46   29    0    1    0    1    2    1   20   95   69    0    1    0    1    1    1   99    1    1    1    0    1    1    0    2   14    1    0    0   10    1    1    3    2    1    1    2    0    0    1    4    1   17    1    5    1    1  
  0    0    1    0    3    0   38    1    6   51    1    1    1   27   33    1   78    0    3    1    0    1    0    0    0    1   74    1    1    0    1    3    2    1    1    1    0    2    6    1   26    3    1    1    0    1    0    1   77    0    0    1   58    0   69   51    0    1   70    1   14    0    0    0   11   95   28    5   37   89    8    3    0    1    1    1    1    1    0    0  
 44    0    3    1    1   47    1    0    0    1   90    1    1    0    0    1    1    0    4    1   43    0    5    1    0   54    1   33   17    0    0    1    8    2    8    5    0   10    0    1    0   30    1    0    0    1    1    0    0   66    1    3    6   29    6   15    0    0    0    1    1   52   75    0    1    1    0    1   99    1    0    1    4    0   16    4   51    1    1    1  
  1   70   17    1    0    1    0    0   29    1    1    0    1    0    0    0    1    1    1    1    0    1    1    1    0    1    0    1   18    1    1   77   61    0    0    1    0   19    1    2   21    0    1    1    0    1    0    0    0    1    7   57    1    0    1    7    1    0   26   75    1    0    0    1    0    9    0    4    8    1    1   77    4    1    0    0    0    0    1    1  
  0    1    1   33    1    0   49   20    0    1   32   25    0   16   32   44    0    3   11    1    0    1   17    0   40    1    1    1    1   96    0    3    0    1    0   52    1    0    0    1    1    2   72    0    7   93    1    1    0    0    0    1   72   32    1    2   32    0   11    1    0   18    0    0    1    1   51    5   14   26   81    1   23    1   26    0    4    0    1    1  
  1    0   38   85    0    0    0    1    1    0   63   25    1    1    4    0    0    2    1   10    1    0   51    1   45   46    4    1    1    1    1    4    0    0   12    1    1   92    0    1   21    0    1   10    1   67    0    1   73    1    0   37    1    0    1    1    7   14   13    1    0   14   82    0    1    0    1   17    1    1    0    1    1    0    0    1    0   39   11   17  
  0    0    1    0   27    1    0   23    1    3    1    0    5    8    1    1    1   21    1    0    1   21   89    0    0    0    1    0   40    5   26   31   22    0   34    1    1    0   60    0    2    0    1    1    1    1    1    6    0   42   67   29    0    1    0    1    0    1    1    1    1   14    0    6    0   47    1    1    0    1    1    1    0    0    5    1    1    0   11    0  
 82    1    1   43   86   95    1    0    1    1    0    1    1    2    0   45    1    1    1   10   59    4    6    1    0    0    0    1    1    3   64    1    1    1    1    0    1    1    1    0    1    1   59    1    0    0   12    0    0   78    2   44    1    0    0    1    1    9    1    1    1    1    1    1    0    6    6    0    1    7    1    0    0    2    0    5   50   13    0    1  
  1    0    1   11    4    1    1    0    2    1    1    1   65    1    1    0    1   86    0    0   24    1    1    1    1    0    0    0   94    0   30   70   85    1   85    0    0    1    1    1    4    1   13   45    1    0    0    1    6    2    0    0    0    1   63   41   90    3    1    1    4    1   17    1    1   14    0   11    1    0    0    0    0    0    2    0    1    0    2    0  
