70

    0    181    182    179    181    179    181    189    183    178    183    143    822    818    820    824    826    817    820    493    485    489    494    493    899    889    900    908    903    892    900    901    596    598    598    594    592    588    586    425    424    431    419    427    413    418    894    894    889    890    892    417    418   1221   1065   1072   1073   1071   1068   1078   1154    999   1003    994    990    992   1003    993   1000    997  
  244      0      3      8      5      3     14      9      3      5      3     73    701    700    700    704    708    698    700    312    305    310    314    313    956    948    959    966    958    950    959    958    415    417    417    413    411    407    405    329    328    339    322    330    319    323    792    792    788    789    792    321    320   1115   1055   1064   1063   1063   1060   1070   1021    900    905    896    891    894    905    895    901    898  
  245      3      0     11      3      5     12      9      3      7      2     73    703    702    702    705    709    700    702    311    303    309    313    311    959    951    962    969    961    953    962    960    414    416    416    412    410    406    404    331    330    341    324    332    321    326    793    794    790    791    794    323    323   1117   1058   1066   1066   1066   1063   1073   1022    902    906    898    893    896    906    897    903    900  
  242      8     11      0     13      8     21     11     10      8     10     75    697    696    696    699    703    694    696    316    308    313    317    316    948    940    952    958    951    942    952    950    418    420    420    416    414    410    408    323    322    332    316    324    313    317    786    787    783    784    787    315    314   1110   1048   1056   1056   1056   1053   1063   1017    895    899    891    886    889    899    890    896    893  
  243      5      3     13      0      5      9     11      5      7      4     71    705    704    704    707    711    702    704    312    304    309    313    312    960    952    964    970    963    954    964    962    415    417    417    413    411    407    405    334    333    343    327    335    323    328    796    796    792    793    796    326    325   1119   1060   1068   1068   1068   1064   1075   1024    904    909    900    895    898    909    899    905    902  
  241      3      4      8      5      0     13     11      5      2      5     71    703    702    702    705    709    700    702    314    307    312    316    315    955    947    959    965    958    949    959    957    417    419    419    415    413    409    407    330    329    340    323    331    320    324    793    794    789    790    793    322    321   1117   1055   1064   1063   1064   1060   1071   1023    902    906    897    892    896    906    896    902    899  
  241     13     11     21      9     13      0     19     13     14     12     65    712    711    711    715    719    710    711    313    305    309    314    313    967    959    970    977    969    961    970    969    416    418    418    414    412    408    407    342    341    351    335    343    331    336    803    804    800    801    804    334    333   1127   1068   1076   1076   1076   1073   1083   1031    912    916    908    902    906    916    907    913    909  
  254     12     12     14     14     15     22      0      9     16     10     84    694    693    693    697    701    691    693    305    297    303    307    305    957    949    960    967    959    951    960    959    407    410    410    405    404    399    397    324    323    333    317    325    313    318    785    786    782    783    786    316    315   1108   1052   1061   1060   1061   1057   1068   1013    894    898    889    884    888    898    888    895    891  
  246      3      3     10      6      6     14      7      0      8      1     75    701    699    700    703    707    698    699    310    302    308    312    310    958    949    961    968    960    952    961    959    413    415    415    411    409    405    403    329    328    339    322    330    319    323    791    792    788    789    792    321    320   1115   1056   1065   1064   1064   1061   1071   1020    900    904    895    890    894    904    894    901    897  
  239      4      6      7      7      2     14     12      6      0      6     70    703    702    702    705    709    700    702    316    308    313    317    316    954    946    957    964    956    948    957    956    418    421    420    416    415    410    409    330    329    339    323    331    319    324    793    794    789    790    793    322    321   1117   1055   1063   1062   1063   1059   1070   1023    902    906    897    892    895    906    896    902    899  
  246      3      2     10      5      6     13      8      1      7      0     75    701    700    700    704    708    698    700    311    303    308    312    311    958    950    961    968    960    952    961    960    413    415    415    411    410    405    403    330    329    339    323    331    319    324    792    793    788    789    792    322    321   1115   1056   1065   1064   1065   1061   1072   1021    901    905    896    891    895    905    895    901    898  
  184     57     56     60     54     55     49     65     58     54     57      0    756    755    755    758    762    753    755    354    346    350    356    355    970    962    973    980    973    964    973    972    459    460    461    457    455    451    450    379    378    387    372    380    368    373    844    845    841    841    845    370    370   1169   1091   1099   1099   1098   1095   1105   1077    953    957    948    943    947    957    947    953    950  
 1050    857    858    853    860    859    868    846    855    860    856    928      0     14      6      3     10     13      5    644    645    656    641    637   1028   1027   1038   1036   1022   1026   1038   1027    588    593    586    582    584    589    577    517    519    513    524    514    532    525    130    134    132    134    138    527    524    419    730    746    733    747    742    752    339    227    233    225    217    224    233    223    229    224  
 1043    851    852    848    854    853    862    841    849    854    850    922     12      0      8     12      9      3      8    645    646    657    642    638   1014   1014   1024   1023   1009   1012   1024   1013    592    597    590    585    588    592    580    509    511    504    516    506    524    517    122    126    124    126    130    519    516    418    717    733    720    734    729    739    345    223    228    220    212    219    228    219    224    219  
 1047    854    855    851    857    856    865    844    852    857    853    925      5      9      0      5      8      7      1    644    644    656    640    637   1022   1022   1032   1031   1017   1020   1033   1022    589    594    586    582    585    590    578    513    515    509    520    510    528    522    127    131    129    132    135    523    520    419    725    741    728    742    737    747    341    226    231    223    215    223    232    222    228    222  
 1053    859    860    856    862    861    870    849    857    862    858    930      3     15      7      0      8     14      7    647    647    659    643    640   1028   1028   1038   1037   1023   1026   1039   1028    591    596    588    584    587    591    579    519    521    515    526    516    534    527    128    132    130    133    136    529    526    417    730    746    732    746    742    752    337    225    231    223    214    222    231    221    227    222  
 1054    861    862    858    865    864    872    851    860    864    861    933     10     12      9      8      0     12      9    652    653    664    649    645   1023   1022   1033   1031   1017   1021   1033   1022    598    602    595    591    593    598    586    520    522    515    527    517    535    528    120    124    122    125    129    530    527    412    722    738    725    739    734    744    336    218    224    216    208    215    224    214    220    215  
 1042    850    851    846    853    852    861    840    848    853    849    921     10      3      6     10     10      0      6    643    643    655    639    636   1016   1015   1026   1024   1010   1013   1026   1015    590    595    587    583    586    590    578    508    510    504    515    505    523    517    125    129    126    129    133    518    515    420    720    736    722    736    732    742    345    225    231    222    215    222    231    221    227    222  
 1047    854    855    850    857    856    865    844    852    857    853    925      4     10      1      5      9      8      0    643    644    655    640    636   1023   1023   1033   1032   1018   1021   1033   1022    589    594    586    582    585    589    577    513    515    509    520    511    528    522    128    132    130    132    136    523    520    420    726    742    729    743    738    748    341    227    232    224    216    223    232    223    228    223  
  658    415    414    418    415    418    418    405    412    420    413    477    606    610    607    608    615    607    606      0     11     13      4      7   1193   1187   1199   1203   1192   1188   1199   1194    106    108    109    106    104     99    101    412    413    422    409    411    412    412    726    729    726    728    731    411    406   1015   1142   1154   1149   1154   1150   1161    864    831    837    829    821    828    837    827    833    828  
  648    405    404    408    405    408    408    395    402    410    403    467    604    608    605    607    613    606    605      9      0     14     10     10   1184   1178   1191   1195   1184   1179   1191   1185    113    115    116    113    111    106    107    404    405    414    401    403    404    404    725    727    724    726    729    403    398   1015   1137   1149   1144   1149   1145   1156    865    830    835    827    819    826    835    826    831    826  
  652    409    408    412    409    412    412    399    407    414    407    470    617    620    617    619    625    618    617     11     14      0     14     18   1197   1191   1203   1207   1196   1192   1203   1197    113    113    115    113    111    105    108    417    418    427    414    416    417    417    737    740    736    738    742    416    411   1026   1151   1162   1157   1162   1158   1169    875    842    848    839    832    838    848    838    844    839  
  660    417    416    420    418    420    420    407    415    422    415    480    603    607    604    605    612    604    603      4     13     16      0      5   1192   1186   1199   1203   1192   1187   1199   1193    104    106    107    104    102     97     98    411    412    421    408    410    411    412    724    727    723    725    729    410    405   1013   1141   1153   1147   1152   1148   1160    861    829    834    826    818    825    834    825    830    825  
  659    417    415    419    417    419    419    406    414    421    414    479    599    603    600    602    608    601    600      7     13     19      5      0   1189   1183   1195   1199   1188   1184   1195   1190    105    106    107    104    102     97     98    408    408    417    405    406    408    408    720    723    719    721    725    406    402   1009   1137   1149   1143   1148   1144   1155    858    825    830    822    814    821    831    821    826    822  
  899    948    951    940    952    947    959    948    949    946    950    967    822    811    818    822    816    813    819   1124   1118   1130   1123   1119      0     11     11     11      8      7     12      3   1172   1177   1171   1165   1166   1166   1155    730    730    721    734    731    732    731    754    749    747    744    743    732    737    939    353    347    359    347    347    349   1061    777    775    772    778    770    775    772    775    779  
  890    939    942    932    943    939    951    939    941    938    941    958    820    808    815    819    814    810    816   1117   1110   1123   1116   1112     10      0     13     19     17      4     13     13   1165   1170   1165   1158   1159   1159   1149    723    723    714    727    724    725    724    752    748    745    743    742    725    730    941    359    353    365    353    353    355   1060    777    775    772    777    770    775    772    775    779  
  900    950    953    943    955    950    962    950    952    949    952    969    829    818    825    829    824    820    826   1129   1122   1135   1127   1124      8     12      0      9     15     11      1     10   1177   1182   1176   1170   1171   1170   1160    735    734    725    738    736    736    735    761    756    754    752    750    737    741    947    361    355    366    354    354    356   1068    785    783    780    785    778    782    780    783    787  
  908    957    960    950    962    957    969    957    959    956    959    977    831    819    826    830    825    821    827   1134   1127   1140   1133   1129     10     19     10      0     11     16     11      9   1182   1187   1181   1175   1176   1175   1165    740    739    731    743    741    742    740    761    756    754    752    750    742    746    944    354    348    360    347    348    350   1067    784    781    778    784    777    781    779    782    785  
  904    951    954    943    955    951    963    951    952    949    953    971    820    808    816    820    814    810    816   1126   1119   1132   1125   1121     10     19     20     15      0     14     20      7   1173   1178   1172   1166   1167   1167   1156    731    731    722    735    732    733    732    750    745    743    741    739    734    738    934    347    341    352    340    340    342   1056    773    771    768    773    766    770    768    771    774  
  893    942    945    934    946    941    953    942    943    940    944    961    819    808    815    819    813    810    816   1119   1112   1125   1118   1114      7      5     13     16     13      0     13      9   1167   1172   1166   1160   1161   1160   1150    725    724    715    728    726    726    725    751    747    745    742    741    727    731    939    356    350    362    349    350    352   1059    776    774    770    776    769    773    771    774    777  
  900    950    953    943    955    950    962    950    952    949    952    969    830    818    825    829    824    820    826   1129   1122   1135   1127   1124      9     12      1     10     15     11      0     10   1177   1182   1176   1170   1171   1170   1160    735    734    725    738    736    736    735    761    757    755    752    751    737    741    948    361    355    367    354    355    357   1069    785    783    780    786    778    783    780    783    787  
  902    950    952    942    954    949    961    949    951    948    951    969    822    811    818    822    817    813    819   1126   1119   1132   1125   1121      3     13     13     10      6      9     13      0   1173   1178   1173   1166   1167   1167   1157    731    731    722    735    732    733    732    754    749    747    744    743    734    738    938    352    346    357    345    345    347   1060    777    774    771    777    770    774    772    775    778  
  800    557    556    559    557    560    560    546    554    561    554    620    576    582    578    578    585    579    577    145    154    153    142    142   1272   1267   1280   1283   1271   1268   1280   1273      0      6      4      8      7     11     18    490    491    498    489    488    493    492    702    706    703    705    709    491    486    971   1170   1183   1176   1183   1179   1190    802    802    808    800    792    799    808    799    804    799  
  802    559    558    561    559    562    562    548    556    563    557    622    581    587    583    583    590    584    582    146    156    154    143    144   1277   1272   1285   1288   1276   1273   1285   1278      6      0      8     13     12     15     23    495    496    503    494    493    498    497    708    711    708    710    714    496    491    976   1176   1189   1181   1189   1184   1196    806    807    813    805    797    805    813    804    809    804  
  803    560    559    562    560    563    563    549    557    564    558    624    574    579    575    576    583    576    574    148    158    157    145    146   1273   1268   1280   1283   1272   1268   1280   1274      5      8      0      7      8     14     19    491    492    499    490    489    494    493    700    703    700    703    707    492    487    968   1169   1182   1175   1182   1178   1189    799    800    806    798    789    797    806    796    802    796  
  798    555    554    557    556    558    558    544    552    560    553    619    569    574    571    571    578    572    570    145    154    153    141    141   1266   1261   1274   1277   1265   1262   1274   1267      8     13      7      0      4     11     12    484    485    492    483    482    488    487    695    699    695    698    702    485    480    964   1163   1176   1169   1176   1172   1183    796    795    801    793    785    792    801    792    797    792  
  796    553    552    555    553    555    556    542    550    557    550    616    571    577    573    574    581    574    572    142    151    150    139    139   1266   1261   1273   1277   1265   1262   1274   1267      6     12      7      3      0      8     12    484    485    492    483    482    487    486    698    701    698    700    704    485    480    967   1164   1177   1170   1177   1173   1184    799    798    804    796    787    795    804    794    800    794  
  789    546    545    549    547    549    549    535    543    551    544    610    575    580    576    577    584    578    576    135    144    143    132    132   1264   1259   1271   1274   1263   1259   1271   1265      9     12     11      9      6      0     13    481    482    489    480    479    485    484    701    704    701    703    707    482    477    971   1165   1178   1171   1178   1174   1185    804    801    807    799    791    798    807    798    803    798  
  789    545    545    548    546    548    549    535    543    550    543    610    563    568    564    565    572    566    564    137    145    146    133    133   1255   1250   1262   1265   1254   1250   1262   1256     17     22     17     11     11     13      0    473    474    481    472    471    476    475    689    692    689    691    695    474    469    960   1153   1166   1159   1166   1162   1173    793    789    795    787    779    786    795    786    791    786  
  535    367    369    362    371    369    380    359    366    369    367    432    399    395    397    401    403    394    397    397    391    404    396    392    785    779    792    795    784    780    792    785    443    449    443    437    438    437    427      0      2     11      8      3     15      9    471    471    467    467    470     11     10    798    758    768    765    768    764    775    735    578    582    573    569    572    582    572    579    576  
  533    366    368    361    370    368    379    358    365    368    366    431    400    396    398    402    404    395    398    397    391    404    396    392    784    778    791    794    783    779    791    785    444    449    444    438    438    437    428      2      0     12      7      4     13      7    472    472    468    469    471      9      9    799    758    769    766    768    764    775    736    579    583    574    570    573    583    573    580    577  
  541    376    378    371    380    378    389    368    375    378    376    440    394    389    391    396    398    388    391    407    401    414    406    402    776    771    783    786    775    771    783    777    452    457    452    446    447    446    436     11     12      0     18     11     22     17    464    464    459    460    463     19     20    791    747    758    755    757    754    765    730    570    574    566    561    564    574    565    571    568  
  528    359    361    354    364    361    372    351    359    361    359    425    405    401    403    407    409    400    403    393    386    400    391    388    787    781    794    797    786    782    794    787    440    446    440    434    435    434    424      7      7     17      0      9      9      4    478    478    473    474    477      4      3    805    764    774    771    774    770    781    740    585    589    580    576    578    589    579    585    582  
  538    369    371    364    373    371    382    361    368    371    369    435    397    393    395    399    401    392    395    396    390    403    395    391    787    781    794    797    785    782    794    787    442    447    442    436    436    436    426      4      6     12     11      0     18     12    469    470    465    466    469     13     11    797    758    768    766    768    764    775    733    577    580    572    567    570    580    571    577    574  
  521    354    356    349    358    356    367    346    353    356    354    419    410    406    408    412    414    405    408    394    388    401    393    389    783    777    790    793    782    778    790    784    443    448    443    437    437    437    427     12     11     20      6     14      0      6    483    483    478    479    482      4      8    810    765    775    772    775    771    782    746    590    593    585    580    583    593    584    590    587  
  527    360    362    355    364    362    373    352    359    362    360    425    405    401    403    407    409    400    403    396    389    402    394    391    783    778    790    794    782    779    790    784    443    449    443    437    438    437    427      7      6     16      4      9      7      0    477    478    473    474    477      3      6    805    762    772    769    771    768    779    741    584    588    580    575    578    588    579    585    582  
 1107    932    933    928    935    934    943    922    930    934    931   1001    130    123    127    128    120    125    128    759    758    770    755    752    973    974    984    981    967    972    984    973    713    718    710    706    708    712    700    574    576    568    582    572    589    583      0      7     10     13     14    585    582    328    632    649    634    650    645    654    325    110    114    106    100    104    115    105    111    107  
 1105    931    932    926    934    933    942    921    929    933    930   1000    134    126    131    132    124    129    132    760    760    772    757    753    968    969    978    976    962    966    978    967    715    720    713    708    711    715    703    573    574    566    580    570    587    581      6      0      6      8      8    583    581    328    626    643    628    643    639    648    329    109    113    104     99    103    113    103    109    106  
 1100    925    926    921    929    927    937    916    924    928    925    994    131    124    129    129    122    126    130    756    756    768    753    749    964    965    974    972    958    963    975    963    712    717    709    705    707    711    699    567    569    561    575    565    582    575      8      5      0      4      7    577    575    333    625    641    626    642    637    647    332    113    117    109    103    107    117    108    114    110  
 1099    925    926    921    929    927    937    916    924    928    925    994    134    126    132    132    125    129    132    757    757    769    754    751    961    962    972    969    955    960    972    960    714    719    711    707    709    713    701    567    568    560    574    564    581    575     10      6      4      0      4    577    575    332    621    638    623    638    634    643    334    112    116    107    102    106    116    106    113    109  
 1102    928    929    924    932    930    940    919    927    931    928    997    138    130    135    136    128    133    136    761    761    773    758    754    960    961    971    968    954    959    971    959    718    723    715    711    713    717    705    569    571    563    577    567    584    578     12      7      7      4      0    580    578    330    619    636    620    636    632    641    334    109    113    104     99    103    113    103    109    106  
  525    357    359    352    362    359    370    349    357    359    357    422    407    403    405    409    411    402    405    394    387    401    392    389    785    779    792    795    784    780    792    786    442    447    442    436    436    435    426      9      8     18      3     11      5      3    479    480    475    476    479      0      5    807    764    774    771    774    770    781    742    586    590    582    577    580    590    581    587    584  
  528    358    360    353    362    360    371    350    357    360    358    424    405    401    403    407    410    400    403    390    383    397    389    385    790    784    797    800    789    785    797    791    438    443    437    431    432    431    421     10      9     20      4     10     10      7    479    479    475    475    478      6      0    806    767    777    774    777    773    784    741    586    590    581    577    580    590    580    587    584  
 1514   1334   1335   1330   1337   1336   1345   1324   1332   1337   1333   1404    483    486    485    480    477    488    485   1114   1116   1126   1111   1107   1271   1274   1282   1277   1264   1271   1282   1270   1036   1040   1032   1030   1033   1038   1027    980    982    974    988    978    995    988    407    409    414    415    413    990    988      0    838    853    835    854    851    856    237    289    287    297    297    299    287    297    290    290  
 1121   1072   1074   1065   1077   1073   1085   1068   1072   1072   1073   1116    664    654    661    663    656    656    661   1139   1134   1148   1137   1133    473    479    483    476    464    475    483    471   1156   1161   1154   1148   1150   1151   1140    758    759    748    765    759    766    762    555    550    550    547    544    764    767    638      0     17      9     18     14     22    807    532    528    529    537    527    528    530    530    535  
 1125   1079   1081   1072   1084   1079   1092   1075   1079   1079   1080   1122    678    667    674    677    670    670    675   1150   1145   1159   1149   1145    462    469    473    465    454    465    473    460   1168   1173   1166   1160   1162   1163   1152    768    769    758    774    769    775    772    570    564    564    561    558    774    777    651     15      0     14      2      5      7    821    547    542    543    551    541    542    544    544    549  
 1130   1080   1083   1073   1085   1081   1093   1076   1081   1080   1081   1124    669    658    665    668    660    661    666   1146   1141   1155   1144   1140    479    486    489    482    471    482    490    477   1162   1168   1161   1155   1157   1158   1146    766    766    755    772    766    773    770    559    554    554    551    548    772    775    638      9     19      0     20     17     22    808    535    530    531    539    530    530    532    532    537  
 1124   1078   1081   1071   1083   1079   1092   1074   1079   1078   1079   1121    678    668    675    677    670    670    675   1150   1145   1159   1148   1144    461    468    471    464    452    464    472    459   1168   1173   1166   1160   1162   1163   1152    768    768    758    774    768    775    772    570    565    565    561    559    774    777    652     15      1     15      0      5      8    821    547    543    543    551    542    542    544    545    550  
 1122   1075   1078   1068   1080   1076   1088   1071   1076   1075   1076   1118    674    663    670    673    666    666    671   1146   1141   1155   1144   1140    463    469    473    466    454    465    473    461   1163   1169   1162   1156   1158   1159   1147    764    765    754    770    765    771    768    566    560    560    557    554    770    773    649     11      5     13      5      0     12    818    543    539    539    547    538    538    540    541    546  
 1131   1085   1088   1078   1090   1086   1099   1081   1086   1085   1087   1128    685    674    681    683    676    676    681   1157   1152   1166   1156   1152    463    470    474    466    455    466    474    461   1175   1180   1173   1167   1169   1170   1159    775    776    765    781    775    782    779    575    570    570    567    564    781    784    654     21      7     18      8     12      0    825    552    547    548    556    547    547    549    549    554  
 1496   1291   1292   1288   1294   1293   1301   1280   1289   1294   1290   1363    452    461    456    450    450    462    456   1007   1011   1019   1003   1001   1401   1402   1411   1408   1394   1400   1412   1400    905    908    901    900    903    910    900    966    968    962    973    963    981    974    442    447    451    454    453    976    972    244   1006   1023   1005   1023   1019   1026      0    372    374    379    373    382    375    379    374    370  
 1228   1055   1057   1051   1059   1058   1067   1046   1054   1058   1055   1124    235    232    234    232    226    235    235    877    877    889    873    870   1030   1032   1040   1037   1023   1029   1041   1029    822    827    819    815    818    823    811    696    698    690    704    694    711    704    125    125    131    131    128    706    704    225    644    660    644    661    657    665    284      0      6      9     11     11      7      9      3      4  
 1231   1059   1060   1055   1063   1061   1071   1050   1058   1062   1058   1128    240    238    240    238    231    240    240    882    882    894    878    875   1028   1030   1039   1035   1021   1027   1039   1027    828    833    825    821    824    828    816    699    701    693    707    697    714    708    129    129    135    134    131    710    708    223    640    657    640    658    653    661    287      6      0     11     17     13      1     12      4     10  
 1221   1049   1050   1045   1053   1051   1061   1039   1047   1051   1048   1118    231    228    231    229    222    231    231    872    872    884    869    865   1022   1024   1033   1029   1015   1022   1033   1021    819    824    816    812    815    819    807    689    691    683    697    687    704    697    119    119    124    124    121    699    697    231    638    654    638    655    651    659    289      6      9      0     10      3      9      2      6      7  
 1219   1046   1047   1042   1049   1048   1058   1036   1044   1048   1045   1115    224    222    224    222    215    224    224    866    866    878    862    859   1028   1030   1039   1035   1021   1027   1039   1027    811    816    808    805    808    812    800    687    689    680    695    685    702    695    115    116    121    121    118    697    695    233    646    662    646    663    659    667    283     11     17     10      0     12     17      9     13      8  
 1218   1046   1048   1042   1050   1048   1058   1037   1045   1049   1046   1115    230    227    229    228    221    229    230    871    871    883    867    864   1020   1021   1030   1027   1013   1019   1031   1018    818    823    815    811    814    818    806    687    688    680    694    684    701    695    117    117    122    122    119    697    695    233    636    652    635    653    649    657    291      9     11      3     11      0     11      3      8      9  
 1230   1059   1060   1055   1063   1061   1071   1049   1058   1061   1058   1128    240    238    240    238    232    240    240    882    882    894    879    875   1027   1029   1038   1035   1021   1027   1039   1026    828    833    825    821    824    828    816    699    701    693    707    697    714    707    129    129    135    134    131    709    707    223    640    656    639    657    653    661    288      7      1     11     17     13      0     12      5     10  
 1220   1048   1049   1044   1052   1050   1060   1038   1047   1050   1047   1117    230    227    229    227    221    230    230    871    871    883    868    864   1023   1025   1033   1030   1016   1022   1034   1021    818    822    815    811    814    818    806    688    690    682    696    686    703    697    118    118    124    123    120    699    697    232    639    655    638    656    652    659    289      7     10      2      9      4     10      0      7      7  
 1227   1055   1057   1051   1059   1058   1067   1046   1054   1058   1055   1124    236    234    236    234    227    236    236    878    878    890    874    871   1028   1030   1038   1035   1021   1027   1039   1026    824    829    821    817    820    824    812    696    698    689    704    694    711    704    125    126    131    131    128    706    704    225    641    658    641    658    654    662    287      3      4      7     13     10      5      8      0      7  
 1226   1053   1055   1049   1057   1055   1065   1044   1052   1056   1053   1122    232    229    231    229    223    232    232    873    874    885    870    867   1031   1033   1042   1038   1024   1030   1042   1030    819    824    816    812    815    819    808    695    696    688    702    692    709    703    123    123    129    129    126    705    703    227    646    663    646    664    659    667    283      4     10      9      8     12     10      9      7      0  

    0      0      0      0      0      0    154      0      0    131      0    662      0      0     23      0      0    849      0      0      0      0      0      0      0      9      0      0      0  21721      0     29      2      7      0      0      0      0      0      0      0      0      0      0     38      0      0      0   1255      0      0      0  35609   2453      0      0      0      0  95422      0      0      0      0      0      0      0     22  34257      0      1  
    0      0      0      9      0      0      0      4      0      0      0      0      0      0      0      0      3      0      0      0      0      0   1705      0      0      0      0      0      0      0      0      7      0   8479    229      0      0      0      0      0      0   6361    850      0      0      0    183      0    190      0      0      0     59      0  91646      0  38764      0      0      0      0      0  15901      3      0   3955    631      0   5781     55  
    1      0      0    175      0      0      0      0      0      0      0     25      0      0      2      0      0      4      0      0      0      0   3596     56      0      0   1088      0  66421  33029      0      1      0      0     45      0      0      0      0    366      0      0      0      0      0    437  17624      0     20      0      0      0      0     11      8      0      1      2      0      4      0      2      0   8013      0  21362      0  64031      0      0  
    0   1314      0      0      0      0      5      0      0  80846      0      0   8635      0      0      0      0    208      0      0      0      0      5     18      0      0      0      0     66      0      0      0      4  62256    725      0      0    391      6      0   7448      1      0      2      0      0      0      0      0      0      0      0      0      0      0      0      0      0      9      0      2      0   4720      1      0      0      0     29      5      0  
    0      0      0      0      0      0      0      0      0      0      0      0      0      0   2671      0      0      0      0      0      0      0      0  11829      6      0   5794      0    645     64      0      0      0      0      0      0   4073      0      0   2106      0      0  76922   1473   1034      0      0      0      0      1      0      0      0      5      0   3320      0      0      0    941      0    175      0      7      0      8      0      0     14      9  
57461      0      0      0      0      0   1481     69      0      0      0  46161      0  45855  16044      0      0      0      0      0   2017      0     12    559      3      0      0      0      0      0      5      0      0      0     46     46      0      0      0      0  44400      0      0      0      0  56273  20740      0      0    666      0      0      0   1541      1      0      0      0      0      0      0   3589      0      2      0      0      0      0      0      0  
    0   4220   1088      0      0      0      0      0      0      0      0    336      1      0      0   7565      0      0      0      0      0      0      2      0     12      0      0    104     12      0  50829      0      0      0      0      0  26558      0     84      0    140     34      1      0    235      0      0      0      2      0      0      7      1      0      0     39      0   1789      0      0      0      0      1      0  61951      0      0      0    126      0  
   41      0   3352      0      0      0      0      0      0   4055      0    135      0  15412      1      0      0     12      8      0  10816  59146  21017      0      0      0      0     27      2  36972      0      0    505      0      0      0      0      0      0      0      6      0   1143      0     16      0  10577      0      0      0      0      0     18    197      0      0    171     56    148  73713      0   5734      0    171      0      0      0      5      0      0  
    0      0   1380      0     70    164      0   2165      0  29632      0     39      0      0      0      0  85027      0   2108      0      0      0      0      0    167      0      0      0  38912      0    366      0      0      0      0      0      0      0      2      0      0      0      0      0      0      0      0      0      1      0      0      0      0   3964    137      0    911      0      0      0      0      0      0   4633      0      3      0   1592   5869      0  
    7   4514     62    913      0      0      0      0      0      0      0      0      0      0      0      0      0    438      0      0      0      0   8222      0      0      0     71    255      0      0      0      0     66      0      0     27      0      0     32      0      0      0      3      0     13      0      0      5      0      0      0      0      1      7      0    447      0      0      0      0      0      0      0      0      0      0      0      0      0      0  
  189      0      0      0      0      0      0      0      0      0      0      0     91      0      0      0    135    513    121      0    202     90      0      0      0  11179      0    111      3      0      0      2      0      0  35319   9836      0  41193   4724      0    995      0      0     25      0      0      0      5   3442      0      0      0      1      0  71049   1605      0      0      0    112      0      0      4      0      0      0      0      0      7      0  
    0  48127      0      0      0      0    208      0      0      0      5      0     18      0      0      0      0    115      0      0      0      0      0      0    338      0      0     10      0      0      0      0      0      0      0      0      0      0      0      0      0  53348      0      0      0      3     49      0    577      0      0      0      0      0   1690      0      0      1      7   7781      0     13      0   1874      0      0      0      0      0   2236  
    0      0      0      0      0    417  42264      0      0     14      0      0      0  16264      0      0      0      0      0      0      0      0  10066      9   9039      0      0      0      0      0      0     27      0      0      2      0      0      4      0      0      0      0  20229      0      0      0      0      0      0      0      0   1148      2      0      0      0      1      0      0  70845      0      0      0      0      0      0  24357      0      0      0  
    0      0      0  21887      0      0      0      0      0      0      0      0      0      0      2      0      0      1      0      0      0      0      0      0   3594      4      0      0      0     59      0      0      0  57953      1      0      0      0      1    171      0      0      0      0      0      0  18282      0      0      0      0      0      0      0      0      0     15      0      0      0  20068      0      0      0      0   8626      0      0      0      0  
    0      0    227      0      0      0      0      0      0      0      0      0      0      0      0     47   2396  50884      0      0   9732  19583      0      0      0      0      0  68308   3533      0      0      2      0      0      0      0      0   9078  32581     58      0      0      0   6787      0      0      0      0    613    291      0      0    158   5745      0      4      0      0      0   7546      0      0      0      0    117      0      0      0    744   1206  
    0      0  16495      0   1023      1      3      0      0      0      0   1029      0      3      0      0      1     31      0      0      0  47751      0      0   1874     24      0    837      0      0      0      0      0      0      0      6      0      0    225      0      0      0      0  75518      0      0    240      0      0      0      0      0     43      0      1      0      0      0      0      0      0      0      0      0   3029      0      0      0      0      3  
    0      0      0     79      0  23639      0      0      0      0      0  30918    192      0      8      0      0      0      0     26   4067      0    139      5      0    293      0      0      0      0      0   5034      0      0      0    134      0      0      0      0      0      0  56460      0      0      0      0      0   4130      0    466      0      0    587      0      0      0      0      0    272      0      0      0      0   1496      0      0      2      0    140  
46377  43761      1      0      0  29590      0      0    240    388     99      0      0      0      0   5939     13      0      0      0      0      0      0      0      0      0      0      0  35768      1      0      1      0      0      0      0   5349      4      0      0     53      0      0    107      0      0      0      0      0      0      2      0      0      0   9628      0      0      0  11004     11      0   3248      0     23      0    763      0    162      0      0  
    0      0   2930      0      0   1577      0    124      0      0  85704      0      0      0      0      5    835      0      0      6      0      5      0      0      0      0   1454      0      0    120      0      4      0      0      0      6      0      0      3    154      0      0    624    355      0    346      0      0      0      0      1      0     10      0      0      0      0      0   3089      0      0      0      7      0      0      0      0      0      0      0  
    0  12777      0      0      0    245      0      0      0      0      1      0      0      0    308      0      0      0      0      0    342      2      0      0    120      0  28248      0      0     17      1      0      0  17387      0      0      0      0    932      0    907      0      0      0      0      0    924      0      0      0     48      0      0      0      0      0      0      0  79661      0      9      0      2      0      0      0      0      0      0      0  
    0      3      0      1      0      0      0    328   1031     10      0      0      0      0      0      0      0      0      0    804      0  16326   3420      0      0    618      0      0      0      0      0      0      0      2      0     65      0      0      0    953   2686      0      0      0      0      0      4      0     98     28      0   6493    836      0     28  33101   4891      3      0      0      0      0      0      0      0   4191      0      0      0    503  
    0      0      0      0      0     23      0      0      6      0      0      0      0      0      0      0    129      0      0      0      0      0      0      0      0      3    624      0      0      0      0      0      0      0      0      0      0      0      0      0      0      0     28      0  42308      0      0      0      0      0      0      0      0      0   2859      0      0      0      0      0      0      0      0      0  26338      0      0      0      0      0  
    0      0      0      0      0   1901      0      0     37      0      0      0      0    290      0      6      0      0  16138      0      0  33077      0      0      0      0      0      0      0      0      0      0      0      0      0    359      0      0      0  27095      0      0  16711     34      0      0   6183      0      0      0      0      0    211      0      0   6142      0  11227    619     27     53    343      0      0     38      0      0      0      0      0  
    0  25578   2103      0      0    606      0     13      0      0      1   1832      0      0      0     81      0      0      0      0      0      0      0      0    269      0    121  73718      0  44055  17032      0      0      1      0      0      0      0   6217      0      0      0      0      0      0     29      9      0      0      0      0      0      0      0      0      0   2226      0      0      0      0      5    689      0      0      0      0      0      0      0  
   18      0      0      0      0      0      0      0     21      0   4840      0      0      0      0     72      0      0      0      0      0      0      0    135      0    292      0      0      0      0      3     85      0      0   5653      0      0      0      0      0    377      7      0      0      0      0      0      0      0      0      0      0      0      0      0      0      1   3013      0      0   2780      0      0      0   1213     37      0      0     15    123  
    1      0      0      0      2      0      0      0      0      1  15949      0      0      0      0      0      0      0      0     24      0      0      0  14025      0      0   9524      0      3      0      0  14519   1375      0      0      0      0      0      0      0      1      9   4956     22      0      0      0   4757      0      0      0      1      0      0      0   1236      0      0      0      0      0      0      0  12239      0      0      0      0      0      0  
    5      0      0      0      6      0      0      0    551      0      0      0      0      8      0      0      0      0      0      0  17627      0      0  94211      0      0      0      0   2058      0      0      0      0      6      0      0      0    301      0      0      0      0      0      0      0      0      0      0      0     15      0  20142      0      0   3192      0      0      0      0      0      0      0      0  50916      2      0      0      0      0      0  
    0      0      0      0   6109     45   2080      0    567      0      0      0      6      0      0      0      0  11423      0      0  18114      0      0      0      0      4    902      0      0     94      0   1060    553      2     70      0      0      1   1374      0    225     43  12433      0      0      0      0      8   1920      0      2   9118     40      0   8326     88      0      0      3      0      4     12      0      1   1383      0  13173      0    352      0  
    0     12      0      0      0    151      0      0      0      0   1678      0      0      0      0  32630      0      0      0   1988    174      0  93907      0      0   3819      0  16805      0      0      0      0      0      0      0      0     40     75      0      0      0     16      0   4857      0      0      0      0     31      0      0      0     32      0      0      0   1389      0      0      2      0      0      0      0      0      0      0      0   4563      0  
    0      0     63      0     17      0  11645      0    185      3  19007      7      0      0  38908      0      0      0      0      0      0      0      0    208      0     32      0      0      0      0      0      0    184    482      0      0      0      4      0      0     54      0    107      0      2  53509      0      0    457      0     15      0      0     27      0  73672      0   1348      0   9124      0      0      0      0      0      0      0      0      0      7  
 1432      0     16      0      0      2      0      0      0   4841   1852      0      0      0      0      0      0      2      0      0      0      0      0      0      0      0    166      1      0   2150      0    749     33      0      0      0      4    566      0      0      0      0      0    309      0      0      1      0      0      0    405      0   1728  14133   5898      0   1062      0    879      0      0      0      0      0      0      0  30103     55      0    202  
    0      0      0      0     42      0      0    699   7443      0      0      0      0      0     53      5      0      0      0      0    260  74090      0      0      0   8801      0      0      0      0      0      0      0      2      0      0      0  28845      0      0      0  81477      0      0     14      0      0      0      0      0      0      0      0      0      0      0      0      0      0      0      7     10      0      0      0      0      0      0      0      0  
    0     18     10      0      0      0     32      0      0      0  17957      0      0      0  93556   4648     95      0    719      2      0      0      0      0      0      0   2038      0      0      0      0      0      0      0      0   9207      4      0      0     53      0      0      0   8091      0  37052    118  32147      0      0  22000      0      0     33   8786      0     12      0      0      0      0      0    342      0      0      0    144  34938      0     92  
    0      0      0      0      2   6625      0      0      0      0      0      0      0      0      0      0      0      0      0      0      0      0      0      0  68542      0      0    512    522      0      0      0   7545      0      0      0      0      0      2      0      0   3480  24809      0  21309      2    121      0      0      0      0     58      0      0    875      0      0     11      0      0      0      0      0      0      0      0     24      0      0   9973  
    0     14      0      0  17185      0      0      0      0      0      0  13599      0      0      0  26699      0      0  50139      0      0      6      0      0      0   1621      2    288      0    293     63     21    553      0      0      0      0      0      0      0      0      0      0      0      0     46      0      0      0      0   3998      0  33043      0      0      0      0     50      0      0     17  10480      0      0     26      0      0     59      0      0  
    0   2808      0   1393      0  10639      0      0      0      0   1320      0      0      0      0      0     67      1      0   8347  13517      0      0      0    830   5421      0      0      0      0      0      0      0   5092      0      0      0      0      0      0      0   6193      0      2      1      0      0      0      0      0      0   2477      0     26    104      0      0      0      0      0      0      0      3      0      0      0      0      0      0  15960  
   10   1394     18      1      0      0      0      0      0     20      0      0  21351      0      0     10      0      0   1402      0    708      0      0      0      0      4      0      0      0      0   1523      0      0      0      0      0      0      0      0      0      0      0      0      0      0      0     32  22096     99  25787      0   1086      0      0      0      0      9      0    209      0  48235      0    353      0   1230      0   3140  27060      0      0  
    0      0      0      0      0      0      9      0      0      0      0      0      0   7776      0      0      0      0      0    262      0      0      0      0      0      0  82663     48      0      0      0      0      0    819      0   8800      0      0      0      0     17   1178      0      0      0     69      0  71076    695   1862      0      0   2535      0      0     44      0      0      0      0   1328      0   2428      0      0      0      0     29      9      0  
    0   1485   2754      0      0      0      0      0  48609  99718      0      0      0    226      0      0      0      0      0   1331      0      0      0      0     24   1662      0      0      0      4      0      0     29    309      0  25891      0      0      0  28715      0      0   2256      0      0      0      0      0      7  89562      0      0      0      0      0      0    840     10      0      0      0      0      0      0      0      0      6      0      0      0  
    0      0      0     10      0      0      5      0    345      0      3      0      0      0      0  25039      0      0      0      5      0      0      0      0      0      6      0      0      0      0      0    289      0  35300      0      0      0      0      0      0      0      0      0      0      0      0    883      0      0    989      0      0    205      1      0      0      0     12      0      0      2     23      0      0  21450      0  71119      0   1017      0  
    0  98540      0      0      0    298      0     40      0   1848    897      0      0    110      0      0      0      0      0      0      0   8258      0      0      0      0     33      0      0      0    531      0      0    217  12579      2      0      3      0      0      0      0      0      0      6      0      0      0    908      0      0     78      0      0      0      0   8145      0      0      0      0      0     19      0      0      0      0      0   1432      0  
    0      0      0     19      0      0      0   2502      0     10      0      0      0      0      0      0      1      2     21      0      0      0      0      0     57      0      0      1      0      0      0      0     88  38375      0      0      0      0      0  14138      0      0    920  27255      0   6179      0      0      0      0      0      0      0      7      0   4669      0      0      0      3      0      2  27681   9807     10      0      0      0   1468      0  
   25      0      0      0      0      0     17     53      0      0      0      0      0      0      0      0   4003    512      0      0   1332      0      0      0      0      0      0      0      0      0      0      0   2397      0      0      0      0      0      0      0      0      0      0      0    617      4      0      0      0      0      0      0      0      0      0      0      0      0      0      0      0      0     29      0      0     48      0    260      0      0  
    0      0     15      0      0      0      0      0      0      0      0      0      0     43      0      0      0      0      0   6794      0      0      0      0      0      0      4      0     64      0      0      0      0      0     18      0     10      0      0      0      0      0      0      0      0      0      0      0      0      0      0      1      0      0      0  21641      0      0      0  21720      0     98      0      0  25015  46582      0      0      0      5  
    0      4  31021      0      0    107      8      0     20      0      0     25  31125      0      0      0      0      0     17      0   1303      0  35098  92609      0      4     41  10954    273      0  40558  75542      0      0   3464      0      0      0      0      0      0   2249      2      0      0      0      0      0      0   3725      0      0      0      0      0      2  37904    301  38637      0      0  61490      0      1      0      0  13854      0      0    624  
    0      1      0      0      1      0      5      0      0      0     23     42      0    385      0      0      0      0      0      0      0      0      0      0      0      0      0      3  16396      9      0      0      0   9591     97      0      0    398      0      0      0      0      0      0      0      0      0      0      0      0   1050      0      0      4      0      0   1629      0      0      0      0      2      0      0      1      0  76989      0      0      0  
    0      0      0      0      0      0      0      0      0      0      0      0      0  28425  89868     13      0   2148      0      2      2  30275     22      0      3    160      0      0      0      0      0      0      0  88853     24      0      0  23893      0   6228      0      0      0     56      0      0      0   5147    174      0      0      0   1480      0      0      0      0  10332    205      0  30041      0     47      0     25     24      0      0      0      2  
    0     95      0  92241      0      0     21      0   2505      2      0      0      0      2      0    332      0  12781      0      0     99      0      0   9006      0      5      0      8      0   5763      1      4     51      0      0      0      0      0      0     18      0      0      0      0      6      0    172      0      1     20     24      0      0   2411      0      0     63      0      0      0      0      0    553      0      0     30      0      0      0      0  
    0      0  94604      0      0      0      0      0    137     25      0      0    242      0      0      0      0    958      0      0      0      0      0      0  46297    966      0      0   1769  45112    155    373      0      0      0      0  12080      0      0      0  20501      0      0      0   8502      0   1089      0      0      0      0      0      0  91654     70      0      0      0      0      0      0      0  43998      0      0  11065  33037      0      0      0  
    0   1102      0      0      0    234      0      0      0      0      0      0      0    828      0      0      6      0    101      0      0      0    189      0    470      0      0     13  17253      0  78672      3      0      0     68   2432      4   1346      0      0      6      0      3      0      0      0      0      0      0      0      0      0      0      0      0      0      0      0      1      0      0      0      0      0      0      0      0      0    134      0  
 2236     14      0      0      0      0  26279    186      0      0      0      0      2      0      9   1368      0  14417     38      0      1      0      0      0      0      0     53      0      0      4      0      0      0      0     58      0   4449   3724    260    335    130      0      0    105      0      0     93      0     80      0      0  45199      2      0   5040     30      0      0     68      0      0   8039      0      0      0      0      0     25      0  57232  
    0      0      0      0      0      0      0      0      0      0      7      0      0      0      0      0      0  17003      0      0  33573      0      0      0      0      0      0      0      0   2667      0      0      0      0     84      0      0      0      0      3      0      0      7      0      0      0      0     15      0      0      0      0      0      0   4848      0   3337      0      0      0      1      1      0      3      0      0      0   3715      0      0  
   10      0      0      4      0  22185     34      0      0      0      0      0  95919      0      0   1098      0     17      0      0      0   6257  93610    993      0   7478      0      0      0      0   1262  53879      0      0      0      0      0   3168      0      0      0      0      0      0  62109      0      0      0      0  13446      0      1      0      0      7      0      0      0      0    809      0      0      0      0      0      0   3615      0      0    537  
    0     48      0      0      0      0      0      0     46      0      3      0      0      0      0      0    178      0      5      0      0    328   4096      0      0      0   7819      0      0      0  34468      0      0      0      0      0      0      0    520      0      0      0      0      0      0      0   8016      0      0    122      0      0      0      0      0      0      0      0      6      0      4      0      0      0      0      0     35      0   9148    175  
    0  83551      0      0      0      0      0    160  17000   1424      0  31536      0      0      0      0    360   1196      0      0      0      0      0      0      0     40      0      0     18      0   3582      0      1    212      0      0      0      0      0      0    312      0      0      0    111      0      8      2      7     40      9  12190      0      0      0      0      0      0      0      5      0  70820      0    232      0      0      0      0      0      0  
    0      0     50     32      0     80      0      0      0      0      0      0  47530    566      0      0     10   7616      0   2137      0      0      0      0      0    526      0     50      0      0      0  17278      0      0      0     29      0      0      0      0      0      0      0      0      0    609      0      0      0      0      1      0      0      0      0      0      0     43      0      0  88846      0      0    107      0      0      0      0    567   4235  
    0   6397      0      0      0      0    986      0      0      0      0     11      0      0      6      0      0      0   2842      0  10757      0    336  21360      0      6      1      4  39417      0      0      0      0      0      0      0      0      0    100      0      0      0      0      0      0      0      0      0      0      4      2     10      0      0      0      0      0   8672      0      0      0    927      0      0      0      0      0  74437      0      0  
    0      1      0      0    160      2      1  74965      0      0      0      0      0      0      0  12160      0      0      0      0      0      0      0      0     42      5      0      0      0      0      0      0      0      0   3965      0    290      0      0  10517      0      0    190  72636      0    672      0  13260  18479  10292      0      0      0      0   1346      0     44      0      0      0      0      0      0  95630      0      0      0      0   1372      0  
    0      0  32863      0      0      0      0      0      0    216      0      1  27529      0    519    922      0     10     13      0      0      0      0      0     35      0      1      0      0      0     55      0      0      0      0      0   1589  34329      1   1074      0      0      0      0      0  52052      0      0      0      0      0      0      0      0      0  82039      0      0      0      0     10      0      0      0      0      0      0      0      0      0  
    0     30      0      0      0    556      0      0      0      0      0      0      0      0      0     24      0      0      0     22      0      0      3      0  14851      0      0     11      0      0      0      0      0   3655      0      0      0     77      0      0      0      0      0      0      0      0      0      0      0      0    736    452   9787      0      0      0      0   1051      0      0     93      0     65      0      0      0      0      0      0   7823  
    4      0      0   4039      0      0      0  51486      0      0      0      0      0      0      0      0  12394     99      0      0      0      0      0      0      0      0      1      0    235      0     55      0      0      0      0     22      0      0      0      0      0    830      0      0      0      0   6363      0      0      0      0      0   2981      0      0      1      0      0  65257      0      0      0      0      0      0      0   2224     43      0      0  
    0     89      0    976      0    118   3241      0    197      1      0    264      4      0      0      0      0      0      0      0      0      0      0      0      2      0      0      0   8106     22      0      0  45411      1    914    421   1136      0      0      0      0      0      0      0      0     17      0    163      0   1024      0      0      0   8565      0      0      0      0      1  30286      0      0   1505   3392     66      0      0      0      0      0  
  960   3858   7929      0     84      0    137      0   1150   3200      0      0      0  42415     21      1      2      0      0      0      1    176      0     13      0      0      0      0    124      0      0      0   2494      0      0      0      0  94025      0      0      0     29      0     14      0      0      5     12     76      0      0      0   1780      0      0      0      3      0      0      0  39464      0      0      0      0    736      0      0      7   1065  
  289      0      0      0      0      0      0      0    456   3130      0      0      0    188    407      0      0      0      0      0      0     21      0      0     25      7      0  11509    250      0    568      1    315      0      0   4957     23      0      0      0      0      0   7562  33433   2937      0      0      0      0      0      0      0      0  37017      0  11958      0      0      0      0      0      0   1807      0  70850      0      0   5730      0      0  
 4264      0      0      0      0      0      0      0      0      0   5170      0      0      0      0      0  26561      0      0      0      0  10428      0      0      2   6142      0      0     45      0      0      0      0      0      0      3      0      0      0      0      0      0      0      0     53  67409      0   8016     14      0      0      0      0      7      0      0      0      8      0    782      0      0      1      0      0   2667    170    113    146      0  
    2      0      0      0     32      0    143      0      2      0   8300      0      0      0    271      0      0      0      1      0      0      0    104      0      0      0      0     20      0      0      0  94141      0      0      5      0      0      0      0      0   8159    813      0      0     82      0      0      0      0     85     22      0      0      0      0   8156      0      0      0      0      0     50  26507     74  99592      0  50727   2300      0    803  
    0      0  73137      0      0    387      0      0      0      0      0      0      0      0      4      0      0   1338     15      3      0      0      0      0      0      0  53847      0      0  23825      0  46915      0     16   3256    247    334      1      0      2   9630      0      0      0      0      0      0      0  77864  17370      0  38674      0      0      0      0      0      2      0      3      0   6886     32      0      0      0      0     46      0      2  
    0      0      0  48718      0    405      0      0    203     29  13891      0    453      0      0      0      0      0      0     29      0  29804      0      0      0      0    655      0      7      0  15776      0      0     27      0      0  26708      0      0      0      0   9187      0      0      0      5      0  14227      0      0   1767      0   6157      0      0      0      0      0      0      0      0      1      0      7      0      0      1      0     88      0  
    0   9699  27722     61      0      0      0  13219      0      0      0      0      0      0    460      0   1442      0      0      0      0     11      0      0      0      0      0      0      0      0    798      0      0      0      0     11      0      0      0      0      0      0      0      0   3726      0      1      0     25      0      7      0      0    212   1618     33   1348      0      0      0      0      0      4      0      0  51149      4      0      0      0  
25964    367      0      0      0  53374      0      0      0     12      0      0      0      9      0      0   9348  62088      0     17      3      0      0      0      0  16562    444      9    128      0      0      0     13      0      0      0      0      0      1      0      0      0  10101      0      0      0    159      0      0      0   1682      0  82098      0      0      0      0      0      0      0      0      0   1375      0      0      0      0     12      0      0  
