60

  0   30   10   23   20   36   40   13  225  261  255  240  230  211  237  255  137   97  113  116  140  100   91  100  150   84  103  109   95  125  169  143  132  144  134  114  136  178  172  205  127  135  112  138  153  109  147  145  129  194  207  178  196  173  171   85  179  138  140  125  
 30    0   33   26   14    8   12   28  207  240  234  222  210  190  218  234  134   95  107  112  132   96   91   98  152   63   81   90   79  106  163  144  161  174  164  143  165  170  171  201  126  131  107  136  144  100  144  139  122  191  206  175  196  172  169   86  163  121  117  105  
 10   33    0   17   26   40   44    6  233  268  263  249  238  219  246  263  147  107  123  126  150  110  101  110  161   79   99  103   89  119  179  153  133  145  135  116  137  188  182  216  137  145  122  148  163  119  157  155  139  204  218  188  206  183  181   95  188  147  147  133  
 23   26   17    0   28   33   38   11  232  266  260  248  236  215  244  260  154  115  129  133  155  117  109  117  170   62   82   86   72  102  185  162  150  161  151  132  154  193  190  223  145  152  128  156  167  123  164  161  144  211  226  196  215  191  189  104  188  146  143  131  
 20   14   26   28    0   18   22   24  207  242  237  223  212  193  220  237  127   87  101  105  127   89   82   90  143   76   95  103   92  119  157  135  148  161  151  131  151  166  163  195  118  124  100  128  139   95  137  133  116  184  198  168  188  164  162   77  162  121  121  107  
 36    8   40   33   18    0    4   36  199  232  227  215  203  182  211  226  130   91  102  107  126   92   87   94  149   63   80   91   81  106  159  141  167  179  170  149  170  165  167  196  122  126  102  132  139   94  139  134  117  186  202  171  192  168  165   83  156  114  109   98  
 40   12   44   38   22    4    0   40  196  228  223  211  199  178  207  222  128   90  100  106  124   90   87   93  148   63   79   91   82  106  157  140  171  183  173  153  173  163  165  195  121  125  101  130  136   92  138  132  114  185  200  169  191  167  163   82  152  110  105   94  
 13   28    6   11   24   36   40    0  231  266  261  247  236  216  244  260  148  108  124  127  150  111  103  111  163   73   93   97   83  113  179  155  139  151  141  122  143  189  183  217  138  146  123  149  163  119  158  155  139  205  219  189  208  184  183   97  186  145  144  131  
225  207  233  232  207  199  196  231    0   46   39   16   17   36   14   46  122  145  126  129  101  139  153  146  143  236  237  258  258  265  103  138  311  324  317  297  309   85  126  107  135  120  128  126   92  122  117  110  111  116  127  115  132  128  120  158   47   86   96  102  
261  240  268  266  242  232  228  266   46    0    7   36   33   50   33    8  168  188  169  173  146  182  196  189  190  260  258  279  282  284  149  184  354  368  361  340  353  131  172  151  180  166  172  172  138  164  164  156  156  161  171  161  176  174  166  201   91  124  123  136  
255  234  263  260  237  227  223  261   39    7    0   29   26   45   26   10  161  182  162  166  139  175  189  182  182  256  254  276  278  281  142  177  348  361  354  334  346  124  165  143  173  159  165  165  131  158  156  149  149  154  164  154  169  167  159  194   84  118  119  130  
240  222  249  248  223  215  211  247   16   36   29    0   19   44    7   37  136  160  141  144  116  154  168  161  156  250  251  272  273  279  115  151  326  339  332  312  324   97  137  115  149  134  144  140  107  138  131  124  126  126  135  126  141  139  131  174   63  102  110  117  
230  210  238  236  212  203  199  236   17   33   26   19    0   26   12   30  135  155  136  140  113  149  163  156  158  235  235  256  257  262  118  152  321  335  328  307  320  100  141  123  147  133  139  139  105  131  131  123  122  132  144  131  148  144  135  168   57   92   96  106  
211  190  219  215  193  182  178  216   36   50   45   44   26    0   38   44  131  144  126  131  106  137  151  146  156  211  210  231  233  237  119  149  310  323  316  295  309  103  143  132  141  127  129  135  102  119  128  119  114  139  152  134  154  146  137  156   52   77   73   86  
237  218  246  244  220  211  207  244   14   33   26    7   12   38    0   33  137  159  140  143  115  153  167  160  157  245  246  267  268  273  117  152  325  338  331  311  323   99  139  118  149  134  142  140  107  136  131  124  125  129  139  128  144  142  133  172   61   99  105  114  
255  234  263  260  237  226  222  260   46    8   10   37   30   44   33    0  166  185  165  170  143  178  192  186  188  253  251  272  275  276  148  182  351  364  357  336  349  130  171  151  178  163  169  170  136  160  162  154  152  161  172  161  177  174  165  197   87  119  117  130  
137  134  147  154  127  130  128  148  122  168  161  136  135  131  137  166    0   40   29   22   25   38   46   38   30  189  200  217  209  230   32   20  191  204  198  179  189   46   38   68   13    5   28    5   30   40   10   12   22   57   72   41   63   40   35   52   79   69  101   81  
 97   95  107  115   87   91   90  108  145  188  182  160  155  144  159  185   40    0   20   19   47    7    8    4   58  152  166  181  172  194   71   49  166  179  172  152  165   83   76  108   31   37   17   41   59   26   50   48   36   97  111   81  101   77   74   14   98   69   93   71  
113  107  123  129  101  102  100  124  126  169  162  141  136  126  140  165   29   20    0    8   28   14   27   20   55  160  172  188  181  201   56   45  185  199  192  172  184   65   66   94   27   25    3   32   40   13   37   32   16   84  100   69   91   68   63   33   79   53   81   59  
116  112  126  133  105  107  106  127  129  173  166  144  140  131  143  170   22   19    8    0   28   16   27   18   47  166  178  195  187  208   53   37  182  195  188  168  180   63   60   90   18   19    6   25   40   21   32   28   18   79   95   64   85   61   58   33   83   60   89   67  
140  132  150  155  127  126  124  150  101  146  139  116  113  106  115  143   25   47   28   28    0   42   54   46   54  181  191  208  203  220   35   45  210  223  216  197  208   39   53   72   35   21   30   29   13   32   26   16   11   65   82   51   76   55   48   61   56   45   78   60  
100   96  110  117   89   92   90  111  139  182  175  154  149  137  153  178   38    7   14   16   42    0   14    9   60  152  164  180  172  194   68   50  173  186  179  158  172   78   75  106   31   35   12   40   54   19   48   44   30   95  110   79  100   76   73   19   92   63   87   65  
 91   91  101  109   82   87   87  103  153  196  189  168  163  151  167  192   46    8   27   27   54   14    0    9   62  149  163  178  169  192   78   53  159  172  165  145  158   90   81  114   36   44   25   47   66   32   56   55   43  102  117   87  106   82   80    6  106   76   98   76  
100   98  110  117   90   94   93  111  146  189  182  161  156  146  160  186   38    4   20   18   46    9    9    0   55  155  169  184  175  198   69   46  165  178  171  151  164   81   73  106   28   36   17   38   58   28   48   46   35   94  109   79   98   74   72   15   99   71   96   74  
150  152  161  170  143  149  148  163  143  190  182  156  158  156  157  188   30   58   55   47   54   60   62   55    0  211  224  239  230  253   41   10  182  194  189  172  178   59   26   64   29   35   53   26   55   68   28   38   52   49   59   37   47   25   29   67  104   99  131  111  
 84   63   79   62   76   63   63   73  236  260  256  250  235  211  245  253  189  152  160  166  181  152  149  155  211    0   21   28   23   43  215  201  211  221  211  193  215  219  226  253  183  185  161  191  192  150  198  191  173  244  261  229  251  228  224  145  198  157  140  137  
103   81   99   82   95   80   79   93  237  258  254  251  235  210  246  251  200  166  172  178  191  164  163  169  224   21    0   21   28   30  225  214  231  242  232  213  236  227  238  262  195  196  173  203  201  161  209  202  183  255  272  240  263  240  235  160  202  162  142  142  
109   90  103   86  103   91   91   97  258  279  276  272  256  231  267  272  217  181  188  195  208  180  178  184  239   28   21    0   16   16  243  230  231  241  231  213  236  246  254  280  211  213  189  219  219  178  226  219  200  272  288  257  280  256  252  174  223  182  162  162  
 95   79   89   72   92   81   82   83  258  282  278  273  257  233  268  275  209  172  181  187  203  172  169  175  230   23   28   16    0   31  237  222  215  225  215  198  220  241  247  274  203  206  182  212  214  172  219  213  194  266  282  250  272  249  245  164  221  180  162  160  
125  106  119  102  119  106  106  113  265  284  281  279  262  237  273  276  230  194  201  208  220  194  192  198  253   43   30   16   31    0  255  244  247  256  246  229  252  257  267  292  224  226  202  233  231  191  239  232  213  285  301  270  293  269  265  188  231  192  170  172  
169  163  179  185  157  159  157  179  103  149  142  115  118  119  117  148   32   71   56   53   35   68   78   69   41  215  225  243  237  255    0   38  220  232  227  209  217   18   25   38   45   34   57   33   26   65   23   24   43   30   47   18   42   27   18   84   68   76  109   93  
143  144  153  162  135  141  140  155  138  184  177  151  152  149  152  182   20   49   45   37   45   50   53   46   10  201  214  230  222  244   38    0  182  194  189  171  179   56   29   67   19   25   43   16   47   58   21   30   42   52   65   38   53   30   30   59   97   89  121  101  
132  161  133  150  148  167  171  139  311  354  348  326  321  310  325  351  191  166  185  182  210  173  159  165  182  211  231  231  215  247  220  182    0   13    8   18    7  237  207  245  178  192  182  189  220  191  199  203  199  230  235  218  223  206  211  154  264  233  250  229  
144  174  145  161  161  179  183  151  324  368  361  339  335  323  338  364  204  179  199  195  223  186  172  178  194  221  242  241  225  256  232  194   13    0   10   30   16  249  219  257  191  205  196  201  233  204  211  216  213  241  247  230  234  218  223  167  277  247  263  243  
134  164  135  151  151  170  173  141  317  361  354  332  328  316  331  357  198  172  192  188  216  179  165  171  189  211  232  231  215  246  227  189    8   10    0   21   14  244  215  253  185  199  189  196  226  197  206  210  206  237  243  226  231  214  218  160  270  239  255  234  
114  143  116  132  131  149  153  122  297  340  334  312  307  295  311  336  179  152  172  168  197  158  145  151  172  193  213  213  198  229  209  171   18   30   21    0   22  225  198  236  166  180  169  177  207  176  187  191  186  221  228  209  215  197  201  139  250  218  233  213  
136  165  137  154  151  170  173  143  309  353  346  324  320  309  323  349  189  165  184  180  208  172  158  164  178  215  236  236  220  252  217  179    7   16   14   22    0  234  204  241  176  190  181  186  218  190  196  201  198  226  231  215  219  203  207  153  263  233  250  229  
178  170  188  193  166  165  163  189   85  131  124   97  100  103   99  130   46   83   65   63   39   78   90   81   59  219  227  246  241  257   18   56  237  249  244  225  234    0   41   38   59   47   66   48   27   71   38   35   49   38   54   31   52   44   35   96   53   70  102   89  
172  171  182  190  163  167  165  183  126  172  165  137  141  143  139  171   38   76   66   60   53   75   81   73   26  226  238  254  247  267   25   29  207  219  215  198  204   41    0   38   45   42   65   35   48   77   29   38   57   23   36   12   25    3    6   87   92   97  131  113  
205  201  216  223  195  196  195  217  107  151  143  115  123  132  118  151   68  108   94   90   72  106  114  106   64  253  262  280  274  292   38   67  245  257  253  236  241   38   38    0   79   71   95   68   61  103   58   62   80   16   20   28   27   39   36  120   87  108  140  127  
127  126  137  145  118  122  121  138  135  180  173  149  147  141  149  178   13   31   27   18   35   31   36   28   29  183  195  211  203  224   45   19  178  191  185  166  176   59   45   79    0   15   24   12   42   40   22   25   28   67   81   51   70   46   44   42   90   75  106   84  
135  131  145  152  124  126  125  146  120  166  159  134  133  127  134  163    5   37   25   19   21   35   44   36   35  185  196  213  206  226   34   25  192  205  199  180  190   47   42   71   15    0   24    9   28   36   13   11   17   60   76   45   67   44   39   50   76   64   96   76  
112  107  122  128  100  102  101  123  128  172  165  144  139  129  142  169   28   17    3    6   30   12   25   17   53  161  173  189  182  202   57   43  182  196  189  169  181   66   65   95   24   24    0   31   42   16   37   33   18   84  100   69   91   67   63   31   82   56   84   62  
138  136  148  156  128  132  130  149  126  172  165  140  139  135  140  170    5   41   32   25   29   40   47   38   26  191  203  219  212  233   33   16  189  201  196  177  186   48   35   68   12    9   31    0   34   44   10   16   26   56   70   40   60   37   33   53   83   73  105   85  
153  144  163  167  139  139  136  163   92  138  131  107  105  102  107  136   30   59   40   40   13   54   66   58   55  192  201  219  214  231   26   47  220  233  226  207  218   27   48   61   42   28   42   34    0   44   27   18   24   56   74   44   68   51   43   73   50   50   83   67  
109  100  119  123   95   94   92  119  122  164  158  138  131  119  136  160   40   26   13   21   32   19   32   28   68  150  161  178  172  191   65   58  191  204  197  176  190   71   77  103   40   36   16   44   44    0   48   41   22   94  111   79  102   79   74   37   75   44   69   47  
147  144  157  164  137  139  138  158  117  164  156  131  131  128  131  162   10   50   37   32   26   48   56   48   28  198  209  226  219  239   23   21  199  211  206  187  196   38   29   58   22   13   37   10   27   48    0   10   28   47   63   32   54   31   26   62   76   71  104   85  
145  139  155  161  133  134  132  155  110  156  149  124  123  119  124  154   12   48   32   28   16   44   55   46   38  191  202  219  213  232   24   30  203  216  210  191  201   35   38   62   25   11   33   16   18   41   10    0   19   53   69   38   62   40   34   61   67   61   94   76  
129  122  139  144  116  117  114  139  111  156  149  126  122  114  125  152   22   36   16   18   11   30   43   35   52  173  183  200  194  213   43   42  199  213  206  186  198   49   57   80   28   17   18   26   24   22   28   19    0   72   89   57   81   59   53   49   65   47   79   59  
194  191  204  211  184  186  185  205  116  161  154  126  132  139  129  161   57   97   84   79   65   95  102   94   49  244  255  272  266  285   30   52  230  241  237  221  226   38   23   16   67   60   84   56   56   94   47   53   72    0   17   16   16   24   22  108   90  105  138  123  
207  206  218  226  198  202  200  219  127  171  164  135  144  152  139  172   72  111  100   95   82  110  117  109   59  261  272  288  282  301   47   65  235  247  243  228  231   54   36   20   81   76  100   70   74  111   63   69   89   17    0   32   13   35   37  122  105  122  155  140  
178  175  188  196  168  171  169  189  115  161  154  126  131  134  128  161   41   81   69   64   51   79   87   79   37  229  240  257  250  270   18   38  218  230  226  209  215   31   12   28   51   45   69   40   44   79   32   38   57   16   32    0   25   14    8   93   84   93  127  110  
196  196  206  215  188  192  191  208  132  176  169  141  148  154  144  177   63  101   91   85   76  100  106   98   47  251  263  280  272  293   42   53  223  234  231  215  219   52   25   27   70   67   91   60   68  102   54   62   81   16   13   25    0   24   28  111  105  118  151  135  
173  172  183  191  164  168  167  184  128  174  167  139  144  146  142  174   40   77   68   61   55   76   82   74   25  228  240  256  249  269   27   30  206  218  214  197  203   44    3   39   46   44   67   37   51   79   31   40   59   24   35   14   24    0    9   88   95  100  133  115  
171  169  181  189  162  165  163  183  120  166  159  131  135  137  133  165   35   74   63   58   48   73   80   72   29  224  235  252  245  265   18   30  211  223  218  201  207   35    6   36   44   39   63   33   43   74   26   34   53   22   37    8   28    9    0   86   86   92  125  108  
 85   86   95  104   77   83   82   97  158  201  194  174  168  156  172  197   52   14   33   33   61   19    6   15   67  145  160  174  164  188   84   59  154  167  160  139  153   96   87  120   42   50   31   53   73   37   62   61   49  108  122   93  111   88   86    0  111   80  101   79  
179  163  188  188  162  156  152  186   47   91   84   63   57   52   61   87   79   98   79   83   56   92  106   99  104  198  202  223  221  231   68   97  264  277  270  250  263   53   92   87   90   76   82   83   50   75   76   67   65   90  105   84  105   95   86  111    0   42   63   61  
138  121  147  146  121  114  110  145   86  124  118  102   92   77   99  119   69   69   53   60   45   63   76   71   99  157  162  182  180  192   76   89  233  247  239  218  233   70   97  108   75   64   56   73   50   44   71   61   47  105  122   93  118  100   92   80   42    0   33   20  
140  117  147  143  121  109  105  144   96  123  119  110   96   73  105  117  101   93   81   89   78   87   98   96  131  140  142  162  162  170  109  121  250  263  255  233  250  102  131  140  106   96   84  105   83   69  104   94   79  138  155  127  151  133  125  101   63   33    0   22  
125  105  133  131  107   98   94  131  102  136  130  117  106   86  114  130   81   71   59   67   60   65   76   74  111  137  142  162  160  172   93  101  229  243  234  213  229   89  113  127   84   76   62   85   67   47   85   76   59  123  140  110  135  115  108   79   61   20   22    0  

  0    0    0    0    0    0    0    0    0    0    0    1    1    0    0    0    0   67    0    0   11    0   42    3    0   83    0    0   28    0    0    0    0    0    1    0    0    0    0    0    0    1    0    1    0    1    0    0    1    0    0    0    0    0    0    0    0    0   61    0  
  0    0   60   19    0   77    4    0    1   51    1    0    0    3    0    1    0    0    0    0    0    1    0    0   19    7    7    0    1    1    1   13    0   34    0   30    0   69   38    0    1   22   31    0    0   47    1    1    0   42   34   10    0    0   29    1   62    0   88   21  
  0   14    0    0    0   15   11   92    2   27    4    0    0    1    0    2    0    0    0    0    0    1    0    0    1    0    5    0    0    1   90    1    0   61    0    0    0    0    8    1    1    0    0    0    0    0    1   19    0   17    0   21    0    0    1   65    0    0    0    3  
  0   74    0    0   36    0    1    1    2    0    1    0    1    0   54    0    0    1    6   80    0    0    0    0   25    1    0    2    0    0    0    0    3    0    0    0    0    0   92   18    0    3    0    0   43   87    0    0    0    0    1    0    1    0    1    0    9    0    1    0  
  0    0    0   56    0    0    1   13    0    0    1    0   42    0   38    0    0    0    1   25    0    0    0    0    1    0    0   42    0    0    0    0   22    0    0    0    0    0    1   88    0    0    0    0    6    5    0    0    0    0   34    0    1    0    0    0    2    0    0    0  
  0    2    1    0    0    0    0    0    1    1    0    0    0    1    0   99    0    0    0    0    0    1    0    0    0    0   28    0    0    1   69   79    0   70    0    6    0    9   60    0   15    0    0    0    0    0    8    0    0    4    0    1    0    0   18    5    0    0    0   37  
  0    4    7   97    1    0    0   20    5    2   33    0    0    1   14   44    0    0    0    0    0   30    0    0   37   11    1    0    0   62    0    0    1    1    0    0    0    0    1   28    0    9    1    0    0    4   14   30    0    0   20    0    1    0   17   52    1    0    1    0  
  0    0   33    5   32    0    2    0    1   12   61    0    0   97   81    1    0    0   16   60    0    1    0    0    4    0    0   54    0    0    0    0   20    0    0    0    0    0    1    6    0    0    0    0    4    0    0   13    0    0   74    0   45    0    0    1    1    0    0    0  
  0   35   20    1    0    1    1   70    0    1    1    0    0   12   71    1    0    0    0    0    0    1    0    0   35   27    1    0    0   40    1   67   54    1    0    0    0    0    7   44    0    1   22    0    0    5   64    1    0    7   33   58    0    0   96    1    3    0    1    1  
  0   52    1    0    0   64   27    1    1    0    1    0    0   20    0    2    0    0    0    0    0   66    0    0    4    0    1    0    0    0   11    6   38   14    0    0    0    0    5    1    0    0    0    0    0    0    0    4    0    0    0   21    0    0    0    6    0    0    0    0  
  0   92   25   19    1    0    1    1    1    7    0    0    1    0    1    3    0   54   23   20    0   56    0    0   43   41    0   90    0   14    0    0    4    0    0    0    0    0    1   23    0   90    1    0    1    1   59    3    0    0   41    0    1    0    1    0    2    0   40    0  
 30    0    0    0    0    0    0    0    0    0    0    0    2    0   83    0    0   15    0    0   57    0   32    1    0   10    0    0   22    0    0    0    0    0    1    0    0    0    0    0    0   34    2   26    0   37   46    0   65    0    3    0    0    0    1    0    0    0    6    0  
 71    0    0   46   85    0    0    0    0    0    1    2    0    0   80    0    0   68   71    8    0    0    1    0    0   13    0   98   33    0    0    0    1    0    4    0    0    0    0    0    0    1   19    1   13   20    0    0   10    0   29    0   18    0    0    0    1    0    2    0  
  0    9   78    0    0    1   65   48   82    7    0    0    0    0    0    2    0    0    0    0    0   13    0    0    6    0    1    0    0    1   10   72    0   12    0    0    0    0    2    2    0    0    0    0    0    0    1    1    0   10    0    2    0    0   61   15    0    0    0   26  
  0    0    0   52   57    0    1    5    1    0   39   40   31    0    0    0    0   56   58   44    0    0    0    0    2   76    0    3    0    0    0    0    6    0    0    0    0    0    5    1    0   64    0    0    1    2    7    0   10    0   95    0   84    0   28    0   67    0   11    0  
  0   14   30    0    0   60   55    2    6   65    4    0    0    7    0    0    0    0    0    0    0    3    0    0    2    0    1    0    0    0   13   62   18    1    0    0    0    0   34    2    0    0    0    0    0    0    1    2    0    0    0   29    0    0    1   97    0    0    0    0  
  0    0    0    0    0    0    0    0    0    0    0    0    0    0    0    0    0    0    0    0    2    0    0    0    0    0    0    0    0    0    0    0    0    0    0   28   70   10    0    0   75    0    0    0    0    0    0    0    0    4    0    0    0    1    0    0    0    1    0    0  
 57    0    0    1    0    0    0    0    0    0   23   12    2    0   35    0    0    0    1   16    0    0   23    0    0    1    0   27    0    0    0    0    0    0   17    0    0    0    0    0    0   23    0    1   21   46    0    0   63    0    4    0    1    0    0    0   42    0   13    0  
  0    0    0   98    8    0    0    4    0    0   52    0   22    0    9    0    0   68    0   15    0    0    0    0   15    0    0   84    0    0    0    0    5    0    0    0    0    0    0    1    0    0    0    0    1    9    0    0    0    0    1    0   10    0    0    0    4    0    0    0  
  0    0    0   77   43    0    0   56    0    0   27    0   19    0   41    0    0   11   63    0    0    0    0    0    2    0    0    1    0    0    0    0    3    0    0    0    0    0    0   55    0    0    0    0    2    3    0    0    0    0    1    0   18    0    0    0   70    0    0    0  
 38    0    0    0    0    0    0    0    0    0    0    1    0    0    0    0   86    0    0    0    0    0   42   42    0   48    0    0    2   18    0    0    0    0    0   13    1   11    0    0    0    1   20    0    0    0   45    0   75    0    0    0    0   24    0    0    0    1   44    0  
  0   27    1    0    0   56   12    1    1   83   22    0    0   90    0    1    0    0    0    0    0    0    0    0    8    0   31    0    0   65   65    1    0   22    0    0    0    0    1    1    0    0    0    0    0    0   88    6    0    0    0   17    0    0   50   35    0    0    0    8  
 45    0    0    0    0    0    0    0    0    0    0   80   49    0    0    0    0   14    0    0   38    0    0    1    0   30    0    0   60    0    0    0    0    0   92    0    0    0    0    0    0    1    0   30    0   97    0    0   54    0    0    0    0    0    0    0    0    0    0    0  
 29    0    0    0    0    0    0    0    0    0    0   76    0    0    0    0    0    0    0    0   58    0    1    0    0    0    0    0    9    0    0    0    0    0    1    0    0    0    0    0    0    3    0   33    0    0    0    0    1    0    0    0    0    0    0    0    0    0    0    0  
  0   20    2   61    4    0   15   19   14    9    2    0    0    4   30    3    0    0   18    7    0   82    0    0    0    4    2    1    0    5    0    0    2   67    0    0    0    0   20    5    0    0    0    0    1    8    9   29    0    0   75    0    1    0   24   65    1    0    1    0  
 26    1    0    3    0    0   14    0    8    0   96   68   23    0   36    0    0   31    0    0   21    0    5    0    1    0    0    0   32    1    0    0    0    0    0    0    0    0    1    0    0    1    1    0    0    1    1    0    7    0   11    0    1    0   35    0   85    0    1    0  
  0   18    2    0    0    4    4    0   89    1    0    0    0   13    0    1    0    0    0    0    0    4    0    0   98    0    0    0    0   61    6    3    0    1    0    0    0    0   27    0    1    0    0    0    0    0    1   24    0   79    0   17    0    0    1   32    0    0    0    1  
  0    0    0   23    1    0    0    1    0    0   81    0    3    0   33    0    0   12   12    9    0    0    0    0   28    0    0    0    0    0    0    0   17    0    0    0    0    0    0   13    0    0    0    0    1    1    0    0    0    0   42    0    4    0    0    0   70    0    0    0  
 46   10    0    0    0    0    0    0    0    0    0    2    6    0    0    0    0    0    0    0    6    0   51   70    0    2    0    0    0   21    0    0    0    0    0   50    0   62    0    0    0   29    3    0    0   14   77    0   83    0    0    0    0    0   89    0    0   18   31    0  
  0   88   34    0    0    2    1    0   36    0   26    0    0   13    0    0    0    0    0    0   98   28    0    0   11   16   57    0    1    0    3    0    0    2    0    9    0   55   30    0   79   16    5    0    0   35   78    0    0    3   81   37    0    0   74   51    0   16    1   65  
  0   75    1    0    0    2    0    0   12    4    0    0    0    1    0    1    0    0    0    0    0   80    0    0    0    0   10    0    0   66    0    1    0   21    0   16    0   86    1    0   17    0    0    0    0    0   40    0    0   70    0   21    0    0   48   30    0    0    0   59  
  0    5    1    0    0    1    0    0   61    1    0    0    0   48    0    1    0    0    0    0    0   79    0    0    0    0    1    0    0    0    1    0    0   67    0    0    0    0   13    0    0    0    0    0    0    0    0   94    0   17    0   15    0    0    0    1    0    0    0   98  
  0    0    0   71    1    0    7   79   81    6    2    0   33    0   56    1    0    0   25   41    0    0    0    0    2    0    0   51    0    0    0    0    0    0    0    0    0    0    3   81    0    0    0    0   15    1    0   18    0    0    1    0    7    0    0    0   89    0    0    0  
  0   11   81    0    0    1   29    0    7   19    0    0    0    5    0   71    0    0    0    0    0   32    0    0   61    0    7    0    0    1   52    6    0    0    0    0    0    0   76    0   40    0    0    0    0    0    1    1    0    1    0    7    0    0   20    1    0    0    0    1  
  1    0    0    0    0    0    0    0    0    0    0   23    1    0    0    0    0    1    0    0    0    0   16   43    0    0    0    0    0    0    0    0    0    0    0    0    0    0    0    0    0    0    0   29    0    0    0    0   52    0    0    0    0    0    0    0    0    0    0    0  
  0   17    0    0    0   60    0    0    0    0    0    0    0    0    0    0    8    0    0    0   65    0    0    0    0    0    0    0    1   40   79    0    0    0    0    0    4   38    0    0    1   93    1    0    0    0   68    0    0   71    0   18    0   28    3    0    0   79    0    2  
  0    0    0    0    0    0    0    0    0    0    0    0    0    0    0    0    9    0    0    0   29    0    0    0    0    0    0    0    0    0    0    0    0    0    0    5    0    1    0    0   86    0    0    0    0    0    0    0    0   19    0    0    0    2    0    0    0    2    0    0  
  0   42    0    0    0   76    0    0    0    0    0    0    0    0    0    0   27    0    0    0    1    0    0    0    0    0    0    0    1    1   39    0    0    0    0   17   13    0    0    0   82    0    8    0    0    0   25    0    0   21    0   94    0    1   22    0    0   77    0   17  
  0   64   37   43    4   15    5    7   17   88    3    0    0   11    1   23    0    0    0    0    0    4    0    0    1   74    6    0    0   44   54   86   36   37    0    0    0    0    0    1    0    0   18    0    0    4   32   14    0    0   91   18    0    0   63   24   48    0    1   28  
  0    0   75   20   62    0    1    5    1    3   97    0    0   44    1   94    0    0    1   36    0    4    0    0   55    0    0   10    0    0    0    0    6    0    0    0    0    0    1    0    0    0    0    0   21    0    0   61    0    0   62    0    1    0    0   15   50    0    0    0  
  0   65   12    0    0   65    0    0    0    0    0    0    0    0    0    0    1    0    0    0    0    0    0    0    0    0   69    0    0   37    1    0    0   12    0   56   11   95    0    0    0    0    1    0    0    0   97    0    0   10    0   10    0    2   12    0    0    1    0   87  
 38   51    0    6    0    0   79    0    1    0   25   54    1    0    4    0    0    2    0    0   86    0    1   91    0   54    0    0   17   28    0    0    0    0    0   77    0    0    0    0    0    0    3    0    0    2    2    0    2    0   87    0    0    0    1    0   60    0    7    0  
  0    1    0    0    0    0   86    0    5    0    1   19    1    0    0    0    0    0    0    0   52    0    0    0    0   46    0    0    2   43    0    0    0    0    0   67    0   90   82    0    1    1    0    0    0   78    1    0   34    3    1    0    0    0   18    0   44    1    2    1  
 35    0    0    0    0    0    0    0    0    0    0   35   48    0    0    0    0   17    0    0    0    0    3   79    0    0    0    0    0    0    0    0    0    0   14    0    0    0    0    0    0    0    0    0    0    0    0    0   53    0    0    0    0    0    0    0    0    0    0    0  
  0    0    0    1   41    0    0   80    0    0    1    0   36    0   14    0    0   82   30   58    0    0    0    0   23    0    0    1    0    0    0    0   18    0    0    0    0    0    0    1    0    0    0    0    0    6    0    0    0    0   42    0   11    0    0    0    3    0    0    0  
  1    1    0   45   31    0   59    0    1    0    1   10    2    0    1    0    0   13   11    7    0    0    1    0    2    1    0    6   17    1    0    0   39    0    0    0    0    0    1    0    0   87   63    0    6    0   17    0    2    0   88    0   86    0   70    0   49    0    2    0  
  0    7    1    0    0   16   29    0    5    0   80   26    0    1    6   78    0    0    0    0   99   69    0    0    1   10    1    0   99   88   25    0    0   21    0    6    0   14    9    0    1    1    1    0    0   12    0    0    0   43   92   26    0    0   91   70    7    0   34   14  
  0    4    3    0    0    0    1   60    5   54    1    0    0    1    0   55    0    0    0    0    0   39    0    0    1    0   50    0    0    0    0   56   74   24    0    0    0    0   32   26    0    0    0    0    0    0    0    0    0    0    0    0    0    0    0    9    0    0    0    0  
  2    0    0    0    0    0    0    0    0    0    0   73    1    0   30    0    0   19    0    0   40    0   66    1    0   17    0    0    1    0    0    0    0    0    1    0    0    0    0    0    0    2   73   22    0   27    0    0    0    0    2    0    0    0    0    0    0    0   83    0  
  0   79   30    0    0    1    0    0   17    0    0    0    0   53    0    0   28    0    0    0    0    0    0    0    0    0   78    0    0   84   28   17    0    8    0   53    1   41    0    0   71    0   19    0    0    0   13    0    0    0    0    7    0   41    9   54    0    1    0   73  
  0   13    0   78    8    0   81   32   46    0   23    1   14    0    1    0    0   55    6   98    0    0    0    0   14   26    0    1    0   12    0    0    1    0    0    0    0    0   27    1    0   39   24    0    6   72    9    0    1    0    0    0    1    0    1    0    9    0    2    0  
  0    2   97    0    0   66    0    0    1   50    0    0    0    6    0    3    0    0    0    0    0   34    0    0    0    0    7    0    0   32   70    5    0    1    0    1    0   43   35    0    1    0    0    0    0    0    3    0    0    2    0    0    0    0   56   20    0    0    0   39  
  0    0    0   87   26    0    5   15    0    0   51    0   47    0   29    0    0   70   11   16    0    0    0    0    4    1    0   82    0    0    0    0   88    0    0    0    0    0    0   12    0    0    0    0    1   21    0    0    0    0    1    0    0    0    0    0   21    0   16    0  
  0    0    0    0    0    0    0    0    0    0    0    0    0    0    0    0    6    0    0    0    1    0    0    0    0    0    0    0    0    0    0    0    0    0    0   11    1   36    0    0    1    0    0    0    0    0    0    0    0    1    0    0    0    0    0    0    0    8    0    0  
  0   32    7   11    0   82   20    0    4    0    3   28    0   31   93    1    0    0    0    0    0   20    0    0    5   29    2    0   11    7   25    0    0    5    0    1    0    2    5    0    5    4   19    0    0   80    1    0    0   52    1    8    0    0    0    1   82    0    1    1  
  0   98   22    0    0    4   89   33    5   57    0    0    0   16    0    3    0    0    0    0    0   96    0    0    2    0    2    0    0   86    1   30    0   81    0    0    0    0    6   12    0    0    0    0    0    0   36   71    0   17    0   88    0    0    1    0    0    0    0   10  
  0    1    0    4   13    0    1   15    1    0   33    0    1    0    1    0    0    1   85    6    0    0    0    0    2    1    0    1    0    0    0    0    1    0    0    0    0    0    1    5    0    1    1    0    3   63    1    0    0    0   28    0    2    0    1    0    0    0   94    0  
  0    0    0    0    0    0    0    0    0    0    0    0    0    0    0    0    1    0    0    0   38    0    0    0    0    0    0    0   18   61    0    0    0    0    0   44   97   34    0    0    1    0   52    0    0    0    0    0    0    1    0    0    0    1    0    0    0    0    0    0  
 89   37    0    2    0    0   13    0   90    0    3   35    1    0    1    0    0    1    0    0    4    0    0    0   13   40    0    0    1   53    0    0    0    0    0    0    0    0    5    0    0    6    6    0    0    1   92    0    1    0    8    0   76    0    1    0   22    0    0    0  
  0    7   43    0    0    1    0    0   10    0    0    0    0   39    0    0    0    0    0    0    0    6    0    0    0    0    1    0    0   97   12   48    0   11    0    7    0   86    1    0    9    0   96    0    0    0   51    0    0   97    0   14    0    0   14    9    0    0    0    0  
