60

  0  127  101  114   70   49   63   79   66   68   77   86   85   83   88   80  131  119  127  141  120  147  133  148   57   96   49   80   59   70   66   55   67  124  113  107  187  184  167  185  202  173  145  157  154  139  153  152  116  108  115   99   86   88  104  130  103  115  178  204  
127    0   25   20   93  175  190  202  193  191  203   95  112   99   93   85   13   10   19   17    7  267  252  269  172  201  176  130  143  151  137  129  134  212  203  206  259  267  248  270  278  247   89  101   76   72  276  276   65   57   73   81  177  168  188  213  189  201  284  311  
101   25    0   20   73  150  165  177  168  166  178   80   96   82   78   69   31   18   30   40   18  242  228  244  148  178  151  112  121  130  116  107  113  192  182  184  240  247  228  249  259  228   90  103   84   75  252  251   58   47   64   67  154  146  166  192  167  180  261  288  
114   20   20    0   92  163  176  191  179  181  190   75   92   79   73   66   32   22   36   37   18  258  243  259  163  195  163  111  125  132  118  111  115  193  183  187  260  266  247  268  279  247   73   86   65   57  261  260   76   65   82   86  172  165  185  211  186  198  278  306  
 70   93   73   92    0  105  124  122  125  113  134  116  124  115  115  104   91   83   83  102   87  181  167  184   90  111  110  131  121  133  123  111  122  191  181  176  168  174  155  177  187  155  154  168  153  141  216  214   53   48   49   31   84   75   95  119   96  108  191  219  
 49  175  150  163  105    0   19   33   21   24   30  128  122  124  130  124  179  167  174  189  168  101   88  101   33   68   10  111   80   88   92   85   94  120  111   98  168  160  145  159  180  155  189  201  201  186  111  109  157  150  154  136   74   84   92  112   90   98  140  164  
 63  190  165  176  124   19    0   36    4   31   14  135  126  130  137  133  194  182  190  205  183   96   85   96   49   79   14  112   81   86   93   88   96  108  100   86  180  169  156  168  189  167  197  208  210  195   92   90  175  168  173  154   90  101  107  125  104  112  143  164  
 79  202  177  191  122   33   36    0   33   11   30  161  155  157  163  157  204  193  198  215  195   68   54   69   33   46   40  144  113  120  125  118  128  144  135  121  145  134  121  133  154  133  222  234  233  218  105  101  175  170  172  152   65   79   79   92   76   81  108  131  
 66  193  168  179  125   21    4   33    0   29   11  138  130  134  140  136  197  185  192  208  186   93   82   92   49   77   17  116   84   90   97   92  100  110  102   88  178  167  154  166  187  165  201  211  214  198   90   88  177  170  175  156   89  101  106  123  103  110  140  161  
 68  191  166  181  113   24   31   11   29    0   30  151  145  147  153  147  194  183  188  205  184   79   65   80   25   48   32  134  104  112  116  108  118  139  130  116  149  139  125  138  159  136  212  224  222  207  109  106  166  160  163  143   62   75   78   94   75   81  117  140  
 77  203  178  190  134   30   14   30   11   30    0  149  140  144  151  147  208  196  203  218  196   84   73   83   53   76   28  126   94   99  107  102  110  114  107   92  176  164  152  162  184  163  211  222  225  209   82   80  186  179  184  165   92  105  107  123  105  111  133  153  
 86   95   80   75  116  128  135  161  138  151  149    0   17    5    3   12  107   95  108  112   92  229  216  229  144  183  124   37   61   65   50   49   47  120  112  118  269  269  251  270  286  256   63   73   78   63  204  205  132  120  136  130  170  169  187  213  187  199  264  290  
 85  112   96   92  124  122  126  155  130  145  140   17    0   14   20   27  123  111  125  129  108  222  209  221  141  181  116   20   48   50   36   38   33  103   95  102  271  269  252  270  286  257   75   83   93   78  191  191  146  134  149  141  170  171  188  214  188  200  261  285  
 83   99   82   79  115  124  130  157  134  147  144    5   14    0    8   14  110   98  111  115   95  224  211  224  140  179  119   33   56   60   45   44   42  115  107  113  267  266  248  267  283  253   67   78   83   68  199  200  133  121  137  130  167  166  184  210  184  196  261  286  
 88   93   78   73  115  130  137  163  140  153  151    3   20    8    0   11  104   92  106  109   89  231  217  231  145  184  126   40   64   67   53   51   49  123  114  121  270  270  252  271  286  256   60   71   76   60  207  207  130  118  134  129  170  169  188  214  187  200  266  291  
 80   85   69   66  104  124  133  157  136  147  147   12   27   14   11    0   96   84   98  102   81  225  212  225  138  176  121   45   64   69   55   50   51  128  119  124  260  261  243  262  277  247   65   77   78   62  206  207  120  108  124  118  161  160  178  205  178  191  258  284  
131   13   31   32   91  179  194  204  197  194  208  107  123  110  104   96    0   13    9   11   15  268  253  270  174  201  180  141  152  161  146  138  143  222  212  215  254  262  244  266  274  242  101  113   88   84  282  281   57   50   64   75  175  166  185  209  187  199  282  310  
119   10   18   22   83  167  182  193  185  183  196   95  111   98   92   84   13    0   14   22    5  258  243  260  163  192  168  128  139  148  133  125  131  209  200  202  249  257  238  260  268  237   95  107   84   78  270  269   56   48   63   71  167  158  178  203  179  191  274  301  
127   19   30   36   83  174  190  198  192  188  203  108  125  111  106   98    9   14    0   19   18  262  247  264  168  194  176  141  151  160  146  137  143  221  212  214  246  254  236  257  265  234  107  120   95   91  279  278   48   41   55   66  168  158  177  201  179  191  275  302  
141   17   40   37  102  189  205  215  208  205  218  112  129  115  109  102   11   22   19    0   23  280  265  282  185  212  191  147  160  168  154  146  151  229  220  223  265  273  255  277  284  253  100  111   84   83  292  291   66   60   73   85  187  177  197  221  198  210  294  321  
120    7   18   18   87  168  183  195  186  184  196   92  108   95   89   81   15    5   18   23    0  260  245  262  165  194  169  126  138  146  131  123  129  207  197  200  253  260  242  263  272  241   90  102   79   73  270  269   61   52   68   76  170  161  181  206  182  194  277  304  
147  267  242  258  181  101   96   68   93   79   84  229  222  224  231  225  268  258  262  280  260    0   15    5   95   74  106  209  177  182  190  184  192  191  185  169  133  113  110  109  133  125  290  302  301  286  107  102  233  230  228  209  104  118  106  102  103   99   61   73  
133  252  228  243  167   88   85   54   82   65   73  216  209  211  217  212  253  243  247  265  245   15    0   18   80   60   93  197  165  171  178  172  180  184  178  162  127  109  103  106  129  118  277  288  287  272  108  104  218  215  213  194   89  104   93   91   90   87   63   80  
148  269  244  259  184  101   96   69   92   80   83  229  221  224  231  225  270  260  264  282  262    5   18    0   97   78  105  208  176  181  189  183  192  189  183  166  138  119  115  115  138  130  290  302  302  286  102   98  236  232  231  212  107  122  110  107  108  104   65   77  
 57  172  148  163   90   33   49   33   49   25   53  144  141  140  145  138  174  163  168  185  165   95   80   97    0   40   43  133  106  115  116  107  118  152  143  131  137  131  115  131  150  124  202  214  210  196  135  132  142  137  139  119   41   52   59   80   57   66  121  147  
 96  201  178  195  111   68   79   46   77   48   76  183  181  179  184  176  201  192  194  212  194   74   60   78   40    0   78  173  145  154  156  147  158  187  178  165  101   92   77   92  112   88  239  252  246  232  147  143  161  159  156  137   30   44   36   46   33   35   84  111  
 49  176  151  163  110   10   14   40   17   32   28  124  116  119  126  121  180  168  176  191  169  106   93  105   43   78    0  104   73   80   85   78   88  110  101   88  178  169  155  169  189  165  186  197  198  183  106  104  161  154  159  141   84   94  102  122  100  108  148  171  
 80  130  112  111  131  111  112  144  116  134  126   37   20   33   40   45  141  128  141  147  126  209  197  208  133  173  104    0   32   30   19   27   16   83   74   81  267  264  247  264  282  254   94  102  113   98  172  172  158  146  160  151  166  169  185  210  184  195  251  274  
 59  143  121  125  121   80   81  113   84  104   94   61   48   56   64   64  152  139  151  160  138  177  165  176  106  145   73   32    0   12   13   14   16   72   62   63  242  237  221  237  256  228  123  132  140  124  143  144  158  147  159  146  142  146  160  185  159  170  221  244  
 70  151  130  132  133   88   86  120   90  112   99   65   50   60   67   69  161  148  160  168  146  182  171  181  115  154   80   30   12    0   15   24   18   62   52   55  252  246  231  246  265  238  124  132  142  127  141  142  168  157  170  157  152  157  171  195  169  180  228  250  
 66  137  116  118  123   92   93  125   97  116  107   50   36   45   53   55  146  133  146  154  131  190  178  189  116  156   85   19   13   15    0   12    3   76   66   70  252  247  231  247  266  238  111  119  128  113  155  155  156  145  158  146  151  154  169  194  168  179  233  256  
 55  129  107  111  111   85   88  118   92  108  102   49   38   44   51   50  138  125  137  146  123  184  172  183  107  147   78   27   14   24   12    0   12   86   75   77  241  237  220  237  255  227  111  121  127  112  156  156  145  134  147  135  140  143  158  183  157  169  225  248  
 67  134  113  115  122   94   96  128  100  118  110   47   33   42   49   51  143  131  143  151  129  192  180  192  118  158   88   16   16   18    3   12    0   78   69   73  253  249  232  249  267  239  107  116  125  110  158  159  155  143  156  145  152  155  171  195  169  181  235  258  
124  212  192  193  191  120  108  144  110  139  114  120  103  115  123  128  222  209  221  229  207  191  184  189  152  187  110   83   72   62   76   86   78    0   11   23  287  277  264  276  298  274  170  175  191  178  115  118  230  219  231  218  193  201  211  232  209  218  246  264  
113  203  182  183  181  111  100  135  102  130  107  112   95  107  114  119  212  200  212  220  197  185  178  183  143  178  101   74   62   52   66   75   69   11    0   17  278  269  255  268  289  265  164  169  185  171  114  117  220  209  221  207  183  192  202  222  200  209  239  258  
107  206  184  187  176   98   86  121   88  116   92  118  102  113  121  124  215  202  214  223  200  169  162  166  131  165   88   81   63   55   70   77   73   23   17    0  265  255  242  254  275  252  174  180  194  179   99  101  218  207  218  204  172  181  190  210  188  196  224  242  
187  259  240  260  168  168  180  145  178  149  176  269  271  267  270  260  254  249  246  265  253  133  127  138  137  101  178  267  242  252  252  241  253  287  278  265    0   22   24   28   20   14  319  332  320  308  234  230  201  205  194  179  101  100   83   58   84   72   84  101  
184  267  247  266  174  160  169  134  167  139  164  269  269  266  270  261  262  257  254  273  260  113  109  119  131   92  169  264  237  246  247  237  249  277  269  255   22    0   18    6   20   24  321  334  324  311  217  213  211  214  204  189   99  102   82   56   82   70   62   78  
167  248  228  247  155  145  156  121  154  125  152  251  252  248  252  243  244  238  236  255  242  110  103  115  115   77  155  247  221  231  231  220  232  264  255  242   24   18    0   22   35   15  303  316  306  293  210  206  193  195  186  170   82   84   64   38   65   52   66   88  
185  270  249  268  177  159  168  133  166  138  162  270  270  267  271  262  266  260  257  277  263  109  106  115  131   92  169  264  237  246  247  237  249  276  268  254   28    6   22    0   23   29  323  336  326  313  214  210  215  217  208  192  101  104   84   58   84   72   57   73  
202  278  259  279  187  180  189  154  187  159  184  286  286  283  286  277  274  268  265  284  272  133  129  138  150  112  189  282  256  265  266  255  267  298  289  275   20   20   35   23    0   31  336  350  338  326  237  233  221  224  213  199  116  117   99   73   99   87   78   90  
173  247  228  247  155  155  167  133  165  136  163  256  257  253  256  247  242  237  234  253  241  125  118  130  124   88  165  254  228  238  238  227  239  274  265  252   14   24   15   29   31    0  305  319  307  295  224  220  190  193  183  168   87   87   69   44   70   58   81  101  
145   89   90   73  154  189  197  222  201  212  211   63   75   67   60   65  101   95  107  100   90  290  277  290  202  239  186   94  123  124  111  111  107  170  164  174  319  321  303  323  336  305    0   14   23   17  265  266  148  138  154  156  223  219  239  265  239  251  323  349  
157  101  103   86  168  201  208  234  211  224  222   73   83   78   71   77  113  107  120  111  102  302  288  302  214  252  197  102  132  132  119  121  116  175  169  180  332  334  316  336  350  319   14    0   28   29  273  274  161  151  168  170  236  233  252  278  252  265  335  361  
154   76   84   65  153  201  210  233  214  222  225   78   93   83   76   78   88   84   95   84   79  301  287  302  210  246  198  113  140  142  128  127  125  191  185  194  320  324  306  326  338  307   23   28    0   16  283  283  140  130  146  151  227  222  242  268  243  255  330  356  
139   72   75   57  141  186  195  218  198  207  209   63   78   68   60   62   84   78   91   83   73  286  272  286  196  232  183   98  124  127  113  112  110  178  171  179  308  311  293  313  326  295   17   29   16    0  267  268  133  122  139  142  214  209  229  255  229  242  316  342  
153  276  252  261  216  111   92  105   90  109   82  204  191  199  207  206  282  270  279  292  270  107  108  102  135  147  106  172  143  141  155  156  158  115  114   99  234  217  210  214  237  224  265  273  283  267    0    4  267  259  265  247  169  183  182  190  179  181  167  176  
152  276  251  260  214  109   90  101   88  106   80  205  191  200  207  207  281  269  278  291  269  102  104   98  132  143  104  172  144  142  155  156  159  118  117  101  230  213  206  210  233  220  266  274  283  268    4    0  265  258  263  245  166  180  178  187  175  178  163  172  
116   65   58   76   53  157  175  175  177  166  186  132  146  133  130  120   57   56   48   66   61  233  218  236  142  161  161  158  158  168  156  145  155  230  220  218  201  211  193  215  221  190  148  161  140  133  267  265    0   12    7   24  132  120  139  161  141  152  238  265  
108   57   47   65   48  150  168  170  170  160  179  120  134  121  118  108   50   48   41   60   52  230  215  232  137  159  154  146  147  157  145  134  143  219  209  207  205  214  195  217  224  193  138  151  130  122  259  258   12    0   17   25  131  120  139  162  141  152  237  265  
115   73   64   82   49  154  173  172  175  163  184  136  149  137  134  124   64   63   55   73   68  228  213  231  139  156  159  160  159  170  158  147  156  231  221  218  194  204  186  208  213  183  154  168  146  139  265  263    7   17    0   19  127  115  133  154  135  145  232  259  
 99   81   67   86   31  136  154  152  156  143  165  130  141  130  129  118   75   71   66   85   76  209  194  212  119  137  141  151  146  157  146  135  145  218  207  204  179  189  170  192  199  168  156  170  151  142  247  245   24   25   19    0  108   96  115  137  117  128  214  241  
 86  177  154  172   84   74   90   65   89   62   92  170  170  167  170  161  175  167  168  187  170  104   89  107   41   30   84  166  142  152  151  140  152  193  183  172  101   99   82  101  116   87  223  236  227  214  169  166  132  131  127  108    0   15   19   44   18   29  107  135  
 88  168  146  165   75   84  101   79  101   75  105  169  171  166  169  160  166  158  158  177  161  118  104  122   52   44   94  169  146  157  154  143  155  201  192  181  100  102   84  104  117   87  219  233  222  209  183  180  120  120  115   96   15    0   20   46   21   33  118  145  
104  188  166  185   95   92  107   79  106   78  107  187  188  184  188  178  185  178  177  197  181  106   93  110   59   36  102  185  160  171  169  158  171  211  202  190   83   82   64   84   99   69  239  252  242  229  182  178  139  139  133  115   19   20    0   26    3   13   99  126  
130  213  192  211  119  112  125   92  123   94  123  213  214  210  214  205  209  203  201  221  206  102   91  107   80   46  122  210  185  195  194  183  195  232  222  210   58   56   38   58   73   44  265  278  268  255  190  187  161  162  154  137   44   46   26    0   26   15   80  107  
103  189  167  186   96   90  104   76  103   75  105  187  188  184  187  178  187  179  179  198  182  103   90  108   57   33  100  184  159  169  168  157  169  209  200  188   84   82   65   84   99   70  239  252  243  229  179  175  141  141  135  117   18   21    3   26    0   13   97  124  
115  201  180  198  108   98  112   81  110   81  111  199  200  196  200  191  199  191  191  210  194   99   87  104   66   35  108  195  170  180  179  169  181  218  209  196   72   70   52   72   87   58  251  265  255  242  181  178  152  152  145  128   29   33   13   15   13    0   87  114  
178  284  261  278  191  140  143  108  140  117  133  264  261  261  266  258  282  274  275  294  277   61   63   65  121   84  148  251  221  228  233  225  235  246  239  224   84   62   66   57   78   81  323  335  330  316  167  163  238  237  232  214  107  118   99   80   97   87    0   28  
204  311  288  306  219  164  164  131  161  140  153  290  285  286  291  284  310  301  302  321  304   73   80   77  147  111  171  274  244  250  256  248  258  264  258  242  101   78   88   73   90  101  349  361  356  342  176  172  265  265  259  241  135  145  126  107  124  114   28    0  

  0    0    0    0    0    0    0   61    0    0    0    0    0    1    0    0    0   14   50    0    0   47    0   40    0    0    0    2    0    0    3    0    0    9    0    0   12    0    0    5    0    0    0    1    2    0    0    0    0   68    0   25    0    0    3    0    0    0   35    0  
  0    0    0    1    0    0    0    0    0    0   45    0    0    2    0    1    0    0    0    0    0    0    0    0    0    0    0   10    0    0    0    0    4    0    0    0    0    0   29    0    0    1    0    0    0    0    0    0    0   28    0    0    0    0    0    0    0    0    0    0  
  0    0    0    0    0    0    0    0    0    0    0    0    0    0    0    0    0    0    0   91    0    0    0    0    0    0    0    0    0    0    0   71    0    0    0    0    0    0    0    0    1    0    0    0    0    0    0    0    0    0    0    0    0    0    0    0    0    0    0    0  
  0   57    0    0    0    0    0    0    0    0    1   29    0    0    0    0    0    0    0    0    0    0    0    0    0    2    0    1    0    0    0    0    0    1    0    0    0   37    0    0    0    0    0   92    0    0    0    0    0   55    0    0    0    0    0    0    0    0    0    0  
  0    0    0    0    0    0    0    0    1    0    0    0    0    0    0    0    0    0    0    0   22    0    0    0    0    0    0    0    0    0    0    0    0    0    1    0    0    0    0    0    0    0    0    0    0    0    0    0    0    0   35    0    0    0    0    0    0    0    0    0  
  0    0    0    0    0    0    0    0    0   32    0    0   12    0    1    0   69    0    0   78    0    0   91    0   58    0   68    0    1    0    0    0    0    0    0    0    0    0   41    0    1    0   23    0    0    0   19   71   22    0    0    0    0    1    0   25    0   73    0    0  
  0    0    0    0    0    0    0    0    0    0    0    0    0    0    7    0    0    0    0    0    0    0    0    0    0    0    0    0    0    1    0    0    0    0    0    1    0    0   62    0    0    0    0    0    0    0    0    0    0    0    0    0   64    0    0    0   26    0    0    2  
  1    0    0    0    0    0    0    0    0    0   32    0    0    0    0    0    0   38    1    0    0    0    0    0    0    0    0   23    0    0    1    0    0   13    0    0    0   85    0    5    0    0    0   16   88    0    0    0    0   27    0    2    0    0    0    0    0    0    0    0  
  0    0    0    0   26    0    0    0    0    0    0    0    0    0    0    0    0    0    0    0   48    0    0    0    0    0    0    0    0    0    0    0    0    0    9    0    0    0    0    0    0    0    0    0    0    0    0    0    0    0    1    0    0    0    0    0    0    0    0    0  
  0    0    0    0    0   19    0    0    0    0    0    0    2    0   11    0    0    0    0   28    0    0    0    0    1    0    1    0    0    0    0    0    0    0    0    0    0    0    0    0   73    0    0    0    0    0    1   19    0    0    0    0    0    0    0   25    0   25    0    0  
  0   22    0    5    0    0    0    4    0    0    0    1    0    0    0    0    0   24   11    0    0    0    0    0    0    5    0   24    0    0    0    0    0   22    0    0    0   11    0    0    0    0    0   31    0    0    0    0    0    1    0   14    0    0    0    0    0    0    0    0  
  0    0    0   27    0    0    0    0    0    0    8    0    0    0    0    0    0    0    0    0    0    0    0    0    0    1    0    1    0    0    0    0    0   30    0    0    0    1    0    0    0    0    0    9    0    0    0    0    0    0    0    0    0    0    0    0    0    0    0    0  
  0    0    0    0    0    1    0    0    0   98    0    0    0    0   94    0   17    0    0    7    0    0    1    0   73    0    9    0   10    0    0    0    0    0    0    0    0    0    2    0   74    0    2    0    0    0    9   33   31    0    0    0   25   25    0   72    0    1    0    0  
 19    1    0    0    0    0    0    0    0    0    0    0    0    0    0   64   17    1    1    0    0    2    2   67    0    0    0    7   63    0   14    0    6    0    0    0    8    0   37    1    0    0    0    0    0    0    0    9   12    1    0   51    0    5    1    0    0    0    1    0  
  0    0    0    0    0   17   16    0    0    1    0    0    1    0    0    0    1    0    0   11    0    0   96    0    0    0    1    0    1    1    0    0   26    0    0    0    0    0   11    0   73    0    0    0    0    0    4    3    0    0    0    0   18    1    0    1    1    1    0    0  
  0   79    0    0    0    0    0    0    0    0    0    0    0   12    0    0    0    0    0    0    0    0   13    0    0    0    0    9    1    0    0    0    2    0    0    0    0    0   58    0    0    1    0    0    0    0    0    8    0    5    0    0    1    1    0    0    0    0    0    0  
  0    0    0    0    0    5    0    0    0    0    0    0   63   21    1    0    0    0    0   97    0   33    1    3    2    0    8    0    1    0    0    0   13    0    0    0   40    0    8    0   32    0    1    0    0    0   57   73   26    0    0    0    0   18    0   24    0   65    4    0  
 32    0    0    0    0    0    0    1    0    0   52    0    0    9    0    0    0    0   48    0    0    1    0    1    0    0    0   47    0    0   15    0    0   12    0    0   36    0    0   22    0    0    0    3   18    0    0    0    0   87    0    1    0    0   87    0    0    0    7    0  
 74    0    0    0    0    0    0   59    0    0    1    0    0    1    0    0    0   37    0    0    0    0    0    0    0    0    0   81    0    0   55    0    0   20    0    0    0    1    0   90    0    0    0   28   37    0    0    0    0   33    0   17    0    0   55    0    0    0    0    0  
  0    0   22    0    0    5    0    0    0    1    0    0    3    0   23    0    3    0    0    0    0    0   56    0   79    0    1    0   73    0    0   60    0    0    0    0    0    0    0    0   63    0   32    0    0    0    4    1   10    0    0    0    0   67    0    6    0   78    0    0  
  0    0    0    0   15    0    0    0   59    0    0    0    0    0    0    0    0    0    0    0    0    0    0    0    0    0    0    0    0    0    0    0    0    0   64    0    0    0    0    0    0    0    0    0    0    0    0    0    0    0   43    0    0    0    0    0    0    0    0    0  
  1    0    0    0    0    0    0    0    0    0    0    0    0   24    0    0    1    3    0    0    0    0   48   53    0    0    0    0   97    0    1    0   65    0    0    0   58    0    0    0    2    0   12    0    0    1    0    0   59   27    0    0    0   63    1   88    0    0    2    0  
  0    0    0    0    0    1    0    0    0    0    0    0    1   63   16   75   41    0    0    1    0   41    0    1    0    0   69    0   18    0    0    0   29    0    0    0   95    0    7    0   13    0    1    0    0    0    0    8   14    0    0    0    0    6    0    6    0    1   65    0  
  1    0    0    0    0    0    0    0    0    0    0    0    0   89    0    0    3   31    0    0    0   11   15    0    0    0    0    0    5    0   54    0   32    0    0    0    1    0    0    0    0    0    7    0    0   30    0    0   24    1    0    0    0    1    1    0    0    0    1    0  
  0    0    0    0    0   44    0    0    0    5    0    0   20    0    0    0    2    0    0   74    0    0    0    0    0    0    4    0    0    0    0    3    0    0    0    0    0    0    0    0    1    0    1    0    0    0   66    0    0    0    0    0    0    0    0    1    0   38    0    0  
  0    0    0    1    0    0    0    0    0    0   18    2    0    0    0    0    0    0    0    0    0    0    0    0    0    0    0    1    0    0    0    0    0    7    0    0    0    3    0    0    0    0    0    1    0    0    0    0    0    0    0    0    0    0    0    0    0    0    0    0  
  0    0    0    0    0    1    0    0    0   10    0    0    1    0   90    0   28    0    0    1    0    0    4    0    5    0    0    0   31    0    0    0    0    0    0    0    0    0   51    0    1    0   46    0    0    0   62   38    1    0    0    0    0    4    0    1    0    1    0    0  
 55    1    0   21    0    0    0    4    0    0   33   22    0    1    0   33    0   35   37    0    0    0    0    0    0    1    0    0    0    0    0    0   40   86    0    0    0   23    0    1    0    0    0    9    0    0    0    0    0   32    0   83    0    0    0    0    0    0    0    0  
  0    0    0    0    0   37    0    0    0    0    0    0   54   10    7    8    1    0    0    7    0   49    4    1    0    0   48    0    0    0    0    0    1    0    0    0    0    0    1    0   23    0   67    0    0    0    0    2    1    0    0    0   14    1    0    1    0    6    9    0  
  0    0    0    0    0    0   94    0    0    0    0    0    0    0    4    0    0    0    0    0    0    0    0    0    0    0    0    0    0    0    0    0    0    0    0   35    0    0   57    0    0   12    0    0    0    0    0    0    0    0    0    0    1    0    0    0    1    0    0   16  
 99    0    0    0    0    0    0   53    0    0    0    0    0   48    0    0    0   39    1    0    0    1    0   71    0    0    0    0    0    0    0    0    0    0    0    0   85    0    0    4    0    0    0    0   54   25    0    0    0    0   72   21    0    0    1    0    0    0   87    0  
  0    0    1    0    0    0    0    0    0    0    0    0    0    0    0    0    0    0    0    9    0    0    0    0    3    0    0    0    0    0    0    0    0    0    0    0    0    0    0    0    6    0    0    0    0    0    4    0    0    0    0    0    0    0    0    0    0    0    0    0  
  0   71    0    0    0    0    0    0    0    0    0    0    0    1   10   92   38    0    0    0    0    8   40    1    0    0    0    1    1    0    0    0    0    0    0    0    0    0   18    0    0   49    0    0    0    0    0    1    0   27    0    0   23   95    0    0    0    0   93    0  
 11    0    0    8    0    0    0   16    0    0   35    1    0    0    0    0    0    1   20    0    0    0    0    0    0   24    0    3    0    0    0    0    0    0    0    0    0    1    0   39    0    0    0   83   55    0    0    0    0    5    0    1    0    0    0    0    0    0    0    0  
  0    0    0    0    6    0    0    0    1    0    0    0    0    0    0    0    0    0    0    0   76    0    0    0    0    0    0    0    0    0    0    0    0    0    0    0    0    0    0    0    0    0    0    0    0   63    0    0    0    0    1    0    0    0    0    0    0    0    0    0  
  0    0    0    0    0    0   82    0    0    0    0    0    0    0    0    0    0    0    0    0    0    0    0    0    0    0    0    0    0    4    0    0    0    0    0    0    0    0    0    0    0   39    0    0    0    0    0    0    0    0    0    0   43    0    0    0    1    0    0   48  
  1    0    0    0    0    0    0    0    0    0    0    0    0    4    0    0    1   33    0    0    0   34    6    8    0    0    0    0    0    0    9    0    0    0    0    0    0    0    0    0   44    0    7    0    0    4    0    0   17    0    0    0    0    5   41    0    0    0    6    0  
  0    0    0   48    0    0    0   33    0    0    5    1    0    0    0    0    0    0   33    0    0    0    0    0    0    1    0   58    0    0    0    0    0   33    0    0    0    0    0    0    0    0    0    9    0    0    0    0    0    0    0    0    0    0    0    0    0    0    0    0  
  0   88    0    0    0    1   47    0    0    0    0    0   18    1   29   10   93    0    0    0    0    0    6    0    0    0   68    0    2    1    0    0    1    0    0    0    0    0    0    0    0    1    0    0    0    0    0    1    0    0    0    0   96    1    0   27    1    0    0    0  
  4    0    0    0    0    0    0   22    0    0    0    0    0   15    0    0    0    1    1    0    0    0    0    0    0    0    0    1    0    0    2    0    0    1    0    0    0    0    0    0    0    0    0    8    1    0    0    0    0   19    0    1    0    0   93    0    0    0    0    0  
  0    0    1    0    0   29    0    0    0   80    0    0    1    0   41    0    8    0    0   21    0   69   53    0    1    0   27    0   32    0    0    1    0    0    0    0   51    0    0    0    0    0   10    0    0   22   22    6   10    0    0    0    0   10    0    2    0   81    0    0  
  0    3    0    0    0    0    0    0    0    0    0    0    0    0    0   71    0    0    0    0    0    0    0    0    0    0    0    0    0   72    0    0   35    0    0    1    0    0   84    0    0    0    0    0    0    0    0    0    0    0    0    0   97    0    0    0   78    0    0    1  
  0    0    0    0    0   16    0    0    0    0    0    0   12    0    0    0    1    0    0    6    0   18   98   97   42    0   68    0   12    0    0    0    0    0    0    0   70    0    0    0    4    0    0    0    0   13    1    1   59    0    0    0    0   55    0   47    0    1   86    0  
 61    0    0    1    0    0    0   97    0    0   75    7    0    0    0    0    0   34   30    0    0    0    0    0    0   14    0   24    0    0    0    0    0   77    0    0    0    1    0    3    0    0    0    0    0    0    0    0    0   14    0    4    0    0    0    0    0    0    0    0  
 43    0    0    0    0    0    0    1    0    0    0    0    0    0    0    0    0    1   94    0    0    0    0    0    0    0    0    0    0    0   81    0    0    1    0    0    0    0    0   58    0    0    0    0    0    0    0    0    0    0    0   25    0    0    0    0    0    0    0    0  
  0    0    0    0    0    0    0    0    0    0    0    0    0    0    0    0    0    0    0    0    0   36    0   19    0    0    0    0    0    0    3    0    0    0    4    0    1    0    0    0    2    0   24    0    0    0    0    0   21    0   20    0    0   15    1    0    0    0    4    0  
  0    0    0    0    0    1    0    0    0    1    0    0   18    0    1    0   14    0    0    4    0    0    0    0   25    0    1    0    0    0    0   32    0    0    0    0    0    0    0    0    7    0   11    0    0    0    0    0    0    0    0    0    0    0    0   23    0   37    0    0  
  0    0    0    0    0   23    0    0    0   17    0    0   15   61    2   25    5    0    0   36    0    0   39    0    0    0    1    0   92    0    0    0   27    0    0    0    0    0    1    0   26    0    3    0    0    0    0    0    1    0    0    0    3   18    0    1    1    9   51    0  
  0    0    0    0    0    1    0    0    0    0    0    0   24    1    0    0    4    0    0    1    0   61   29    7    0    0   79    0   19    0    0    0    0    0    0    0   40    0    0    0   21    0   61    0    0    1    0    9    0    0    0    0    0    1   21    1    0    0   23    0  
 21   80    0    9    0    0    0   39    0    0   49    0    0    1    0    6    0   39   67    0    0   12    0    1    0    0    0    1    0    0    0    0    1   50    0    0    0    0    0   60    0    0    0   51    0    0    0    0    0    0    0   18    0    0    1    0    0    0   70    0  
  0    0    0    0    2    0    0    0    4    0    0    0    0    0    0    0    0    0    0    0   69    0    0    0    0    0    0    0    0    0   12    0    0    0   23    0    0    0    0    0    0    0    0    0    0   49    0    0    0    0    0    0    0    0    0    0    0    0    0    0  
 45    0    0    0    0    0    0   23    0    0   21    0    0    1    0    0    0   50   69    0    0    0    0    0    0    0    0   32    0    0    1    0    0    7    0    0    0    0    0   19    0    0    0   75    7    0    0    0    0   44    0    0    0    0    4    0    0    0    0    0  
  0    0    0    0    0    0   20    0    0    0    0    0    2    0    4    1    0    0    0    0    0    0    0    0    0    0    0    0   36   12    0    0    1    0    0   43    0    0   12    0    0    1    0    0    0    0    0    2    0    0    0    0    0    0    0    0   28    0    0   24  
  0    0    0    0    0    7    0    0    0    0    0    0    2    1   32   49   66    0    0    1    0    1   64   65    0    0    1    0   13    0    0    0   13    0    0    0    2    0   41    0    1    0    1    0    0    1    0   12   23    0    0    0    0    0    5    5    0    0    1    0  
 92    0    0    0    0    0    0    0    0    0    0    0    0   72    0    0    0    2    1    0    0   38    0   33    0    0    0    0    0    0   76    0    0    0    0    0    6    0    0   92    0    0    0    0    0   18    0    0   78   51    0    1    0   54    0    0    0    0   78    0  
  0    0    0    0    0    9    0    0    0   20    0    0    1    0   47    0   61    0    0    1    0   30    1    0   10    0   31    0   11    0    0    0    0    0    0    0    0    0   85    0    1    0    4    0    0    0   47   19    7    0    0    0    0   36    0    0    0    6    9    0  
  0    0    0    0    0    0   10    0    0    0    0    0    0    0   32    0    0    0    0    0    0    0    0    0    0    0    0    0    0    2    0    0    0    0    0    1    0    0   85    0    0    2    0    0    0    0    0   10    0    0    0    0    8    0    0    0    0    0    0   33  
  0    0    0    0    0    1    0    0    0    1    0    0   16    0   77    0    1    0    0   71    0    0    2    0    4    0    1    0    1    0    0    0    0    0    0    0    0    0    0    0   59    0   27    0    0    0   23    1    0    0    0    0    0    0    0    1    0    0    0    0  
  1    0    0    0    0    0    0    0    0    0    0    0    0    1    0    0   15   10    0    0    0    1   60    1    0    0    0    0    1    0   15    0   30    0    0    0   58    0    0    0    0    0   39    0    0    5    0    1   19   98    0    0    0    7   47   51    0    0    0    0  
  0    0    0    0    0    0    1    0    0    0    0    0    0    0    0    0    0    0    0    0    0    0    0    0    0    0    0    0    0    6    0    0    0    0    0   53    0    0    0    0    0    3    0    0    0    0    0    0    0    0    0    0   78    0    0    0   88    0    0    0  
