80

 0   1   2   3   4   5   6   7   8   9   1   2   3   4   5   6   7   8   9  10   2   3   4   5   6   7   8   9  10  11   3   4   5   6   7   8   9  10  11  12   4   5   6   7   8   9  10  11  12  13   5   6   7   8   9  10  11  12  13  14   6   7   8   9  10  11  12  13  14  15   7   8   9  10  11  12  13  14  15  16  
 1   0   1   2   3   4   5   6   7   8   2   1   2   3   4   5   6   7   8   9   3   2   3   4   5   6   7   8   9  10   4   3   4   5   6   7   8   9  10  11   5   4   5   6   7   8   9  10  11  12   6   5   6   7   8   9  10  11  12  13   7   6   7   8   9  10  11  12  13  14   8   7   8   9  10  11  12  13  14  15  
 2   1   0   1   2   3   4   5   6   7   3   2   1   2   3   4   5   6   7   8   4   3   2   3   4   5   6   7   8   9   5   4   3   4   5   6   7   8   9  10   6   5   4   5   6   7   8   9  10  11   7   6   5   6   7   8   9  10  11  12   8   7   6   7   8   9  10  11  12  13   9   8   7   8   9  10  11  12  13  14  
 3   2   1   0   1   2   3   4   5   6   4   3   2   1   2   3   4   5   6   7   5   4   3   2   3   4   5   6   7   8   6   5   4   3   4   5   6   7   8   9   7   6   5   4   5   6   7   8   9  10   8   7   6   5   6   7   8   9  10  11   9   8   7   6   7   8   9  10  11  12  10   9   8   7   8   9  10  11  12  13  
 4   3   2   1   0   1   2   3   4   5   5   4   3   2   1   2   3   4   5   6   6   5   4   3   2   3   4   5   6   7   7   6   5   4   3   4   5   6   7   8   8   7   6   5   4   5   6   7   8   9   9   8   7   6   5   6   7   8   9  10  10   9   8   7   6   7   8   9  10  11  11  10   9   8   7   8   9  10  11  12  
 5   4   3   2   1   0   1   2   3   4   6   5   4   3   2   1   2   3   4   5   7   6   5   4   3   2   3   4   5   6   8   7   6   5   4   3   4   5   6   7   9   8   7   6   5   4   5   6   7   8  10   9   8   7   6   5   6   7   8   9  11  10   9   8   7   6   7   8   9  10  12  11  10   9   8   7   8   9  10  11  
 6   5   4   3   2   1   0   1   2   3   7   6   5   4   3   2   1   2   3   4   8   7   6   5   4   3   2   3   4   5   9   8   7   6   5   4   3   4   5   6  10   9   8   7   6   5   4   5   6   7  11  10   9   8   7   6   5   6   7   8  12  11  10   9   8   7   6   7   8   9  13  12  11  10   9   8   7   8   9  10  
 7   6   5   4   3   2   1   0   1   2   8   7   6   5   4   3   2   1   2   3   9   8   7   6   5   4   3   2   3   4  10   9   8   7   6   5   4   3   4   5  11  10   9   8   7   6   5   4   5   6  12  11  10   9   8   7   6   5   6   7  13  12  11  10   9   8   7   6   7   8  14  13  12  11  10   9   8   7   8   9  
 8   7   6   5   4   3   2   1   0   1   9   8   7   6   5   4   3   2   1   2  10   9   8   7   6   5   4   3   2   3  11  10   9   8   7   6   5   4   3   4  12  11  10   9   8   7   6   5   4   5  13  12  11  10   9   8   7   6   5   6  14  13  12  11  10   9   8   7   6   7  15  14  13  12  11  10   9   8   7   8  
 9   8   7   6   5   4   3   2   1   0  10   9   8   7   6   5   4   3   2   1  11  10   9   8   7   6   5   4   3   2  12  11  10   9   8   7   6   5   4   3  13  12  11  10   9   8   7   6   5   4  14  13  12  11  10   9   8   7   6   5  15  14  13  12  11  10   9   8   7   6  16  15  14  13  12  11  10   9   8   7  
 1   2   3   4   5   6   7   8   9  10   0   1   2   3   4   5   6   7   8   9   1   2   3   4   5   6   7   8   9  10   2   3   4   5   6   7   8   9  10  11   3   4   5   6   7   8   9  10  11  12   4   5   6   7   8   9  10  11  12  13   5   6   7   8   9  10  11  12  13  14   6   7   8   9  10  11  12  13  14  15  
 2   1   2   3   4   5   6   7   8   9   1   0   1   2   3   4   5   6   7   8   2   1   2   3   4   5   6   7   8   9   3   2   3   4   5   6   7   8   9  10   4   3   4   5   6   7   8   9  10  11   5   4   5   6   7   8   9  10  11  12   6   5   6   7   8   9  10  11  12  13   7   6   7   8   9  10  11  12  13  14  
 3   2   1   2   3   4   5   6   7   8   2   1   0   1   2   3   4   5   6   7   3   2   1   2   3   4   5   6   7   8   4   3   2   3   4   5   6   7   8   9   5   4   3   4   5   6   7   8   9  10   6   5   4   5   6   7   8   9  10  11   7   6   5   6   7   8   9  10  11  12   8   7   6   7   8   9  10  11  12  13  
 4   3   2   1   2   3   4   5   6   7   3   2   1   0   1   2   3   4   5   6   4   3   2   1   2   3   4   5   6   7   5   4   3   2   3   4   5   6   7   8   6   5   4   3   4   5   6   7   8   9   7   6   5   4   5   6   7   8   9  10   8   7   6   5   6   7   8   9  10  11   9   8   7   6   7   8   9  10  11  12  
 5   4   3   2   1   2   3   4   5   6   4   3   2   1   0   1   2   3   4   5   5   4   3   2   1   2   3   4   5   6   6   5   4   3   2   3   4   5   6   7   7   6   5   4   3   4   5   6   7   8   8   7   6   5   4   5   6   7   8   9   9   8   7   6   5   6   7   8   9  10  10   9   8   7   6   7   8   9  10  11  
 6   5   4   3   2   1   2   3   4   5   5   4   3   2   1   0   1   2   3   4   6   5   4   3   2   1   2   3   4   5   7   6   5   4   3   2   3   4   5   6   8   7   6   5   4   3   4   5   6   7   9   8   7   6   5   4   5   6   7   8  10   9   8   7   6   5   6   7   8   9  11  10   9   8   7   6   7   8   9  10  
 7   6   5   4   3   2   1   2   3   4   6   5   4   3   2   1   0   1   2   3   7   6   5   4   3   2   1   2   3   4   8   7   6   5   4   3   2   3   4   5   9   8   7   6   5   4   3   4   5   6  10   9   8   7   6   5   4   5   6   7  11  10   9   8   7   6   5   6   7   8  12  11  10   9   8   7   6   7   8   9  
 8   7   6   5   4   3   2   1   2   3   7   6   5   4   3   2   1   0   1   2   8   7   6   5   4   3   2   1   2   3   9   8   7   6   5   4   3   2   3   4  10   9   8   7   6   5   4   3   4   5  11  10   9   8   7   6   5   4   5   6  12  11  10   9   8   7   6   5   6   7  13  12  11  10   9   8   7   6   7   8  
 9   8   7   6   5   4   3   2   1   2   8   7   6   5   4   3   2   1   0   1   9   8   7   6   5   4   3   2   1   2  10   9   8   7   6   5   4   3   2   3  11  10   9   8   7   6   5   4   3   4  12  11  10   9   8   7   6   5   4   5  13  12  11  10   9   8   7   6   5   6  14  13  12  11  10   9   8   7   6   7  
10   9   8   7   6   5   4   3   2   1   9   8   7   6   5   4   3   2   1   0  10   9   8   7   6   5   4   3   2   1  11  10   9   8   7   6   5   4   3   2  12  11  10   9   8   7   6   5   4   3  13  12  11  10   9   8   7   6   5   4  14  13  12  11  10   9   8   7   6   5  15  14  13  12  11  10   9   8   7   6  
 2   3   4   5   6   7   8   9  10  11   1   2   3   4   5   6   7   8   9  10   0   1   2   3   4   5   6   7   8   9   1   2   3   4   5   6   7   8   9  10   2   3   4   5   6   7   8   9  10  11   3   4   5   6   7   8   9  10  11  12   4   5   6   7   8   9  10  11  12  13   5   6   7   8   9  10  11  12  13  14  
 3   2   3   4   5   6   7   8   9  10   2   1   2   3   4   5   6   7   8   9   1   0   1   2   3   4   5   6   7   8   2   1   2   3   4   5   6   7   8   9   3   2   3   4   5   6   7   8   9  10   4   3   4   5   6   7   8   9  10  11   5   4   5   6   7   8   9  10  11  12   6   5   6   7   8   9  10  11  12  13  
 4   3   2   3   4   5   6   7   8   9   3   2   1   2   3   4   5   6   7   8   2   1   0   1   2   3   4   5   6   7   3   2   1   2   3   4   5   6   7   8   4   3   2   3   4   5   6   7   8   9   5   4   3   4   5   6   7   8   9  10   6   5   4   5   6   7   8   9  10  11   7   6   5   6   7   8   9  10  11  12  
 5   4   3   2   3   4   5   6   7   8   4   3   2   1   2   3   4   5   6   7   3   2   1   0   1   2   3   4   5   6   4   3   2   1   2   3   4   5   6   7   5   4   3   2   3   4   5   6   7   8   6   5   4   3   4   5   6   7   8   9   7   6   5   4   5   6   7   8   9  10   8   7   6   5   6   7   8   9  10  11  
 6   5   4   3   2   3   4   5   6   7   5   4   3   2   1   2   3   4   5   6   4   3   2   1   0   1   2   3   4   5   5   4   3   2   1   2   3   4   5   6   6   5   4   3   2   3   4   5   6   7   7   6   5   4   3   4   5   6   7   8   8   7   6   5   4   5   6   7   8   9   9   8   7   6   5   6   7   8   9  10  
 7   6   5   4   3   2   3   4   5   6   6   5   4   3   2   1   2   3   4   5   5   4   3   2   1   0   1   2   3   4   6   5   4   3   2   1   2   3   4   5   7   6   5   4   3   2   3   4   5   6   8   7   6   5   4   3   4   5   6   7   9   8   7   6   5   4   5   6   7   8  10   9   8   7   6   5   6   7   8   9  
 8   7   6   5   4   3   2   3   4   5   7   6   5   4   3   2   1   2   3   4   6   5   4   3   2   1   0   1   2   3   7   6   5   4   3   2   1   2   3   4   8   7   6   5   4   3   2   3   4   5   9   8   7   6   5   4   3   4   5   6  10   9   8   7   6   5   4   5   6   7  11  10   9   8   7   6   5   6   7   8  
 9   8   7   6   5   4   3   2   3   4   8   7   6   5   4   3   2   1   2   3   7   6   5   4   3   2   1   0   1   2   8   7   6   5   4   3   2   1   2   3   9   8   7   6   5   4   3   2   3   4  10   9   8   7   6   5   4   3   4   5  11  10   9   8   7   6   5   4   5   6  12  11  10   9   8   7   6   5   6   7  
10   9   8   7   6   5   4   3   2   3   9   8   7   6   5   4   3   2   1   2   8   7   6   5   4   3   2   1   0   1   9   8   7   6   5   4   3   2   1   2  10   9   8   7   6   5   4   3   2   3  11  10   9   8   7   6   5   4   3   4  12  11  10   9   8   7   6   5   4   5  13  12  11  10   9   8   7   6   5   6  
11  10   9   8   7   6   5   4   3   2  10   9   8   7   6   5   4   3   2   1   9   8   7   6   5   4   3   2   1   0  10   9   8   7   6   5   4   3   2   1  11  10   9   8   7   6   5   4   3   2  12  11  10   9   8   7   6   5   4   3  13  12  11  10   9   8   7   6   5   4  14  13  12  11  10   9   8   7   6   5  
 3   4   5   6   7   8   9  10  11  12   2   3   4   5   6   7   8   9  10  11   1   2   3   4   5   6   7   8   9  10   0   1   2   3   4   5   6   7   8   9   1   2   3   4   5   6   7   8   9  10   2   3   4   5   6   7   8   9  10  11   3   4   5   6   7   8   9  10  11  12   4   5   6   7   8   9  10  11  12  13  
 4   3   4   5   6   7   8   9  10  11   3   2   3   4   5   6   7   8   9  10   2   1   2   3   4   5   6   7   8   9   1   0   1   2   3   4   5   6   7   8   2   1   2   3   4   5   6   7   8   9   3   2   3   4   5   6   7   8   9  10   4   3   4   5   6   7   8   9  10  11   5   4   5   6   7   8   9  10  11  12  
 5   4   3   4   5   6   7   8   9  10   4   3   2   3   4   5   6   7   8   9   3   2   1   2   3   4   5   6   7   8   2   1   0   1   2   3   4   5   6   7   3   2   1   2   3   4   5   6   7   8   4   3   2   3   4   5   6   7   8   9   5   4   3   4   5   6   7   8   9  10   6   5   4   5   6   7   8   9  10  11  
 6   5   4   3   4   5   6   7   8   9   5   4   3   2   3   4   5   6   7   8   4   3   2   1   2   3   4   5   6   7   3   2   1   0   1   2   3   4   5   6   4   3   2   1   2   3   4   5   6   7   5   4   3   2   3   4   5   6   7   8   6   5   4   3   4   5   6   7   8   9   7   6   5   4   5   6   7   8   9  10  
 7   6   5   4   3   4   5   6   7   8   6   5   4   3   2   3   4   5   6   7   5   4   3   2   1   2   3   4   5   6   4   3   2   1   0   1   2   3   4   5   5   4   3   2   1   2   3   4   5   6   6   5   4   3   2   3   4   5   6   7   7   6   5   4   3   4   5   6   7   8   8   7   6   5   4   5   6   7   8   9  
 8   7   6   5   4   3   4   5   6   7   7   6   5   4   3   2   3   4   5   6   6   5   4   3   2   1   2   3   4   5   5   4   3   2   1   0   1   2   3   4   6   5   4   3   2   1   2   3   4   5   7   6   5   4   3   2   3   4   5   6   8   7   6   5   4   3   4   5   6   7   9   8   7   6   5   4   5   6   7   8  
 9   8   7   6   5   4   3   4   5   6   8   7   6   5   4   3   2   3   4   5   7   6   5   4   3   2   1   2   3   4   6   5   4   3   2   1   0   1   2   3   7   6   5   4   3   2   1   2   3   4   8   7   6   5   4   3   2   3   4   5   9   8   7   6   5   4   3   4   5   6  10   9   8   7   6   5   4   5   6   7  
10   9   8   7   6   5   4   3   4   5   9   8   7   6   5   4   3   2   3   4   8   7   6   5   4   3   2   1   2   3   7   6   5   4   3   2   1   0   1   2   8   7   6   5   4   3   2   1   2   3   9   8   7   6   5   4   3   2   3   4  10   9   8   7   6   5   4   3   4   5  11  10   9   8   7   6   5   4   5   6  
11  10   9   8   7   6   5   4   3   4  10   9   8   7   6   5   4   3   2   3   9   8   7   6   5   4   3   2   1   2   8   7   6   5   4   3   2   1   0   1   9   8   7   6   5   4   3   2   1   2  10   9   8   7   6   5   4   3   2   3  11  10   9   8   7   6   5   4   3   4  12  11  10   9   8   7   6   5   4   5  
12  11  10   9   8   7   6   5   4   3  11  10   9   8   7   6   5   4   3   2  10   9   8   7   6   5   4   3   2   1   9   8   7   6   5   4   3   2   1   0  10   9   8   7   6   5   4   3   2   1  11  10   9   8   7   6   5   4   3   2  12  11  10   9   8   7   6   5   4   3  13  12  11  10   9   8   7   6   5   4  
 4   5   6   7   8   9  10  11  12  13   3   4   5   6   7   8   9  10  11  12   2   3   4   5   6   7   8   9  10  11   1   2   3   4   5   6   7   8   9  10   0   1   2   3   4   5   6   7   8   9   1   2   3   4   5   6   7   8   9  10   2   3   4   5   6   7   8   9  10  11   3   4   5   6   7   8   9  10  11  12  
 5   4   5   6   7   8   9  10  11  12   4   3   4   5   6   7   8   9  10  11   3   2   3   4   5   6   7   8   9  10   2   1   2   3   4   5   6   7   8   9   1   0   1   2   3   4   5   6   7   8   2   1   2   3   4   5   6   7   8   9   3   2   3   4   5   6   7   8   9  10   4   3   4   5   6   7   8   9  10  11  
 6   5   4   5   6   7   8   9  10  11   5   4   3   4   5   6   7   8   9  10   4   3   2   3   4   5   6   7   8   9   3   2   1   2   3   4   5   6   7   8   2   1   0   1   2   3   4   5   6   7   3   2   1   2   3   4   5   6   7   8   4   3   2   3   4   5   6   7   8   9   5   4   3   4   5   6   7   8   9  10  
 7   6   5   4   5   6   7   8   9  10   6   5   4   3   4   5   6   7   8   9   5   4   3   2   3   4   5   6   7   8   4   3   2   1   2   3   4   5   6   7   3   2   1   0   1   2   3   4   5   6   4   3   2   1   2   3   4   5   6   7   5   4   3   2   3   4   5   6   7   8   6   5   4   3   4   5   6   7   8   9  
 8   7   6   5   4   5   6   7   8   9   7   6   5   4   3   4   5   6   7   8   6   5   4   3   2   3   4   5   6   7   5   4   3   2   1   2   3   4   5   6   4   3   2   1   0   1   2   3   4   5   5   4   3   2   1   2   3   4   5   6   6   5   4   3   2   3   4   5   6   7   7   6   5   4   3   4   5   6   7   8  
 9   8   7   6   5   4   5   6   7   8   8   7   6   5   4   3   4   5   6   7   7   6   5   4   3   2   3   4   5   6   6   5   4   3   2   1   2   3   4   5   5   4   3   2   1   0   1   2   3   4   6   5   4   3   2   1   2   3   4   5   7   6   5   4   3   2   3   4   5   6   8   7   6   5   4   3   4   5   6   7  
10   9   8   7   6   5   4   5   6   7   9   8   7   6   5   4   3   4   5   6   8   7   6   5   4   3   2   3   4   5   7   6   5   4   3   2   1   2   3   4   6   5   4   3   2   1   0   1   2   3   7   6   5   4   3   2   1   2   3   4   8   7   6   5   4   3   2   3   4   5   9   8   7   6   5   4   3   4   5   6  
11  10   9   8   7   6   5   4   5   6  10   9   8   7   6   5   4   3   4   5   9   8   7   6   5   4   3   2   3   4   8   7   6   5   4   3   2   1   2   3   7   6   5   4   3   2   1   0   1   2   8   7   6   5   4   3   2   1   2   3   9   8   7   6   5   4   3   2   3   4  10   9   8   7   6   5   4   3   4   5  
12  11  10   9   8   7   6   5   4   5  11  10   9   8   7   6   5   4   3   4  10   9   8   7   6   5   4   3   2   3   9   8   7   6   5   4   3   2   1   2   8   7   6   5   4   3   2   1   0   1   9   8   7   6   5   4   3   2   1   2  10   9   8   7   6   5   4   3   2   3  11  10   9   8   7   6   5   4   3   4  
13  12  11  10   9   8   7   6   5   4  12  11  10   9   8   7   6   5   4   3  11  10   9   8   7   6   5   4   3   2  10   9   8   7   6   5   4   3   2   1   9   8   7   6   5   4   3   2   1   0  10   9   8   7   6   5   4   3   2   1  11  10   9   8   7   6   5   4   3   2  12  11  10   9   8   7   6   5   4   3  
 5   6   7   8   9  10  11  12  13  14   4   5   6   7   8   9  10  11  12  13   3   4   5   6   7   8   9  10  11  12   2   3   4   5   6   7   8   9  10  11   1   2   3   4   5   6   7   8   9  10   0   1   2   3   4   5   6   7   8   9   1   2   3   4   5   6   7   8   9  10   2   3   4   5   6   7   8   9  10  11  
 6   5   6   7   8   9  10  11  12  13   5   4   5   6   7   8   9  10  11  12   4   3   4   5   6   7   8   9  10  11   3   2   3   4   5   6   7   8   9  10   2   1   2   3   4   5   6   7   8   9   1   0   1   2   3   4   5   6   7   8   2   1   2   3   4   5   6   7   8   9   3   2   3   4   5   6   7   8   9  10  
 7   6   5   6   7   8   9  10  11  12   6   5   4   5   6   7   8   9  10  11   5   4   3   4   5   6   7   8   9  10   4   3   2   3   4   5   6   7   8   9   3   2   1   2   3   4   5   6   7   8   2   1   0   1   2   3   4   5   6   7   3   2   1   2   3   4   5   6   7   8   4   3   2   3   4   5   6   7   8   9  
 8   7   6   5   6   7   8   9  10  11   7   6   5   4   5   6   7   8   9  10   6   5   4   3   4   5   6   7   8   9   5   4   3   2   3   4   5   6   7   8   4   3   2   1   2   3   4   5   6   7   3   2   1   0   1   2   3   4   5   6   4   3   2   1   2   3   4   5   6   7   5   4   3   2   3   4   5   6   7   8  
 9   8   7   6   5   6   7   8   9  10   8   7   6   5   4   5   6   7   8   9   7   6   5   4   3   4   5   6   7   8   6   5   4   3   2   3   4   5   6   7   5   4   3   2   1   2   3   4   5   6   4   3   2   1   0   1   2   3   4   5   5   4   3   2   1   2   3   4   5   6   6   5   4   3   2   3   4   5   6   7  
10   9   8   7   6   5   6   7   8   9   9   8   7   6   5   4   5   6   7   8   8   7   6   5   4   3   4   5   6   7   7   6   5   4   3   2   3   4   5   6   6   5   4   3   2   1   2   3   4   5   5   4   3   2   1   0   1   2   3   4   6   5   4   3   2   1   2   3   4   5   7   6   5   4   3   2   3   4   5   6  
11  10   9   8   7   6   5   6   7   8  10   9   8   7   6   5   4   5   6   7   9   8   7   6   5   4   3   4   5   6   8   7   6   5   4   3   2   3   4   5   7   6   5   4   3   2   1   2   3   4   6   5   4   3   2   1   0   1   2   3   7   6   5   4   3   2   1   2   3   4   8   7   6   5   4   3   2   3   4   5  
12  11  10   9   8   7   6   5   6   7  11  10   9   8   7   6   5   4   5   6  10   9   8   7   6   5   4   3   4   5   9   8   7   6   5   4   3   2   3   4   8   7   6   5   4   3   2   1   2   3   7   6   5   4   3   2   1   0   1   2   8   7   6   5   4   3   2   1   2   3   9   8   7   6   5   4   3   2   3   4  
13  12  11  10   9   8   7   6   5   6  12  11  10   9   8   7   6   5   4   5  11  10   9   8   7   6   5   4   3   4  10   9   8   7   6   5   4   3   2   3   9   8   7   6   5   4   3   2   1   2   8   7   6   5   4   3   2   1   0   1   9   8   7   6   5   4   3   2   1   2  10   9   8   7   6   5   4   3   2   3  
14  13  12  11  10   9   8   7   6   5  13  12  11  10   9   8   7   6   5   4  12  11  10   9   8   7   6   5   4   3  11  10   9   8   7   6   5   4   3   2  10   9   8   7   6   5   4   3   2   1   9   8   7   6   5   4   3   2   1   0  10   9   8   7   6   5   4   3   2   1  11  10   9   8   7   6   5   4   3   2  
 6   7   8   9  10  11  12  13  14  15   5   6   7   8   9  10  11  12  13  14   4   5   6   7   8   9  10  11  12  13   3   4   5   6   7   8   9  10  11  12   2   3   4   5   6   7   8   9  10  11   1   2   3   4   5   6   7   8   9  10   0   1   2   3   4   5   6   7   8   9   1   2   3   4   5   6   7   8   9  10  
 7   6   7   8   9  10  11  12  13  14   6   5   6   7   8   9  10  11  12  13   5   4   5   6   7   8   9  10  11  12   4   3   4   5   6   7   8   9  10  11   3   2   3   4   5   6   7   8   9  10   2   1   2   3   4   5   6   7   8   9   1   0   1   2   3   4   5   6   7   8   2   1   2   3   4   5   6   7   8   9  
 8   7   6   7   8   9  10  11  12  13   7   6   5   6   7   8   9  10  11  12   6   5   4   5   6   7   8   9  10  11   5   4   3   4   5   6   7   8   9  10   4   3   2   3   4   5   6   7   8   9   3   2   1   2   3   4   5   6   7   8   2   1   0   1   2   3   4   5   6   7   3   2   1   2   3   4   5   6   7   8  
 9   8   7   6   7   8   9  10  11  12   8   7   6   5   6   7   8   9  10  11   7   6   5   4   5   6   7   8   9  10   6   5   4   3   4   5   6   7   8   9   5   4   3   2   3   4   5   6   7   8   4   3   2   1   2   3   4   5   6   7   3   2   1   0   1   2   3   4   5   6   4   3   2   1   2   3   4   5   6   7  
10   9   8   7   6   7   8   9  10  11   9   8   7   6   5   6   7   8   9  10   8   7   6   5   4   5   6   7   8   9   7   6   5   4   3   4   5   6   7   8   6   5   4   3   2   3   4   5   6   7   5   4   3   2   1   2   3   4   5   6   4   3   2   1   0   1   2   3   4   5   5   4   3   2   1   2   3   4   5   6  
11  10   9   8   7   6   7   8   9  10  10   9   8   7   6   5   6   7   8   9   9   8   7   6   5   4   5   6   7   8   8   7   6   5   4   3   4   5   6   7   7   6   5   4   3   2   3   4   5   6   6   5   4   3   2   1   2   3   4   5   5   4   3   2   1   0   1   2   3   4   6   5   4   3   2   1   2   3   4   5  
12  11  10   9   8   7   6   7   8   9  11  10   9   8   7   6   5   6   7   8  10   9   8   7   6   5   4   5   6   7   9   8   7   6   5   4   3   4   5   6   8   7   6   5   4   3   2   3   4   5   7   6   5   4   3   2   1   2   3   4   6   5   4   3   2   1   0   1   2   3   7   6   5   4   3   2   1   2   3   4  
13  12  11  10   9   8   7   6   7   8  12  11  10   9   8   7   6   5   6   7  11  10   9   8   7   6   5   4   5   6  10   9   8   7   6   5   4   3   4   5   9   8   7   6   5   4   3   2   3   4   8   7   6   5   4   3   2   1   2   3   7   6   5   4   3   2   1   0   1   2   8   7   6   5   4   3   2   1   2   3  
14  13  12  11  10   9   8   7   6   7  13  12  11  10   9   8   7   6   5   6  12  11  10   9   8   7   6   5   4   5  11  10   9   8   7   6   5   4   3   4  10   9   8   7   6   5   4   3   2   3   9   8   7   6   5   4   3   2   1   2   8   7   6   5   4   3   2   1   0   1   9   8   7   6   5   4   3   2   1   2  
15  14  13  12  11  10   9   8   7   6  14  13  12  11  10   9   8   7   6   5  13  12  11  10   9   8   7   6   5   4  12  11  10   9   8   7   6   5   4   3  11  10   9   8   7   6   5   4   3   2  10   9   8   7   6   5   4   3   2   1   9   8   7   6   5   4   3   2   1   0  10   9   8   7   6   5   4   3   2   1  
 7   8   9  10  11  12  13  14  15  16   6   7   8   9  10  11  12  13  14  15   5   6   7   8   9  10  11  12  13  14   4   5   6   7   8   9  10  11  12  13   3   4   5   6   7   8   9  10  11  12   2   3   4   5   6   7   8   9  10  11   1   2   3   4   5   6   7   8   9  10   0   1   2   3   4   5   6   7   8   9  
 8   7   8   9  10  11  12  13  14  15   7   6   7   8   9  10  11  12  13  14   6   5   6   7   8   9  10  11  12  13   5   4   5   6   7   8   9  10  11  12   4   3   4   5   6   7   8   9  10  11   3   2   3   4   5   6   7   8   9  10   2   1   2   3   4   5   6   7   8   9   1   0   1   2   3   4   5   6   7   8  
 9   8   7   8   9  10  11  12  13  14   8   7   6   7   8   9  10  11  12  13   7   6   5   6   7   8   9  10  11  12   6   5   4   5   6   7   8   9  10  11   5   4   3   4   5   6   7   8   9  10   4   3   2   3   4   5   6   7   8   9   3   2   1   2   3   4   5   6   7   8   2   1   0   1   2   3   4   5   6   7  
10   9   8   7   8   9  10  11  12  13   9   8   7   6   7   8   9  10  11  12   8   7   6   5   6   7   8   9  10  11   7   6   5   4   5   6   7   8   9  10   6   5   4   3   4   5   6   7   8   9   5   4   3   2   3   4   5   6   7   8   4   3   2   1   2   3   4   5   6   7   3   2   1   0   1   2   3   4   5   6  
11  10   9   8   7   8   9  10  11  12  10   9   8   7   6   7   8   9  10  11   9   8   7   6   5   6   7   8   9  10   8   7   6   5   4   5   6   7   8   9   7   6   5   4   3   4   5   6   7   8   6   5   4   3   2   3   4   5   6   7   5   4   3   2   1   2   3   4   5   6   4   3   2   1   0   1   2   3   4   5  
12  11  10   9   8   7   8   9  10  11  11  10   9   8   7   6   7   8   9  10  10   9   8   7   6   5   6   7   8   9   9   8   7   6   5   4   5   6   7   8   8   7   6   5   4   3   4   5   6   7   7   6   5   4   3   2   3   4   5   6   6   5   4   3   2   1   2   3   4   5   5   4   3   2   1   0   1   2   3   4  
13  12  11  10   9   8   7   8   9  10  12  11  10   9   8   7   6   7   8   9  11  10   9   8   7   6   5   6   7   8  10   9   8   7   6   5   4   5   6   7   9   8   7   6   5   4   3   4   5   6   8   7   6   5   4   3   2   3   4   5   7   6   5   4   3   2   1   2   3   4   6   5   4   3   2   1   0   1   2   3  
14  13  12  11  10   9   8   7   8   9  13  12  11  10   9   8   7   6   7   8  12  11  10   9   8   7   6   5   6   7  11  10   9   8   7   6   5   4   5   6  10   9   8   7   6   5   4   3   4   5   9   8   7   6   5   4   3   2   3   4   8   7   6   5   4   3   2   1   2   3   7   6   5   4   3   2   1   0   1   2  
15  14  13  12  11  10   9   8   7   8  14  13  12  11  10   9   8   7   6   7  13  12  11  10   9   8   7   6   5   6  12  11  10   9   8   7   6   5   4   5  11  10   9   8   7   6   5   4   3   4  10   9   8   7   6   5   4   3   2   3   9   8   7   6   5   4   3   2   1   2   8   7   6   5   4   3   2   1   0   1  
16  15  14  13  12  11  10   9   8   7  15  14  13  12  11  10   9   8   7   6  14  13  12  11  10   9   8   7   6   5  13  12  11  10   9   8   7   6   5   4  12  11  10   9   8   7   6   5   4   3  11  10   9   8   7   6   5   4   3   2  10   9   8   7   6   5   4   3   2   1   9   8   7   6   5   4   3   2   1   0  

 0   0   0   0   0   0   0   0   0   0   0   0   0  13  22   0   1   0   0   0  56   0   0   0  83   0   0  92   0   1   0   0   0   0   0   0  92   0   0   0   0   0   0   0   0  65   0   0   1   0   0   0  58   0   0   0   0   0   0   0   1   0   0   4  10   0  66   0   4   0   0   0   0   0   0   0   0   0   0   0  
 0   0  36   1  13   0   0   0   0   0   0   0   0   0   0   0   0   0   0   0   0   0   0   0   0  35   0   0   0   0   0   0   0   0   0   0   0   0   0   0   0   0   0   0   0   0   0   0   0   0   0   0   0   0   0   0   0   0   0   0   0   0  87   0   0   0   0   0   0   0   0   0   0  51   0   0   0   0   0   0  
 0  19   0  28  18   0   0   0   0   0   0   0   4   0   0   0   0   0   0   0   0   0   0   0   0  43   0   0   0   0   1  36   0   0   0   0   0   1   0   0  30   0   0   0  39   0   0  71   0   0   0   0   0   0   0   0   0   0   0   0   0   0  14   0   0   0   0  38   0   0   1   0   0   1   0  74   0   0   0   0  
 0   1   5   0  52   1   0   0   0   0   0   0  97   0   0   0   0   0   0   0   0   0  11   0   0  75   0   0  13   0  86  25   0   0   0   0   0  54   0   0   3   0   0   0  31   0   1   1   0   0   0   0   0  11   0   0   0   0   0   0   0   0  86   0   0   0   0  16   0   0  33   0   0   1   0  24   0   0   0   0  
 0  29   1  16   0   0   0   0   0   0   0   0   1   0   0   0   0   0   0   0   0   0   0   0   0  15   0   0   0   0  74   1   0   0   0   0   0  30   0   0   1   0   0   0  31   0   1   0   0   1   0   0   0   0   0   0   0   0   0   0   0   0  79   0   0   0   0  41   0   0   0   0   0   1   0   0   0   0   0   0  
 0   0   0  49   0   0   0   0  15   0   0  51   0  10  45   0  68   0   0   0   0   0   1  62   0   0   0   0  63  41   0  84   0   0   0   0   0   0   0  39   0   0  36   0   0   0   0   6   0   0  16   1   4  23   0  36   0   0   1   0   1   0   1   0  23  31   1   0   0  99   3   0   0   0   0  94   5   0   0  52  
 0   0   0   0   0   0   0   0   0   0   0   0   0   0   0   0   0   0   1  20   0   0   0   0   0   0  32   0   0   0   0   0   1   0   0   0   0   2  93   0  93  13   0   1  83   0   1   0   0  91   0   0   0   0  55   0  51   1   0  24   0   1   0   0   0   0   0  59   0  22   0  69  15   0   1   0   0  64   0   0  
 0   0   0   0   0   0   0   0   0   2   1   0   0   0   0   0   0  89   0   0   0  72   2  24   0   0   0   0  78   0   0   0   0   0   0   0   0   0   0   1   0   0   5   0   0   0   0   0   0   0  30   0   0  35   0   5   0   0  32   0   0   0   0   0   0   0  27   0   0   0   0   0   0   0   0   0  85   0   0   7  
 0   0   0   0   0   8   0   0   0   0   0  44   0  23   1   0   8   0   0   0   0   0   0   1   0   0   0   0  50  10   0   7   0   0   0   0   0   0   0   1   0   0   0   0   0  51   0  41   0   0  87   3  20  75   0  13   0   0  11  19  30   0   0   0   1  17  25   0   0   1   1   0   0   0   0  77  90   0   0  49  
 0   0   0   0   0   0   0  37   0   0  37   0   0   0   0   0   0  96   0   0   0   2   0  90   0   0   0   0   0   0   0   0   0   0   0   0   0   0   0   0   0   0   3   0   0   0   0   0   0   0  45   0   0   0   0  23   0   0  65   0   0   0   0   0   0   0  51   0   0   0   0   0   0   0   0   0   1   0   0   3  
 0   0   0   0   0   0   0  39   0   1   0   0   0   0   0   0   1   1   0   0   0   1  21  12   0   0   0   0  82   1   0   0   0   0   0   0   0   0   0  54   0   0   1   0   0   0   0   0   0   0   7   0   1  84   0  13   0   0   1   0   0   0   0   0   0   0   6   0   0   0   0   0   0   0   0   0  61   0   0   9  
 0   0   0   0   0  10   0   0  16   0   0   0   0  61   6   0  42   0  50  18   0   0   0  53   0   0   0   0   1   3   0   4  20   0   0   0   0   1   0   0  11   0   0  50   0   1   0   0   0   0   0   3  14   2   0  51   0   0   0  54   1  75   0   0  79   8  70   0   0   1  44   0   0   0   0   6   0   0   0   0  
 0   0  86   5   1   0   0   0   0   0   0   0   0   0   0   0   0   0   0   0   0   0   0   0   0  17   0   0   0   0   1   2   0   0   0   0   0  52   0   0  11   0   0   0  20   0  23   0   0  95   0   0   0   0   0   0   0   0   0   0   0   0   0   0   0   0   0   1   0   0   1   1   0  74   0   0   0   0   0   0  
 1   0   0   0   0  39   0   0   1   0   0   1   0   0  12   0  22   0   0   0  21   0   0  12   0   0   0   0  18  58   0   0   3   0   0   0   1   0   0   0   0   0   0   0   0   1   0   0  16   0  17   5   1  28   0  88   0   0   6  92  60   0   0  61  75   8  55   0  47   1   0   0   0   0   0   1   0   0   0   0  
 1   0   0   0   0  23   0   0  44   0   0  22   0  10   0   0   1   0  66   9  68   0   0   0  37   0   0   0   0   1   0   0  74   0   0  65   8   0  70   0   0   0   0  22   0   1   0   0   4   0   0   4   6   0   0   0   0   0   0   3  19   4   0   1   1  77  27   0   1  59   0   0   0   0   0   0   0   7   0   0  
 0   0   0   0   0   0   0   0   0   0   0   0   0   0   0   0   0   0   0  70   7   0   0   0   1   0   0  20   0   0   0   0  11   2   1   3   1   0   1   0   0   0   0   0   0   0   0   0  14   0   0   0   0   0   0   0   0   0   0   0   0   0   0  64   0   0   0   0   0   0   0   0   0   0   0   0   0   1  58   0  
84   0   0   0   0  71   0   0  20   0   1   1   0   4  86   0   0   5   0   0   0   1   0   1   0   0   0   0   0   1   0   0   0   0   0   0   1   0   0   0   0   0   0   0   0  52   0   0   4   0  15  16  20  10   0  29   0   0   1   0  85   0   0   1   3   8   1   0   3  63   0   0   0   0   0   0   0   0   0   0  
 0   0   0   0   0   0   0  36   0  25  41   0   0   0   0   0  64   0   0   0   0   9   0  27   0   0   0   0   0   3   0   0   0   0   0   0   0   0   0   0   0   0  92   0   0   0   0   0   0   0  77   0  54   0   0   1   0   0   1   0   0   0   0   0   1   0  34   0   0   0   0   0   0   0   0   0   0   0   0  51  
 0   0   0   0   0   0  88   0   0   0   0   8   0   0   8   0   0   0   0  62   2   0   0   0   0   0  92   0   0   0   0   0  52   0   0   0   0  16   1   0  17   0   0   1   1   0   1   0   0   0   0  68   0   0  43   0   1  57   0  21   0   1   0   0   0   1   0   0   0  33   0  49   0   0  69   0   0  79   9   0  
 0   0   0   0   0   0   8   0   0   0   0   1   0   0   2   1   0   0  28   0  94   0   0   0   2   0  39   0   0   0   0   0   1   1  21   3   0   0  69   0   0   0   0   1   0   1   0   0  27   0   0   2   0   0   0   0   8   0   0  20   1   1   0   1   0   6   0   0   0  12   0   0   0   0   1   0   0  31  88   0  
 1   0   0   0   0   0   0   0   0   0   0   0   0  95   1  40   0   0  19   1   0   0   0   0  28   0   0  28   0   0   0   0   5  43  81   4   7   0   1   0   0   0   0   1   0  94   0   0  21   0   0   1   0   0   0   0   0   0   0  13   2   0   0  35  31   8   0   0  94  49   0   0   0   0   0   0   0   1  34   0  
 0   0   0   0   0   0   0   3   0  36   1   0   0   0   0   0   3   1   0   0   0   0   0  26   0   0   0   0   1  42   0   0   0   0   0   0   0   0   0  16   0   0  52   0   0   0   0   0   0   0   8   0  38  11   0  19   0   0  78   0   0   0   0   0  33   0  26   0   0   0   0   0   0   0   0   0  53   0   0   4  
 0   0   0   1   0   1   0   1   0   0  26   0   0   0   0   0   0   0   0   0   0   0   0  50   0   0   0   0   1   0   0  88   0   0   0   0   0   0   0  56   0   0   5   0   0   0   0  97   0   0  46   0   0  70   0  50   0   0   0   0   0   0  39   0   0   0   0   0   0   0   0   0   0   0   0   1  32   0   0   9  
 0   0   0   0   0  15   0  28   9   1  24  62   0   1   0   0   2  27   0   0   0  40   1   0   0   0   0   0  97  34   0   0   0   0   0   0   0   0   0  63   0   0  77   0   0  78   0   1   0   0  94   3   1  27   0  92   0   0  28   0  35   0   0   0   1   1  41   0   0  27   0   0   0   0   0   3  21   0   0  16  
55   0   0   0   0   0   0   0   0   0   0   0   0   0   1   6   0   0   0  44   5   0   0   0   0   0   0   2   0   0   0   0  38   2   1  43  33   0  19   0   0   0   0   0   0  27   0   0   1   0   0   0   0   0   0   0   0   0   0   0  27   0   0  10   0   0   0   0  49   0   0   0   0   0   0   0   0  83  76   0  
 0  71   1   1  80   0   0   0   0   0   0   0  83   0   0   0   0   0   0   0   0   0   0   0   0   0   0   0   0   0   3  49   0   0   0   0   0   1   0   0  88   0   0   0  12   0  32   0   0   6   0   0   0   0   0   0   0   0   0   0   0   0   0   0   0   0   0  29   0   0   0  63   0  72   0   0   0   0   0   0  
 0   0   0   0   0   0  26   0   0   0   0   0   0   0   0   0   0   0  33   6   0   0   0   0   0   0   0   0   0   0   0   0  98   0   0   0   0   0  18   0   0   1   0  87   0   0   0   0   0   0   0   0   0   0   4   0   1   1   0  32   0   6   0   0   0   0   0   0   0   0   0  14  14   0   1   0   0   4  62   0  
19   0   0   0   0   0   0   0   0   0   0   0   0   0   0  54   0   0   0   0   1   0   0   0  67   0   0   0   0   0   0   0   1  32   3  93   1   0   1   0   0   0   0   0   0  29   0   0  46   0   0   0   0   0   0   0   0   0   0   0   0   0   0   1   0   0   0   0  56   0   0   0   0   0   0   0   0  20   3   0  
 0   0   0   5   0   1   0   1   1   0   1   9   0  16   0   0   0   0   0   0   0   2   6  87   0   0   0   0   0   8   0   1   0   0   0   0   0   0   0  39   0   0  49   0   0   0   0  73   0   0   8   1  65  21   0  79   0   0  54   0   0   0  12   0   8  11  21   0   0  30  51   0   0   0   0  25   5   0   0  13  
 1   0   0   0   0  11   0   0   1   0  60   1   0  24  23   0  26   1   0   0   0  53   0  17   0   0   0   0   1   0   0   0   0   0   0   0   0   0   0   1   0   0   5   0   0  17   0   0   0   0  79  70  26  11   0  11   0   0  27   0  28   0   0   4  54  39  84   0   4   1   1   0   0   0   0   5   7   0   0  37  
 0   0  10  90  36   0   0   0   0   0   0   0  90   0   0   0   0   0   0   0   0   0   0   0   0   1   0   0   0   0   0   1   0   0   0   0   0  43   0   0   1   0   0   0  14   0   8   0   0   1   0   0   0   0   0   0   0   0   0   0   0  13   0   0   0   0   0  31   0   0  23   8   0   5   7   0   0   0   0   0  
 0   0  63   1   1  61   0   0  75   0   0   1   2   0   0   0   0   0   0   0   0   0   1   0   0  96   0   0   2   0  44   0   0   0   0   0   0   3   0  99  35   0   0   0  41   0   1   1   0   0   0  13   0   1   0  31   0   0   0   0   0   0  10   0   0   1   0  70   0  24  15   0   0  51   0  89   6   0   0   0  
 0   0   0   0   0   0   4   0   0   0   0   1   0  50  97   1   0   0   1  41  10   0   0   0   7   0  13   1   0   0   0   0   0   1   8   1  36   0  36   0   0   0   0   4   0   3   0   0   6   0   0  15   0   0   0   0  25   0   0  18  98   1   0   1   0   4   0   0   0   3   0   0   0   0   5   0   0  63   6   0  
 0   0   0   0   0   0   0   0   0   0   0   0   0   0   0   1   0   0   0  13   1   0   0   0  26   0   0  97   0   0   0   0  92   0  17   8  98   0   3   0   0   0   0   0   0   0   0   0  64   0   0   0   0   0   0   0   0   0   0   0   0   0   0   1   0   0   0   0   0   0   0   0   0   0   0   0   0  50   1   0  
 0   0   0   0   0   0   0   0   0   0   0   0   0   0   0   1   0   0   0  36   1   0   0   0   4   0   0  99   0   0   0   0  92  28   0   1   0   0   8   0   0   0   0   0   0   0   0   0  10   0   0   0   0   0   0   0   0   0   0   0   0   0   0  31   0   0   0   0   0   0   0   0   0   0   0   0   0  29   2   0  
 0   0   0   0   0   0   0   0   0   0   0   0   0   0  55   4   0   0   0  23   1   0   0   0   1   0   0   1   0   0   0   0  43   1  52   0  49   0   1   0   0   0   0  48   0   0   0   0   1   0   0   0   0   0   0   0   0   0   0   0   0   0   0  96   0   0   0   0   0   0   0   0   0   0   0   0   0  45  13   0  
20   0   0   0   0   0   0   0   0   0   0   0   0  29  13  97  56   0   0   0  25   0   0   0   1   0   0  58   0   0   0   0   1  36   0  20   0   0   0   0   0   0   0   0   0  60   0   0  35   0   0   0  21   0   0   0   0   0   0   0  55   0   0  11   1   0   7   0  55   0   0   0   0   0   0   0   0   0   0   0  
 0   0  60   1  82   0   1   0   0   0   0  20  15   0   0   0   0   0   1   0   0   0   0   0   0  58   0   0   0   0   1  41   0   0   0   0   0   0   0   0   1   0   0   0   1   0  12   0   0   7   0   0   0   0   0   0   0   0   0   1   0   6   0   0   0   0   0   1   0   1   1   5   0   5  27  30   0   0   0   0  
 0   0   0   0   0   0   5   0   0   0   0   0   0   0  13   1   0   0  95   2  37   0   0   0  34   0  25  16   0   0   0   0  54  17  84   1   0   0   0   0   0   0   0  10   0   0   0   0   3   0   0   0   0   0  17   0  32   0   0   2   0   2   0   1   0   0   0   0   0   0   0   0   0   0   0   0   0  66  85   0  
 0   0   0   0   0  32   0   4   1   0  82   0   0   0   0   0   0   0   0   0   0  96  15  28   0   0   0   0   3   3   0  56   0   0   0   0   0   0   0   0   0   0   9   0   0   0   0   6   0   0   8   0   0  10   0   6   0   0  29   0   0   0  32   0   0   0   0   0   0   0   0   0   0   0   0  88  42   0   0  85  
 0   0  10   3  48   0  25   0   0   0   0   1   1   0   0   0   0   0  31   0   0   0   0   0   0   9   0   0   0   0  67  13   0   0   0   0   0  17   0   0   0   0   0   0   4   0   4   0   0   6   0   0   0   0   0   0   0   0   0   1   0  92   0   0   0   0   0   1   0  27   1  28   0   4   1  45   0   0   0   0  
 0   0   0   0   0   0  24   0   0   0   0   0   0   0   0   0   0   0   0   0   0   0   0   0   0   0  24   0   0   0   0   0   0   0   0   0   0   0   0   0   0   0   0   0   0   0   0   0   0   0   0   0   0   0   9   0   7  61   0   0   0   0   0   0   0   0   0   0   0   0   0  13   3   0  53   0   0   0   0   0  
 0   0   0   0   0   1   0  10   0   1  83   0   0   0   0   0   0  11   0   0   0  96   1   4   0   0   0   0  18   7   0   0   0   0   0   0   0   0   0   1   0   0   0   0   0   0   0  39   0   0  44   0   0   1   0   1   0   0  13   0   0   0   0   0   0   0  90   0   0   0   0   0   0   0   0  24   1   0   0   1  
 0   0   0   0   0   0  73   0   0   0   0   1   0   0  52   0   0   0  17  64  91   0   0   0   0   0   1   0   0   0   0   0   1   0   0  62   0   0  93   0   0   0   0   0   0   1   0   0  10   0   0  92   0   0   0   0  46   0   0  13   3  19   0  37   0   8   0   0   0   8   0   0   0   0   1   0   0  17  89   0  
 0   0  75   1   1   0   5   0   0   0   0   0   1   0   0   0   0   0   8   0   0   0   0   0   0   7   0   0   0   0  15   2   0   0   0   0   0  54   0   0  66   0   0   0   0   0   1   0   0   1   0   0   0   0   0   0   0   0   0   0   0  31   0   0   0   0   0   1   0   0  35  57   0  99   1   0   0   0   0   0  
 1   0   0   0   0   0   0   0   2   0   0  20   0   3   1   0   2   0   0   1   1   0   0  49  20   0   0  49   0  13   0   0  53   0   0   0  23   0   0   0   0   0   0  72   0   0   0   0  57   0   0   2   1   0   0   0   0   0   0   9   1   0   0  21   2  68  92   0   2  67   0   0   0   0   0   0   0  68   0   0  
 0   0   0   5   6   0  68   0   0   0   0   0   5   0   0   0   0   0  18   0   0   0   0   0   0   1   0   0   0   0   1  85   0   0   0   0   0   4   0   0   1   0   0   0  61   0   0   0   0   7   0   0   0   0   0   0   0   1   0   0   0   2   0   0   0   0   0  50   0   0  37   1   0   1   2   0   0   0   0   0  
 0   0   1   1   0   1   0   0   4   0   0   0   0   0   0   0   0   0   0   0   0   0  47  86   0   0   0   0  26   0   0  59   0   0   0   0   0   0   0   1   0   0   1   0   0   0   0   0   0   0  54   0   0   1   0  50   0   0   0   0   0   0   1   0   0   0   0   0   0   0  58   0   0   0   0   1   8   0   0  13  
63   0   0   0   0   0   0   0   0   0   0   0   0   1  59  44   1   0   0   1   1   0   0   0  13   0   0   7   0   0   0   0   1   4   1  53  62   0  54   0   0   0   0  50   0  90   0   0   0   0   0   0   0   0   0   0   0   0   0  60   1   0   0  27   8   0   0   0   1   0   0   0   0   0   0   0   0  24   2   0  
 0   0   0   0  32   0   4   0   0   0   0   0  83   0   0   0   0   0   0   0   0   0   0   0   0  63   0   0   0   0   1   0   0   0   0   0   0  93   0   0  48   0   0   0  12   0  37   0   0   0   0   0   0   0   0   0   0  36   0   0   0   1   0   0   0   0   0  18   0   0   0  56   0  27   1   0   0   0   0   0  
 0   0   0   0   0  16   0   1  73  97  33   0   0  72   0   0  42   6   0   0   0   8   1   1   0   0   0   0  30   2   0   0   0   0   0   0   0   0   0   1   0   0   1   0   0   0   0  28   0   0   0  70   8  71   0  10   0   0   1   0   0   0   0   0  31  54   1   0   0   0   0   0   0   0   0  64  17   0   0   6  
 0   0   0   0   0   9   0   0   1   0   0  26   0   1   3   0  15   0   8  97  14   0   0  50   0   0   0   0   1  91   0   1  59   0   0   0   0   0   0   0   0   0   0  94   0   3   0   0   0   0  16   0  47   1   0   9   0   0  15   1  35   2   0  20   2  42   3   0   0  99   9   0   0   0   0  18   0   0   0   0  
11   0   0   0   0   1   0   0  10   0  16   1   0   1  55   0  48  43   0   0   0   9   0   1   0   0   0   0  40   9   0   0   0   0   0   0  17   0   0   0   0   0   0   0   0  57   0   0   0   0   9  14   0  61   0  42   0   0   1   0   6   0   0  80  27   1   6   0   2  79   0   0   0   0   0   1   0   0   0   1  
 0   0   0  30   0  47   0  10  80   0  18  14   0   1   0   0  41   0   0   0   0   1  60   1   0   0   0   0  16   9   0  52   0   0   0   0   0   0   0  14   0   0  20   0   0   0   0  11   0   0  18  21  13   0   0  45   0   0   1   0   1   0  14   0  12   1   1   0   0   1   5   0   0   0   0  14  26   0   0   3  
 0   0   0   0   0   0  22   0   0   0   0   0   0   0   0   0   0   0  38   0   0   0   0   0   0   0  26   0   0   0   0   0   0   0   0   0   0   0   1   0   0   1   0   0   0   0   0   0   0   0   0   0   0   0   0   0  12  10   0   0   0  83   0   0   0   0   0   0   0   0   0  56  40   0  91   0   0   0   0   0  
 0   0   0   0   0   2   0   1   1  24   1  12   0  30   0   0  17  55   0   0   0  65   1  92   0   0   0   0  24   1   0  54   0   0   0   0   0   0   0  17   0   0  50   0   0   0   0   1   0   0  87  72   1  20   0   0   0   0  31   0   0   0  97   0   1  14  29   0   0   3  19   0   0   0   0   9   1   0   0   1  
 0   0   0   0   0   0   1   0   0   0   0   0   0   0   0   0   0   0  17   1   0   0   0   0   0   0  89   0   0   0   0   0   1   0   0   0   0   0   1   0   0   1   0   1   0   0   0   0   0   0   0   0   0   0   1   0   0   1   0   1   0   2   0   0   0   0   0   0   0   0   0   0   1   0  11   0   0  34   1   0  
 0   0   0   0   0   0   1   0   0   0   0   0   0   0   0   0   0   0  45   0   0   0   0   0   0   0  10   0   0   0   0   0   0   0   0   0   0   0   0   0   0  15   0   0   0   0  48   0   0  26   0   0   0   0  44   0   1   0   0   0   0   1   0   0   0   0   0   0   0   0   0  58   4   0  37   0   0   0   0   0  
 0   0   0   0   0   3   0  30  15  98   1   0   0  57   0   0  24  34   0   0   0   1   0  57   0   0   0   0  28   1   0   0   0   0   0   0   0   0   0   6   0   0   1   0   0   0   0   0   0   0   1  34   1   4   0   1   0   0   0   0   3   0   0   0   2  56  84   0   0   0   0   0   0   0   0   0  27   0   0  89  
 0   0   0   0   0   0  40   0   4   0   0   1   0  20  48   0   0   0  83  31  67   0   0   0   0   0  28   0   0   0   0   0  15   0   0   0   0   1  61   0  58   0   0   1   0  57   0   0  40   0   0  88   0   0   0   0  69   0   0   0   6   8   0  75   0  25   0   0   0   1  12   0   0   0  22   0   0   9  45   0  
21   0   0   0   0  27   0   0  23   0   0  14   0  37  85   0  18   0   0   1   9   0   0  48  48   0   0   0   0  48   0   0   1   0   0   0  12   0   0   0   0   0   0  39   0   5   0   0   4   0   0   1   6  36   0   0   0   0   1   1   0   0   0  47  97  14  28   0   1  25   0   0   0   0   0   0   0  39   0   0  
 0   0   0   0   0   0  14   0   0   0   0  80   0   0  20   0   0   0   8  33   0   0   0   0   0   0  40   0   0   0  37   0  94   0   0   0   0  27  12   0  96   0   0  50  47   0   4   0   0   1   0  98   0   0  22   0  36  89   0  58   0   0   0   0   0   1   0   8   0   1  17  92   0   0   1   0   0   1   0   0  
 0  10   1  49   1  72   0   0   0   0   0   0   0   0   0   0   0   0   0   0   0   0  93   0   0   0   0   0   1   0   0  15   0   0   0   0   0   0   0  15   0   0   0   0   0   0   0  19   0   0   0   0   0  70   0   1   0   0   0   0   0   0   0   0   0   0   0   0   0   0   4   0   0   1   0   1  42   0   0   0  
 1   0   0   0   0   0   0   0   0   0   0   0   0   1  21   4  29   0   0   1  27   0   0   0  92   0   0   6   0   5   0   0  83   1  15   1   1   0   1   0   0   0   0   6   0  15   0   0   1   0   0  36   2   0   0   0   0   0   0   1   1   0   0   0   3  51   2   0  40   6   0   0   0   0   0   0   0  74   0   0  
 1   0   0   0   0   1   0   0  45   0   0  88   0   1   1   0  10   1   0   0   1   9   0  32   0   0   0   0  28  15   0   0   0   0   0   0   8   0   0   0   0   0   0   0   0   1   0   0  44   0  86   1   1   1   0  11   0   0  13   0  52   0   0   9   0   4   3   0  41   1   0   0   0   0   0   0   0   0   0   0  
 0   0   0   0   0  51   0   0  79   0   0  69   0  35   1   0   4   0  27   1  20   0   0   3   0   0   0   0  67   4   0  87  37   0   0   0   0   0   0   0   0   0   0   1   0  13   0   0   0   0   1   1   1   1   0  71   0   0   1  50  22  44   0   5  94   0  47   0   0  46  48   0   0   0   0   1   0   0   0   0  
11   0   0   0   0  40   0  68  14  24   3  26   0   1   2   0   1  18   0   0   0  98   0  88   0   0   0   0   1  52   0   0   0   0   0   0  19   0   0   0   0   0   7   0   0  83   0   0   0   0  82  46   6   1   0  76   0   0  75   0  35   0   0   1   1   1   0   0  23   7   0   0   0   0   0   1   1   0   0  31  
 0   0  38   1  29   0  21   0   0   0   0   0  57   0   0   0   0   0   0   0   0   0   0   0   0   8   0   0   0   0  30  38   0   0   0   0   0  30   0   0  27   0   0   0   2   0  18   0   0   1   0   0   0   0   0   0   0   0   0   0   0  81   0   0   0   0   0   0   0   0  69  26   0  34  20   1   0   0   0   0  
24   0   0   0   0   0   0   0   0   0   0   0   0  94   1   0   1   0   0   0   1   0   0   0  45   0   0  56   0   1   0   0   0   0   0   0   1   0   0   0   0   0   0   0   0  36   0   0  23   0   0   0   1   0   0   0   0   0   0   0   6   0   0  38  45   0   3   0   0   0   0   0   0   0   0   0   0   0   0   0  
 0   0   0   0   0   9  11   0   1   0   0   1   0  27  11   0   1   0  43   9  25   0   0   2   0   0   0   0   1   4   0   8  10   0   0   0   0  78   0   0   1   0   0   9   0  51   0   0   0   0   0   1   7  84   0  46   0   0   0   4  55  93   0  37   1  93   9   0   0   0   1   0   0   0  43  44   0   0   0   0  
 0   0   5   1   0   1   0   0   1   0   0   3  84   0   0   0   0   0   0   0   0   0   0   0   0   0   0   0   1   1   1   1   0   0   0   0   0   1   0   0  68   0   0   0  23   0  49  26   0   0   0  50   0  52   0   1   0   0   0   1   0   5   1   0   0  58   0   1   0  18   0   0   0  65   0  11  46   0   0   0  
 0   0   0   0   0   0  21   0   0   0   0   0   1   0   0   0   0   0   2   0   0   0   0   0   0   2   1   0   0   0  13   0   0   0   0   0   0  71   0   0   1  22   0   0   1   0   1   0   0  60   0   0   0   0   1   0   0   5   0   0   0  89   0   0   0   0   0   1   0   0   0   0   1   0   1   0   0   0   0   0  
 0   0   0   0   0   0  58   0   0   0   0   0   0   0   0   0   0   0   0   0   0   0   0   0   0   0  89   0   0   0   0   0   0   0   0   0   0   0   0   0   0  79   0   0   0   0   0   0   0   0   0   0   0   0  99   0  15  39   0   0   0   0   0   0   0   0   0   0   0   0   0   1   0   0  31   0   0   0   0   0  
 0   1  70  48  63   0   0   0   0   0   0   0   7   0   0   0   0   0   0   0   0   0   0   0   0  20   0   0   0   0  21  93   0   0   0   0   0   7   0   0  57   0   0   0  60   0   1   0   0   1   0   0   0   0   0   0   0   0   0   0   0   0   1   0   0   0   0   1   0   0  50   0   0   0   0   0   0   0   0   0  
 0   0   0   0   0   0   5   0   0   0   0   0   0   0   0   0   0   0   4  81   0   0   0   0   0   0  87   0   0   0   1   0   1   0   0   0   0  19   0   0  26  70   0  41  12   0  63   0   0   1   0   0   0   0  32   0   1  94   0  41   0  38   0   0   0   0   0  26   0   1   0  39  70   0   0   0   0   1   0   0  
 0   0   1  85   0  83   0   0  25   0   0  15   0   1   0   0   0   0   0   0   0   0   1   1   0   0   0   0   1   1   0  50   0   0   0   0   0   1   0   4  41   0   3   0   0   0   0   9   0   0   1  79  89   1   0   1   0   0   0   0   0   0  54   0   0  13  80  11   0   1  17   0   0   0   0   0  33   0   0  60  
 0   0   0   0   0  27   0   5  36  48   1   0   0   0   0   0   0   0   0   0   0   6  85   6   0   0   0   0  73  43   0  16   0   0   0   0   0   0   0   9   0   0   1   0   0   0   0  66   0   0  90   0   0  89   0  29   0   0   1   0   0   0   5   0   0   0   1   0   0   0  27   0   0   0   0  42   0   0   0  43  
 0   0   0   0   0   0   1   0   0   0   0   0   0   0   1  94   0   0   1   4  28   0   0   0   1   0   2  98   0   0   0   0  31  25   1  12   0   0   3   0   0   0   0   1   0  43   0   0  68   0   0   0   0   0   0   0  38   0   0  21   1  38   0  93   0   0   0   0   0   0   0   0   0   0  15   0   0   0  22   0  
 0   0   0   0   0   0   0   0   0   0   0   0   0   0   0   3   0   0   2  10  15   0   0   0   1   0  95  32   0   0   0   0  53   2   2   1   0   0  86   0   0   0   0  20   0   0   0   0  37   0   0   0   0   0   0   0  20   0   0   4   0   0   0   0   0   0   0   0   0   0   0   0   0   0   0   0   0   1   0   0  
 0   0   0   0   0   1   0  60   3  10  40   0   0   0   0   0   0  52   0   0   0   1  32   1   0   0   0   0   1  25   0   0   0   0   0   0   0   0   0   8   0   0   1   0   0   0   0  16   0   0  76   0   1  81   0  72   0   0  87   0   0   0   0   0   0   0  45   0   0   0   0   0   0   0   0   4   1   0   0   0  
