80

 0   1   2   3   4   5   6   7   8   9   1   2   3   4   5   6   7   8   9  10   2   3   4   5   6   7   8   9  10  11   3   4   5   6   7   8   9  10  11  12   4   5   6   7   8   9  10  11  12  13   5   6   7   8   9  10  11  12  13  14   6   7   8   9  10  11  12  13  14  15   7   8   9  10  11  12  13  14  15  16  
 1   0   1   2   3   4   5   6   7   8   2   1   2   3   4   5   6   7   8   9   3   2   3   4   5   6   7   8   9  10   4   3   4   5   6   7   8   9  10  11   5   4   5   6   7   8   9  10  11  12   6   5   6   7   8   9  10  11  12  13   7   6   7   8   9  10  11  12  13  14   8   7   8   9  10  11  12  13  14  15  
 2   1   0   1   2   3   4   5   6   7   3   2   1   2   3   4   5   6   7   8   4   3   2   3   4   5   6   7   8   9   5   4   3   4   5   6   7   8   9  10   6   5   4   5   6   7   8   9  10  11   7   6   5   6   7   8   9  10  11  12   8   7   6   7   8   9  10  11  12  13   9   8   7   8   9  10  11  12  13  14  
 3   2   1   0   1   2   3   4   5   6   4   3   2   1   2   3   4   5   6   7   5   4   3   2   3   4   5   6   7   8   6   5   4   3   4   5   6   7   8   9   7   6   5   4   5   6   7   8   9  10   8   7   6   5   6   7   8   9  10  11   9   8   7   6   7   8   9  10  11  12  10   9   8   7   8   9  10  11  12  13  
 4   3   2   1   0   1   2   3   4   5   5   4   3   2   1   2   3   4   5   6   6   5   4   3   2   3   4   5   6   7   7   6   5   4   3   4   5   6   7   8   8   7   6   5   4   5   6   7   8   9   9   8   7   6   5   6   7   8   9  10  10   9   8   7   6   7   8   9  10  11  11  10   9   8   7   8   9  10  11  12  
 5   4   3   2   1   0   1   2   3   4   6   5   4   3   2   1   2   3   4   5   7   6   5   4   3   2   3   4   5   6   8   7   6   5   4   3   4   5   6   7   9   8   7   6   5   4   5   6   7   8  10   9   8   7   6   5   6   7   8   9  11  10   9   8   7   6   7   8   9  10  12  11  10   9   8   7   8   9  10  11  
 6   5   4   3   2   1   0   1   2   3   7   6   5   4   3   2   1   2   3   4   8   7   6   5   4   3   2   3   4   5   9   8   7   6   5   4   3   4   5   6  10   9   8   7   6   5   4   5   6   7  11  10   9   8   7   6   5   6   7   8  12  11  10   9   8   7   6   7   8   9  13  12  11  10   9   8   7   8   9  10  
 7   6   5   4   3   2   1   0   1   2   8   7   6   5   4   3   2   1   2   3   9   8   7   6   5   4   3   2   3   4  10   9   8   7   6   5   4   3   4   5  11  10   9   8   7   6   5   4   5   6  12  11  10   9   8   7   6   5   6   7  13  12  11  10   9   8   7   6   7   8  14  13  12  11  10   9   8   7   8   9  
 8   7   6   5   4   3   2   1   0   1   9   8   7   6   5   4   3   2   1   2  10   9   8   7   6   5   4   3   2   3  11  10   9   8   7   6   5   4   3   4  12  11  10   9   8   7   6   5   4   5  13  12  11  10   9   8   7   6   5   6  14  13  12  11  10   9   8   7   6   7  15  14  13  12  11  10   9   8   7   8  
 9   8   7   6   5   4   3   2   1   0  10   9   8   7   6   5   4   3   2   1  11  10   9   8   7   6   5   4   3   2  12  11  10   9   8   7   6   5   4   3  13  12  11  10   9   8   7   6   5   4  14  13  12  11  10   9   8   7   6   5  15  14  13  12  11  10   9   8   7   6  16  15  14  13  12  11  10   9   8   7  
 1   2   3   4   5   6   7   8   9  10   0   1   2   3   4   5   6   7   8   9   1   2   3   4   5   6   7   8   9  10   2   3   4   5   6   7   8   9  10  11   3   4   5   6   7   8   9  10  11  12   4   5   6   7   8   9  10  11  12  13   5   6   7   8   9  10  11  12  13  14   6   7   8   9  10  11  12  13  14  15  
 2   1   2   3   4   5   6   7   8   9   1   0   1   2   3   4   5   6   7   8   2   1   2   3   4   5   6   7   8   9   3   2   3   4   5   6   7   8   9  10   4   3   4   5   6   7   8   9  10  11   5   4   5   6   7   8   9  10  11  12   6   5   6   7   8   9  10  11  12  13   7   6   7   8   9  10  11  12  13  14  
 3   2   1   2   3   4   5   6   7   8   2   1   0   1   2   3   4   5   6   7   3   2   1   2   3   4   5   6   7   8   4   3   2   3   4   5   6   7   8   9   5   4   3   4   5   6   7   8   9  10   6   5   4   5   6   7   8   9  10  11   7   6   5   6   7   8   9  10  11  12   8   7   6   7   8   9  10  11  12  13  
 4   3   2   1   2   3   4   5   6   7   3   2   1   0   1   2   3   4   5   6   4   3   2   1   2   3   4   5   6   7   5   4   3   2   3   4   5   6   7   8   6   5   4   3   4   5   6   7   8   9   7   6   5   4   5   6   7   8   9  10   8   7   6   5   6   7   8   9  10  11   9   8   7   6   7   8   9  10  11  12  
 5   4   3   2   1   2   3   4   5   6   4   3   2   1   0   1   2   3   4   5   5   4   3   2   1   2   3   4   5   6   6   5   4   3   2   3   4   5   6   7   7   6   5   4   3   4   5   6   7   8   8   7   6   5   4   5   6   7   8   9   9   8   7   6   5   6   7   8   9  10  10   9   8   7   6   7   8   9  10  11  
 6   5   4   3   2   1   2   3   4   5   5   4   3   2   1   0   1   2   3   4   6   5   4   3   2   1   2   3   4   5   7   6   5   4   3   2   3   4   5   6   8   7   6   5   4   3   4   5   6   7   9   8   7   6   5   4   5   6   7   8  10   9   8   7   6   5   6   7   8   9  11  10   9   8   7   6   7   8   9  10  
 7   6   5   4   3   2   1   2   3   4   6   5   4   3   2   1   0   1   2   3   7   6   5   4   3   2   1   2   3   4   8   7   6   5   4   3   2   3   4   5   9   8   7   6   5   4   3   4   5   6  10   9   8   7   6   5   4   5   6   7  11  10   9   8   7   6   5   6   7   8  12  11  10   9   8   7   6   7   8   9  
 8   7   6   5   4   3   2   1   2   3   7   6   5   4   3   2   1   0   1   2   8   7   6   5   4   3   2   1   2   3   9   8   7   6   5   4   3   2   3   4  10   9   8   7   6   5   4   3   4   5  11  10   9   8   7   6   5   4   5   6  12  11  10   9   8   7   6   5   6   7  13  12  11  10   9   8   7   6   7   8  
 9   8   7   6   5   4   3   2   1   2   8   7   6   5   4   3   2   1   0   1   9   8   7   6   5   4   3   2   1   2  10   9   8   7   6   5   4   3   2   3  11  10   9   8   7   6   5   4   3   4  12  11  10   9   8   7   6   5   4   5  13  12  11  10   9   8   7   6   5   6  14  13  12  11  10   9   8   7   6   7  
10   9   8   7   6   5   4   3   2   1   9   8   7   6   5   4   3   2   1   0  10   9   8   7   6   5   4   3   2   1  11  10   9   8   7   6   5   4   3   2  12  11  10   9   8   7   6   5   4   3  13  12  11  10   9   8   7   6   5   4  14  13  12  11  10   9   8   7   6   5  15  14  13  12  11  10   9   8   7   6  
 2   3   4   5   6   7   8   9  10  11   1   2   3   4   5   6   7   8   9  10   0   1   2   3   4   5   6   7   8   9   1   2   3   4   5   6   7   8   9  10   2   3   4   5   6   7   8   9  10  11   3   4   5   6   7   8   9  10  11  12   4   5   6   7   8   9  10  11  12  13   5   6   7   8   9  10  11  12  13  14  
 3   2   3   4   5   6   7   8   9  10   2   1   2   3   4   5   6   7   8   9   1   0   1   2   3   4   5   6   7   8   2   1   2   3   4   5   6   7   8   9   3   2   3   4   5   6   7   8   9  10   4   3   4   5   6   7   8   9  10  11   5   4   5   6   7   8   9  10  11  12   6   5   6   7   8   9  10  11  12  13  
 4   3   2   3   4   5   6   7   8   9   3   2   1   2   3   4   5   6   7   8   2   1   0   1   2   3   4   5   6   7   3   2   1   2   3   4   5   6   7   8   4   3   2   3   4   5   6   7   8   9   5   4   3   4   5   6   7   8   9  10   6   5   4   5   6   7   8   9  10  11   7   6   5   6   7   8   9  10  11  12  
 5   4   3   2   3   4   5   6   7   8   4   3   2   1   2   3   4   5   6   7   3   2   1   0   1   2   3   4   5   6   4   3   2   1   2   3   4   5   6   7   5   4   3   2   3   4   5   6   7   8   6   5   4   3   4   5   6   7   8   9   7   6   5   4   5   6   7   8   9  10   8   7   6   5   6   7   8   9  10  11  
 6   5   4   3   2   3   4   5   6   7   5   4   3   2   1   2   3   4   5   6   4   3   2   1   0   1   2   3   4   5   5   4   3   2   1   2   3   4   5   6   6   5   4   3   2   3   4   5   6   7   7   6   5   4   3   4   5   6   7   8   8   7   6   5   4   5   6   7   8   9   9   8   7   6   5   6   7   8   9  10  
 7   6   5   4   3   2   3   4   5   6   6   5   4   3   2   1   2   3   4   5   5   4   3   2   1   0   1   2   3   4   6   5   4   3   2   1   2   3   4   5   7   6   5   4   3   2   3   4   5   6   8   7   6   5   4   3   4   5   6   7   9   8   7   6   5   4   5   6   7   8  10   9   8   7   6   5   6   7   8   9  
 8   7   6   5   4   3   2   3   4   5   7   6   5   4   3   2   1   2   3   4   6   5   4   3   2   1   0   1   2   3   7   6   5   4   3   2   1   2   3   4   8   7   6   5   4   3   2   3   4   5   9   8   7   6   5   4   3   4   5   6  10   9   8   7   6   5   4   5   6   7  11  10   9   8   7   6   5   6   7   8  
 9   8   7   6   5   4   3   2   3   4   8   7   6   5   4   3   2   1   2   3   7   6   5   4   3   2   1   0   1   2   8   7   6   5   4   3   2   1   2   3   9   8   7   6   5   4   3   2   3   4  10   9   8   7   6   5   4   3   4   5  11  10   9   8   7   6   5   4   5   6  12  11  10   9   8   7   6   5   6   7  
10   9   8   7   6   5   4   3   2   3   9   8   7   6   5   4   3   2   1   2   8   7   6   5   4   3   2   1   0   1   9   8   7   6   5   4   3   2   1   2  10   9   8   7   6   5   4   3   2   3  11  10   9   8   7   6   5   4   3   4  12  11  10   9   8   7   6   5   4   5  13  12  11  10   9   8   7   6   5   6  
11  10   9   8   7   6   5   4   3   2  10   9   8   7   6   5   4   3   2   1   9   8   7   6   5   4   3   2   1   0  10   9   8   7   6   5   4   3   2   1  11  10   9   8   7   6   5   4   3   2  12  11  10   9   8   7   6   5   4   3  13  12  11  10   9   8   7   6   5   4  14  13  12  11  10   9   8   7   6   5  
 3   4   5   6   7   8   9  10  11  12   2   3   4   5   6   7   8   9  10  11   1   2   3   4   5   6   7   8   9  10   0   1   2   3   4   5   6   7   8   9   1   2   3   4   5   6   7   8   9  10   2   3   4   5   6   7   8   9  10  11   3   4   5   6   7   8   9  10  11  12   4   5   6   7   8   9  10  11  12  13  
 4   3   4   5   6   7   8   9  10  11   3   2   3   4   5   6   7   8   9  10   2   1   2   3   4   5   6   7   8   9   1   0   1   2   3   4   5   6   7   8   2   1   2   3   4   5   6   7   8   9   3   2   3   4   5   6   7   8   9  10   4   3   4   5   6   7   8   9  10  11   5   4   5   6   7   8   9  10  11  12  
 5   4   3   4   5   6   7   8   9  10   4   3   2   3   4   5   6   7   8   9   3   2   1   2   3   4   5   6   7   8   2   1   0   1   2   3   4   5   6   7   3   2   1   2   3   4   5   6   7   8   4   3   2   3   4   5   6   7   8   9   5   4   3   4   5   6   7   8   9  10   6   5   4   5   6   7   8   9  10  11  
 6   5   4   3   4   5   6   7   8   9   5   4   3   2   3   4   5   6   7   8   4   3   2   1   2   3   4   5   6   7   3   2   1   0   1   2   3   4   5   6   4   3   2   1   2   3   4   5   6   7   5   4   3   2   3   4   5   6   7   8   6   5   4   3   4   5   6   7   8   9   7   6   5   4   5   6   7   8   9  10  
 7   6   5   4   3   4   5   6   7   8   6   5   4   3   2   3   4   5   6   7   5   4   3   2   1   2   3   4   5   6   4   3   2   1   0   1   2   3   4   5   5   4   3   2   1   2   3   4   5   6   6   5   4   3   2   3   4   5   6   7   7   6   5   4   3   4   5   6   7   8   8   7   6   5   4   5   6   7   8   9  
 8   7   6   5   4   3   4   5   6   7   7   6   5   4   3   2   3   4   5   6   6   5   4   3   2   1   2   3   4   5   5   4   3   2   1   0   1   2   3   4   6   5   4   3   2   1   2   3   4   5   7   6   5   4   3   2   3   4   5   6   8   7   6   5   4   3   4   5   6   7   9   8   7   6   5   4   5   6   7   8  
 9   8   7   6   5   4   3   4   5   6   8   7   6   5   4   3   2   3   4   5   7   6   5   4   3   2   1   2   3   4   6   5   4   3   2   1   0   1   2   3   7   6   5   4   3   2   1   2   3   4   8   7   6   5   4   3   2   3   4   5   9   8   7   6   5   4   3   4   5   6  10   9   8   7   6   5   4   5   6   7  
10   9   8   7   6   5   4   3   4   5   9   8   7   6   5   4   3   2   3   4   8   7   6   5   4   3   2   1   2   3   7   6   5   4   3   2   1   0   1   2   8   7   6   5   4   3   2   1   2   3   9   8   7   6   5   4   3   2   3   4  10   9   8   7   6   5   4   3   4   5  11  10   9   8   7   6   5   4   5   6  
11  10   9   8   7   6   5   4   3   4  10   9   8   7   6   5   4   3   2   3   9   8   7   6   5   4   3   2   1   2   8   7   6   5   4   3   2   1   0   1   9   8   7   6   5   4   3   2   1   2  10   9   8   7   6   5   4   3   2   3  11  10   9   8   7   6   5   4   3   4  12  11  10   9   8   7   6   5   4   5  
12  11  10   9   8   7   6   5   4   3  11  10   9   8   7   6   5   4   3   2  10   9   8   7   6   5   4   3   2   1   9   8   7   6   5   4   3   2   1   0  10   9   8   7   6   5   4   3   2   1  11  10   9   8   7   6   5   4   3   2  12  11  10   9   8   7   6   5   4   3  13  12  11  10   9   8   7   6   5   4  
 4   5   6   7   8   9  10  11  12  13   3   4   5   6   7   8   9  10  11  12   2   3   4   5   6   7   8   9  10  11   1   2   3   4   5   6   7   8   9  10   0   1   2   3   4   5   6   7   8   9   1   2   3   4   5   6   7   8   9  10   2   3   4   5   6   7   8   9  10  11   3   4   5   6   7   8   9  10  11  12  
 5   4   5   6   7   8   9  10  11  12   4   3   4   5   6   7   8   9  10  11   3   2   3   4   5   6   7   8   9  10   2   1   2   3   4   5   6   7   8   9   1   0   1   2   3   4   5   6   7   8   2   1   2   3   4   5   6   7   8   9   3   2   3   4   5   6   7   8   9  10   4   3   4   5   6   7   8   9  10  11  
 6   5   4   5   6   7   8   9  10  11   5   4   3   4   5   6   7   8   9  10   4   3   2   3   4   5   6   7   8   9   3   2   1   2   3   4   5   6   7   8   2   1   0   1   2   3   4   5   6   7   3   2   1   2   3   4   5   6   7   8   4   3   2   3   4   5   6   7   8   9   5   4   3   4   5   6   7   8   9  10  
 7   6   5   4   5   6   7   8   9  10   6   5   4   3   4   5   6   7   8   9   5   4   3   2   3   4   5   6   7   8   4   3   2   1   2   3   4   5   6   7   3   2   1   0   1   2   3   4   5   6   4   3   2   1   2   3   4   5   6   7   5   4   3   2   3   4   5   6   7   8   6   5   4   3   4   5   6   7   8   9  
 8   7   6   5   4   5   6   7   8   9   7   6   5   4   3   4   5   6   7   8   6   5   4   3   2   3   4   5   6   7   5   4   3   2   1   2   3   4   5   6   4   3   2   1   0   1   2   3   4   5   5   4   3   2   1   2   3   4   5   6   6   5   4   3   2   3   4   5   6   7   7   6   5   4   3   4   5   6   7   8  
 9   8   7   6   5   4   5   6   7   8   8   7   6   5   4   3   4   5   6   7   7   6   5   4   3   2   3   4   5   6   6   5   4   3   2   1   2   3   4   5   5   4   3   2   1   0   1   2   3   4   6   5   4   3   2   1   2   3   4   5   7   6   5   4   3   2   3   4   5   6   8   7   6   5   4   3   4   5   6   7  
10   9   8   7   6   5   4   5   6   7   9   8   7   6   5   4   3   4   5   6   8   7   6   5   4   3   2   3   4   5   7   6   5   4   3   2   1   2   3   4   6   5   4   3   2   1   0   1   2   3   7   6   5   4   3   2   1   2   3   4   8   7   6   5   4   3   2   3   4   5   9   8   7   6   5   4   3   4   5   6  
11  10   9   8   7   6   5   4   5   6  10   9   8   7   6   5   4   3   4   5   9   8   7   6   5   4   3   2   3   4   8   7   6   5   4   3   2   1   2   3   7   6   5   4   3   2   1   0   1   2   8   7   6   5   4   3   2   1   2   3   9   8   7   6   5   4   3   2   3   4  10   9   8   7   6   5   4   3   4   5  
12  11  10   9   8   7   6   5   4   5  11  10   9   8   7   6   5   4   3   4  10   9   8   7   6   5   4   3   2   3   9   8   7   6   5   4   3   2   1   2   8   7   6   5   4   3   2   1   0   1   9   8   7   6   5   4   3   2   1   2  10   9   8   7   6   5   4   3   2   3  11  10   9   8   7   6   5   4   3   4  
13  12  11  10   9   8   7   6   5   4  12  11  10   9   8   7   6   5   4   3  11  10   9   8   7   6   5   4   3   2  10   9   8   7   6   5   4   3   2   1   9   8   7   6   5   4   3   2   1   0  10   9   8   7   6   5   4   3   2   1  11  10   9   8   7   6   5   4   3   2  12  11  10   9   8   7   6   5   4   3  
 5   6   7   8   9  10  11  12  13  14   4   5   6   7   8   9  10  11  12  13   3   4   5   6   7   8   9  10  11  12   2   3   4   5   6   7   8   9  10  11   1   2   3   4   5   6   7   8   9  10   0   1   2   3   4   5   6   7   8   9   1   2   3   4   5   6   7   8   9  10   2   3   4   5   6   7   8   9  10  11  
 6   5   6   7   8   9  10  11  12  13   5   4   5   6   7   8   9  10  11  12   4   3   4   5   6   7   8   9  10  11   3   2   3   4   5   6   7   8   9  10   2   1   2   3   4   5   6   7   8   9   1   0   1   2   3   4   5   6   7   8   2   1   2   3   4   5   6   7   8   9   3   2   3   4   5   6   7   8   9  10  
 7   6   5   6   7   8   9  10  11  12   6   5   4   5   6   7   8   9  10  11   5   4   3   4   5   6   7   8   9  10   4   3   2   3   4   5   6   7   8   9   3   2   1   2   3   4   5   6   7   8   2   1   0   1   2   3   4   5   6   7   3   2   1   2   3   4   5   6   7   8   4   3   2   3   4   5   6   7   8   9  
 8   7   6   5   6   7   8   9  10  11   7   6   5   4   5   6   7   8   9  10   6   5   4   3   4   5   6   7   8   9   5   4   3   2   3   4   5   6   7   8   4   3   2   1   2   3   4   5   6   7   3   2   1   0   1   2   3   4   5   6   4   3   2   1   2   3   4   5   6   7   5   4   3   2   3   4   5   6   7   8  
 9   8   7   6   5   6   7   8   9  10   8   7   6   5   4   5   6   7   8   9   7   6   5   4   3   4   5   6   7   8   6   5   4   3   2   3   4   5   6   7   5   4   3   2   1   2   3   4   5   6   4   3   2   1   0   1   2   3   4   5   5   4   3   2   1   2   3   4   5   6   6   5   4   3   2   3   4   5   6   7  
10   9   8   7   6   5   6   7   8   9   9   8   7   6   5   4   5   6   7   8   8   7   6   5   4   3   4   5   6   7   7   6   5   4   3   2   3   4   5   6   6   5   4   3   2   1   2   3   4   5   5   4   3   2   1   0   1   2   3   4   6   5   4   3   2   1   2   3   4   5   7   6   5   4   3   2   3   4   5   6  
11  10   9   8   7   6   5   6   7   8  10   9   8   7   6   5   4   5   6   7   9   8   7   6   5   4   3   4   5   6   8   7   6   5   4   3   2   3   4   5   7   6   5   4   3   2   1   2   3   4   6   5   4   3   2   1   0   1   2   3   7   6   5   4   3   2   1   2   3   4   8   7   6   5   4   3   2   3   4   5  
12  11  10   9   8   7   6   5   6   7  11  10   9   8   7   6   5   4   5   6  10   9   8   7   6   5   4   3   4   5   9   8   7   6   5   4   3   2   3   4   8   7   6   5   4   3   2   1   2   3   7   6   5   4   3   2   1   0   1   2   8   7   6   5   4   3   2   1   2   3   9   8   7   6   5   4   3   2   3   4  
13  12  11  10   9   8   7   6   5   6  12  11  10   9   8   7   6   5   4   5  11  10   9   8   7   6   5   4   3   4  10   9   8   7   6   5   4   3   2   3   9   8   7   6   5   4   3   2   1   2   8   7   6   5   4   3   2   1   0   1   9   8   7   6   5   4   3   2   1   2  10   9   8   7   6   5   4   3   2   3  
14  13  12  11  10   9   8   7   6   5  13  12  11  10   9   8   7   6   5   4  12  11  10   9   8   7   6   5   4   3  11  10   9   8   7   6   5   4   3   2  10   9   8   7   6   5   4   3   2   1   9   8   7   6   5   4   3   2   1   0  10   9   8   7   6   5   4   3   2   1  11  10   9   8   7   6   5   4   3   2  
 6   7   8   9  10  11  12  13  14  15   5   6   7   8   9  10  11  12  13  14   4   5   6   7   8   9  10  11  12  13   3   4   5   6   7   8   9  10  11  12   2   3   4   5   6   7   8   9  10  11   1   2   3   4   5   6   7   8   9  10   0   1   2   3   4   5   6   7   8   9   1   2   3   4   5   6   7   8   9  10  
 7   6   7   8   9  10  11  12  13  14   6   5   6   7   8   9  10  11  12  13   5   4   5   6   7   8   9  10  11  12   4   3   4   5   6   7   8   9  10  11   3   2   3   4   5   6   7   8   9  10   2   1   2   3   4   5   6   7   8   9   1   0   1   2   3   4   5   6   7   8   2   1   2   3   4   5   6   7   8   9  
 8   7   6   7   8   9  10  11  12  13   7   6   5   6   7   8   9  10  11  12   6   5   4   5   6   7   8   9  10  11   5   4   3   4   5   6   7   8   9  10   4   3   2   3   4   5   6   7   8   9   3   2   1   2   3   4   5   6   7   8   2   1   0   1   2   3   4   5   6   7   3   2   1   2   3   4   5   6   7   8  
 9   8   7   6   7   8   9  10  11  12   8   7   6   5   6   7   8   9  10  11   7   6   5   4   5   6   7   8   9  10   6   5   4   3   4   5   6   7   8   9   5   4   3   2   3   4   5   6   7   8   4   3   2   1   2   3   4   5   6   7   3   2   1   0   1   2   3   4   5   6   4   3   2   1   2   3   4   5   6   7  
10   9   8   7   6   7   8   9  10  11   9   8   7   6   5   6   7   8   9  10   8   7   6   5   4   5   6   7   8   9   7   6   5   4   3   4   5   6   7   8   6   5   4   3   2   3   4   5   6   7   5   4   3   2   1   2   3   4   5   6   4   3   2   1   0   1   2   3   4   5   5   4   3   2   1   2   3   4   5   6  
11  10   9   8   7   6   7   8   9  10  10   9   8   7   6   5   6   7   8   9   9   8   7   6   5   4   5   6   7   8   8   7   6   5   4   3   4   5   6   7   7   6   5   4   3   2   3   4   5   6   6   5   4   3   2   1   2   3   4   5   5   4   3   2   1   0   1   2   3   4   6   5   4   3   2   1   2   3   4   5  
12  11  10   9   8   7   6   7   8   9  11  10   9   8   7   6   5   6   7   8  10   9   8   7   6   5   4   5   6   7   9   8   7   6   5   4   3   4   5   6   8   7   6   5   4   3   2   3   4   5   7   6   5   4   3   2   1   2   3   4   6   5   4   3   2   1   0   1   2   3   7   6   5   4   3   2   1   2   3   4  
13  12  11  10   9   8   7   6   7   8  12  11  10   9   8   7   6   5   6   7  11  10   9   8   7   6   5   4   5   6  10   9   8   7   6   5   4   3   4   5   9   8   7   6   5   4   3   2   3   4   8   7   6   5   4   3   2   1   2   3   7   6   5   4   3   2   1   0   1   2   8   7   6   5   4   3   2   1   2   3  
14  13  12  11  10   9   8   7   6   7  13  12  11  10   9   8   7   6   5   6  12  11  10   9   8   7   6   5   4   5  11  10   9   8   7   6   5   4   3   4  10   9   8   7   6   5   4   3   2   3   9   8   7   6   5   4   3   2   1   2   8   7   6   5   4   3   2   1   0   1   9   8   7   6   5   4   3   2   1   2  
15  14  13  12  11  10   9   8   7   6  14  13  12  11  10   9   8   7   6   5  13  12  11  10   9   8   7   6   5   4  12  11  10   9   8   7   6   5   4   3  11  10   9   8   7   6   5   4   3   2  10   9   8   7   6   5   4   3   2   1   9   8   7   6   5   4   3   2   1   0  10   9   8   7   6   5   4   3   2   1  
 7   8   9  10  11  12  13  14  15  16   6   7   8   9  10  11  12  13  14  15   5   6   7   8   9  10  11  12  13  14   4   5   6   7   8   9  10  11  12  13   3   4   5   6   7   8   9  10  11  12   2   3   4   5   6   7   8   9  10  11   1   2   3   4   5   6   7   8   9  10   0   1   2   3   4   5   6   7   8   9  
 8   7   8   9  10  11  12  13  14  15   7   6   7   8   9  10  11  12  13  14   6   5   6   7   8   9  10  11  12  13   5   4   5   6   7   8   9  10  11  12   4   3   4   5   6   7   8   9  10  11   3   2   3   4   5   6   7   8   9  10   2   1   2   3   4   5   6   7   8   9   1   0   1   2   3   4   5   6   7   8  
 9   8   7   8   9  10  11  12  13  14   8   7   6   7   8   9  10  11  12  13   7   6   5   6   7   8   9  10  11  12   6   5   4   5   6   7   8   9  10  11   5   4   3   4   5   6   7   8   9  10   4   3   2   3   4   5   6   7   8   9   3   2   1   2   3   4   5   6   7   8   2   1   0   1   2   3   4   5   6   7  
10   9   8   7   8   9  10  11  12  13   9   8   7   6   7   8   9  10  11  12   8   7   6   5   6   7   8   9  10  11   7   6   5   4   5   6   7   8   9  10   6   5   4   3   4   5   6   7   8   9   5   4   3   2   3   4   5   6   7   8   4   3   2   1   2   3   4   5   6   7   3   2   1   0   1   2   3   4   5   6  
11  10   9   8   7   8   9  10  11  12  10   9   8   7   6   7   8   9  10  11   9   8   7   6   5   6   7   8   9  10   8   7   6   5   4   5   6   7   8   9   7   6   5   4   3   4   5   6   7   8   6   5   4   3   2   3   4   5   6   7   5   4   3   2   1   2   3   4   5   6   4   3   2   1   0   1   2   3   4   5  
12  11  10   9   8   7   8   9  10  11  11  10   9   8   7   6   7   8   9  10  10   9   8   7   6   5   6   7   8   9   9   8   7   6   5   4   5   6   7   8   8   7   6   5   4   3   4   5   6   7   7   6   5   4   3   2   3   4   5   6   6   5   4   3   2   1   2   3   4   5   5   4   3   2   1   0   1   2   3   4  
13  12  11  10   9   8   7   8   9  10  12  11  10   9   8   7   6   7   8   9  11  10   9   8   7   6   5   6   7   8  10   9   8   7   6   5   4   5   6   7   9   8   7   6   5   4   3   4   5   6   8   7   6   5   4   3   2   3   4   5   7   6   5   4   3   2   1   2   3   4   6   5   4   3   2   1   0   1   2   3  
14  13  12  11  10   9   8   7   8   9  13  12  11  10   9   8   7   6   7   8  12  11  10   9   8   7   6   5   6   7  11  10   9   8   7   6   5   4   5   6  10   9   8   7   6   5   4   3   4   5   9   8   7   6   5   4   3   2   3   4   8   7   6   5   4   3   2   1   2   3   7   6   5   4   3   2   1   0   1   2  
15  14  13  12  11  10   9   8   7   8  14  13  12  11  10   9   8   7   6   7  13  12  11  10   9   8   7   6   5   6  12  11  10   9   8   7   6   5   4   5  11  10   9   8   7   6   5   4   3   4  10   9   8   7   6   5   4   3   2   3   9   8   7   6   5   4   3   2   1   2   8   7   6   5   4   3   2   1   0   1  
16  15  14  13  12  11  10   9   8   7  15  14  13  12  11  10   9   8   7   6  14  13  12  11  10   9   8   7   6   5  13  12  11  10   9   8   7   6   5   4  12  11  10   9   8   7   6   5   4   3  11  10   9   8   7   6   5   4   3   2  10   9   8   7   6   5   4   3   2   1   9   8   7   6   5   4   3   2   1   0  

 0  13   1   0   0   0   0  96  76   1   0   1   0   0  22   0  87   0   1   0  59  12   0   0   1   5  57   1   0   0   1   8   0   0   5   1   1   0   1  38   1  85  15   0   0   0   0   1   2   1   1   4  41   1   1   0  11   0  21   0   0   0   0   1   6   1   1   1   1   1   1   0   1   0   1   1   0   0   1   0  
14   0   0   0   1   1   7   0   0   0  17   1   0  82   5  49   1   5   0   0   0   0   1  28   6   1   1   0   0   0  98   1   1   5   1   0  24   8  14   0  71   1  48   1   0   0   1   0   0   0   2  99   0   0   0   1   0   0   1   1   0   0  47   2   0  16   0   1   1   3   0  61   1   1   1   0   1   7   1   0  
 1   1   0   1   4  39   1   1   0   0  27   5   1   1   0   1   0   0   1   0   0   3   7  51  33   1   0   0   1  22   1   0   0   0   0   0   3   0   6   1  12   1   1   0   0   0   1   1  37  46   1   0   1   1   1   0  70   0   0   1   0  37   0   0   1   0   4  49   1   5   0   0   1   1   0   0   1   0  60   1  
 1   1   0   0   0   1  68  57  94  22   0   0  68  47   0   0   1   0   5  12   1  84   0   0   0   1   4   0   0   2   0   1  83   0   1   0   0   0  70   0   1   0   0   0   0   1   1   1   1   1   0   1   0   1   0  11   1   0  46  61   1   0  14   1   0  33  22   1   0   0   0   1   1   0   0   0   0   1  52   0  
 1   4   1  34   0   1   0   0   0   6   0   0   1   0  14   1   0   0   1   0   1  39   0   0   1   0   3   1  64   1   1   0   0  45   1   0   1  53   0   0   0   1  21   0  97   0   3   1  17   1   0   0   0   0   0   1   1   0   0   0   0   1   1   0   0  36  80   0   0   3  70   0   1   0   0   0  40   1   0   1  
 1   8   1   0   0   0   0   0   1   0   0   0   1   0  26   1   1   0  27   0   0   0   1   0   0   1   0   1   0  93   1  64   1   1   1   0   0   0   0   1   1   0   0  14  18  12   0   1   1  20  32   0   1   0   0   1   1   0  19   0   0   0   1   0   1  26   1   7   0   1   0   0   1   0   0  23   1   0   1   5  
64   0   0   0   1   1   0   0  44   0  93   1   0   1   1   1   1   0   1  79   0   0   1   1   0   0   0   1   1   1   1  30   1   1   5   0   1   1   0  21  37   1  12   0   0   1   0  12  85  60   1   0   0   1   0   0   0   1   1   0   0   1   1   1  26   0   1   1   0   1   0   0   1   1   1  17   0   1   1   1  
 1   0   0   0   0   0  22   0   1   1  28   0   0   0   1   0   0   1   1   0   1  25   0  16   1   1  19   1   6   0   1  11   0   0   1  62  42  35   2   1  55   0   0   1   1  12   0   0   1   0   0   1   0   1   0   0   0   1  12   1   8  15   6   1   0   1   0  32  27   1   1   1   1   1   0  10   1   0   1   1  
 1   4   9   1   1   6   0   0   0   1   0   4  93   0   1   0  13  25   1   0  36   0   0  76  85   1   0  68   0  32   0   0   0   4   0   1   0   0   0   4   0   0   1   0   1   1   1   0  31  92   0   0   1   1  21   1  25   1  48   5   1   0  85   0   1   0   2   8   0   1   4   0   1   1   0   0   1   0   1   1  
 0   1   0   1   0   1   1   0   0   0   1   1   0   0   0   1   0   4   1   1   0   0  12   1   1  36   1   0   1   7   0   1   0   0  20   1   0   0   0   0   1   0   6   0  87   0   0   0   0   2   0   9   0   0   0   0   1   0   0   0   2   0   1   0   1   0   0  70   2  93   1   6   0  14   0  10   1   0   0   1  
 0   0   3   1   5   1   0  70   0   1   0   0   1   0   1  22   3  63   0   0  32   0   2   0   0   2  91   1  86   4   1   0   1   0  68   3   0   0   0   3   1   0   0   4   0   1   0   1   1   0   1  21   0   1  36   1   1   0   1   3  37   8   0   0   1   0  76   0   1   1  14   0   1   0   8   1   0   1   1   0  
 1   1   0   0  27   0  28   0   4   0   1   0   0   0  24   0   0  58   0  23   1   0   0   0   0  76   1   1   1   0   0   1   0   0   0   2   0   4   1   0   0   1   1   1   0   1   0   0   1  10   3   0   0  48   0   5  87   1   1   1   1   1  18   0   1   1  12  99   0   0   5   0   0   3   0   1   0   0   0   0  
 0   1   0  27   0   0   0  99   6   0   1   0   0   1   0   0  12   0   1   0   9   2   0   1   1   1   1  20   1  79   0   1   0  22   0   0   0   1  79   2   0   1   0   0   1  48  40  28   0   4  11   1   1   0   1   1   0   1  81  16  72  16   1   1   1   0   1   0   0   7   1   1   0   0   1   1   1  10   5   1  
 0   1  81   1   0   0   0   0   0   1   0   2   1   0   1   0   0   1   1   0  21  44   0   0   0   6   0  34   3   1   0   0  15   0   1   0   1   1   1   0   1  41   1   1   0   0   0   1   1  22   0   0   1   7   0   9   0   0   1   0   0   1   0   1  83  51   1  18  86  11   0   0   1   1   0   0   0   0  41   2  
75  10   0   1   0   0   1  23  89   0   5   0   1  18   0   1   1   1   0  25   0  68   0  12  65   1  34   1   1   0   9   0   1   0   0   0   0   0   0   0   0   0   9   0  45   0   0   0  26  68  13   1  10   1   0   0   0   0   8  30   0   0   0   1  34   0   0  67   8   1  63  53   1   5   1   0   0   1   4   1  
 1   1   0   1   1   0   0   1   3   1   8   0   0   1  57   0   6   1   1  13  25   0   1   0  68   1   3   0   0  29  93   0   1   1   1   1   1   0   0   1   0   1   0   1   0   0   0   1   1   1   0   1   1  12   0   1   1   1  26   1   0   1   0   0   0   0   0   0   0  10   1   0   0   0   1   0   1   0   1  39  
22   9   1  22   0   1   1   4   0   1   7   1  59  79   0   0   0   0   0   0   0   0   1   1  54   1   1  32  24   0  31  11   0   0   0   0   0   1   1   0   0   0   0   0   0  12   1  11  43   0   0   1   1   4  40   0   0  43   1   0   1   1   0   0  16   0   0   0  42   0  82   0  79   0  97  10   1   7   0   1  
 1   1  15   1   1   0   0   0   0   2   0  29   0   0   0   0  50   0   0   0  42  45   0  27   0  96   1   0   0   0   0  84   1   0   6   1  13   0   0  32   0   0   0  71   0   0  14   3  37  15  65   0   0   1   1   0   1   0   1   0   0   7   0   0   2  26   0   1  10   1   0   0   1  72   1   0   6   0   1   0  
 0   0   0   0   5   0   0  85  14   0   1  48   0   2   1   5  22   0   0   0   1   1   0   1   0   1   0   0   0   0   0   0   1  77   0   8   0   2   0  21   1   1  79   1   0   1   2   0   0   0   1   0   3   0   0   0   1   1   1   1  47   1   2   1   0   0   0  13   0   1  41  40   0   0   0   0   1   0   2   4  
 1   0   0  28  31   3   0  15   1   1   0   0   1   0   0  26   0   0   1   0   0  15   1   0   0   1   0   0   0   1  11   1   3   0   0   1   1   1  43   1  15  43   6   1  12   2   0   0   5   1   1   0   0  12   1  26   0   1  84   2   0   0  50   1   1  13   6   1   4   1   0   0   1  22   2   0   1   1   1   0  
 1   0   2  84   0   0  11   0   1   0   1   0   8   0   0   0   0   1   5   0   0   1   1   0   0   1   1   0   9   0   1   1   1   0  12  23   0   0   2   0   0   7   1  15   1   0   1   0   1   1  51   1   0   0  99   0   1   1   0   1   0  56   1   1   1  29   0   0   0   1   0   1   1   0  39   1   0   1   0   2  
 0   0  19   0   0   1   0   1   1   0   2   1  94   0   1   1  54  25   0  11   0   0   0   1   4   1   0  35   4   1   0   0   1   1   0   1   8   0  21   0   9   0   1   0   3   0   0   0  35   0  93   1   0   0   1   1   0   0   1   1   1   0   1   0   0  24   4   0   1   0   1   1   1   2   1  70  28   1   0   5  
 8   0   6   1   0   0   1   0  18   1  29   8   0   0  18   1   0   1   1   0  48   0   0   0   0  14   0   1  42   1   0   0   9  34   4   1   0   1   1  10   0  90   0   1  29   6   0   1  14   1   1   1   0   0   0   1   0   0   1   0   0   0  40   0   0  24  13   0   0   1   1  34   7  36  34   0  53   0   0   1  
 0   0   1   0   0   1   0  13   1   0   1   1  17   0   0   1   0   1   1  70   4   0   0   0  59   1   1  48   1   0   1   0   1   0   1   0   0   0   0   1   0  44   9   0   1   0   0   0   1   0   0   0   1   0   9   1   0  45  90   0  34   1  10   2   1   0   1   1  34   1   1   1   0   0   0   3   0   0   0   0  
 1   0  26  20   6   1   0   2  49  13   0   1   0   0   1   0   0   1   0   0  94   1   1   0   0   0   0   1   6   0   0  31   0  47   1   0   0   0  56   2  56   1   0   1   0  36   1   1   0   0  18   1   0  32   0   0   1   0   0   0   1   0   1   0   1   1  17  31   0   1   0   0   0   1   1   0   1   1   1   1  
 6   0   0   1   1   1   5   0   1   0   1   0   0   1   8  57   0   1   0   0  83   1   0   0   0   0   0   0   1   0   0   1   1   0   1   1   0   1   1  10   0   0   1   0   1   1   1  61   2   1   0   0  10  71   1   0   1   8   3  28   1   1  94   0   1   0  15   1   1   5   0  97   1   0   1   1   1   0   1   6  
 0  65   0   1   0   0  11   3   0   0   0   1  43  33   1   1   0   1   1   3   0   1  63  36   1  42   0   0   0   0   1   3  48   0   0   1   1   1   0   0   0   0   1   6   0   0   0   0  98   0   1   0   4   0   0   0  32   1   0   0   1  17  48   1   0  35   0  44   6  44   3   4   1   0   0   1   1   0   0   0  
10  63   1  66   0  19   0  98   1   0  78   0   1  28   1   0   0   0   0   1  30   0   0  75   0   0   1   0  30   1   0   1   1   1   1   1   1   1  25   0   1   1   0  45   0   1  85  26   4   1   1   0   1   0   0   5   0  12   0   1   0   0   5   8   0   0   0   0   1  42   1   0   0   6  21   0   1   1   1   0  
 0   1   1   1  99   0   1   0   2   0  19  13   1   1   0   0  35   0   0   0   0   0  19  12   1   0   1   0   0   1   0   1   0   1   0   7   2   1   0   2   1   0   0   1   0   1   1  19   4   0   6   0  74  52   1  12   1   0   0   0   1   0   0   1  42  39  10   0   0   0   1   0   0   0   1   0  65  44  71   0  
 0   1   0   0   0   6   0   0   0   1  30   1   1   1   1   1   1   0   1   3   1  56   0   1   0  12   0   0  36   0   0   0   1   0   1   0  71   1   1   1   1   3   0   1  24   1   4   0   0  11   0   1   1   1   1  22   0   0   0   1   0   0  24   4   1   0   0   4   1   0   1  16   3  20   0   0   0   0   0   0  
 4  96   0   3  80   0   0   0   1   1   1   4   0   1   0   0   0   0   0   0   1  42   1   0   3   0   5   0   1  33   0  34   1   0   0   0   0   0   0  65   1   0  29   0   1   0   1   1   1   0  15   1   0   1   4   0   0  65   1   0  11   1   0   0   0   0   0   1   0   2   0   1   1   1   0   0   0   0   1  82  
12   0   0   0  14  79   0   0   0  25   5   0   0   1  26   1   1   1   0   0   0   5   1  35   1   0  38   1   0   1   1   0   1  77   0   1   0   0   1   0  34   1   0   1   1  18  90   0   0   1   0   0   1   0   1  74   1   0  29   0   0   0   0  28   1   0   0   1   0   1   0   1   1   0   0   1   0   1   0   0  
 7   1   2   0   1   1   1   0   1  72   1   0   1  43  46   1   0   0   0   1   1   1   0   1   1   1   1   1   1  69   5   1   0  99   2   0   1   2   2   1  14   0   0   0   0   0   0   0   0   1   0   1   0  40   0   0   1   0  79   0   0   0   0   2   0   0   0   0   1   6  11   1   0   0  25   1   3   1   0   0  
 0   7  12   1   5   0   1   3   1  20   0   0   1  17  45   1   2   1   1  11   0   0   0   0   1   0  20   1   8   0   0  40   3   0   1  55   1   1   1   1   1   0  16   1   1   0   0  52   5   0   1   0  58   1   1   0   0   0   0   0   1   1   1   1   1   1   0   2   0   0   1   0   1   0   1   1   0   0  22   1  
 1   2   2   0   1   1  59   1   0   0   0  70   1  91   1   1   0   1   1   0   0   1   1   1  96   1   8   5   0   1   1   1   8   1   0   0   1  99   0   0   0   0   1   0  10   1  52   0   0   1  64   0   1   1   0  96   1   0   0   1   9   0   0   1   0   1   1  14   1   0   0   1   0  14   1   1   0   9  57   4  
 8   9   1   1  25   1   1   0   2   0  98  47   0   0   0   1   0   0   1   0   0   0  16  35   0   0   1   0   1   1   1  84  14   3   3   0   1   1  50   3   0   5   1   1   4   1   1   0   1   0   6   1   0   0   0   0   0  36   0  22   0   1   1   1  35   1   0  15  10   1  39   0   0   0   1   1   0   0  17   1  
 0   0   1   0   1   1   1   0   1   0   0   0   4  12   0   0   0   0   0  18  19   1   1   0   0  91  51   0   0   1   3   0   0   0   0   3   0  16   0   0   0   1   0   0   1   5  20   1   1   0   0   3  81   0   0   1   0   1   6   0  18   0   0   8   0  92  18   0   0  78  77   1   0  50   0   0  17   0   1   1  
 0   0   1   1   3  51   0   0   0  53   1   0   1   0   0   0   0   0   0   1   1   0   0   0  32   1  10   0   1  39   0   1   0   0   0   1   3   0   0   0   1   1   0   0   1   3   1  46   0   1   0  10   1   0   1  99   1   0   2  11   1   2   1   1   0   0   0  20   1  21   0   1   0   1   1   0  19   1  19   0  
 1   1  10  27   6   0   0   0   0   0   1   0  87   8   0   0   0   0  13   6   5   0   0   3   2   3   0   0   0   1   1   0   0  31  31   1  55   1   0  19  18   1  26   1   1   0   1   0   1   1   0   1   0   1   1  32   2   1  12   1  41   1  72   0   4   1   0   4   0   3   0   1   3   0   0   1  89   0  17   0  
 0   1   0  17  23  16   0  71   1   0   0   0   0   0   0   1   2   0   6   0   0   1   0   0   1   0  14   0   3   1   1   0  10   0   0   0  57  90   0   0   1   0   5   0   0   0  13   0   0  40   1   0   1   0  46  13   0   0   1  44   0   0   0   1   1   0   1   0   1   3   1   1   1   0   0   0   1   1   0   0  
 0  36   0   0   1  60   0   0   0   0   0   0   3  10  13   3   1  22   0   1   0  10   1   1   0   0   1   0  24   0   4   1   0   1   0   0   1   0   0   0   0   1  34   0   0   1  84   1   0   1   1   1   3   1  18   0   1   2   1   0   0  95  38   1  40  37  93   0   1   0   0   1   1   1   1   0   0   0   1   1  
 0   0   1   0   1   0   3   1   0   1   0  12   0   1   0   1   1   0   0   1   0  43   1   1   0  20   1   1   1   0   0   0   8   1   1   0   0   0  42   0   0   0   0   1   1   1   0   0  10   0   1   0   1   1   1   1   0   0  13   0   1   1   0   1   0  57  88   1   1  22   1   0   1  31   1  46   0   0  24  40  
 0   0   0   1   1   1   0  54  76   0   1   6   1   0  55   0   1   0   1   2   3  74   1  85   0   8   4  90  34  12   1   1   0  29   1   0   0   4  28  54   1   1   0  31   0   0   1  10   1   0   2  53   1   0   3  39  49   0   0   1   1  12  61   1   1   0   1  63  18  97   0  26   1   0   0   1   1   1   1   0  
43   1  13   1   0   0   1  24   0  10   5  83   0   1   1   2  12   0   0   4   0   0   0   3   1   6   1   1   0   1   0  73   0   1   8   0   0   1   0   1   0  43   1   0   0   1   0  29   0   0   0   1   2   1   0  96  10   1   0   1   0   0   0   1   0   0   0   9   0   7   9   1   0   1   1  19   1   1  53   1  
 1   1   1   1   1   0   0  13   1  33  34   0   5   1   1  58   1   1   0   1   0   0  46   1  17  61  36   1   1   0   0   0   0   0   1   1   1   1   0   0   8   1   1   0   0   0   0   0   1   1   5   1  68   1   3   1   0   1   4   0   1   0  89  22  16  16   0   0   0  12   0   0   7  43   0   1   0   1   0   1  
 2   0   0   0   6   3   0   0  77   1  83   0   1  71   1   0   0   1   4   0   0   1   1   0  72  18   1   0   1   0   9  17  66   0  70   0   3   1   0  19   0   0   0   1   9   0   0   0   0   0   1   0   0  52   0   2   0   1  62   0   0   0   0   0   1   3   0   0   1   1  17   1   9   0  15   0  86   1   1   1  
 0   1   0   0   1  71   0   1   1   1   0   0   3   1   2   0   2   1   0   0  67   0   1  24  23   1   1   1   0   7   2  48   0   0   0   0   1   0   1   1   1   1   0   0   0   1   0   1   2   0   0  23   0   1  67   1   0   1   0   0  14   1   1  34   6  41   1  81   1   0  22  38   1   0   1   1   1   1  11   1  
 0   0   0   0  40   0   1   1   1   0   0   2   1   0   0   1   0   0   1   0   0   1   9  29   0   3  56   0   0  28   8   0   1   0  30   1   0   1   0   1   0   1   0   1   3   1   1   0  21   8   1   1   6   0   6  43  91  20   0   0   0   0   0  39   0   2   2   0   0   0  86   0   0   1   1   0   0   0   1   1  
 5   0   1   1  59   1   7   1   0   0   1   8   0   1   1   0  45  67   0   0   0   2  38   0   2   0   1   0   1   0   1   0   1   2   0   0   1   0  52   1   0   1   0  14  26   1   0  27   0   0   3   1   0   0   0  63   0   0   1   2   0   0   0   1   1   1   0   4   0   9   1   0  68   0   1   6  51   1   0   0  
 0  81  51   1   0   0  51   0  54   0   0   0  17   0  21   6  24  60   0   1   1  92   0   2   0   1  52  13   0  45   1  51  36  51   1   8   0   0   1   1   1   0   1   1  13   2   6   1   1   0   1   0   4   1  21   0   0   0  19   1   9   1   1   1   0   8   1   0   1   1  11   1   1   0   7  38  41   5   0   0  
 0   1   1  17  12   0  14   1   1   1   1  16   0   1   4   0   6  53   0   2   1   9  42   0   1   1   0   1   0   0   0   2   1   1   0   0   1   1   0  41   0   1   0   0   1   9  11   6   1   0   0   0   1   0  14  68   0   0   0   3   1   1   9  21   1   0   1  87   3   1   0   0   1   0   0   9   2   1   1  93  
 0   0   0   1   0   1  60   1   1   0   0   0   2  76   0   1  16   0   0   0   1   1   1  20   1   1   1   2   1   0   1   1  15   0   3   0   0  59   0   1   1  77   0   0   0   1   1   1  12   1   0   0   1   0   0   0   1   0   1   5   0  78   0   1   1  33   0   1   0   0   1   0   0   1   0   0   0   2   1   1  
 1   1   1   1   1  61  14   1   3   1   0   1   0   0   0  61   1   1   0   0   0   0   1   0   0   0   0   0   1  35   0   0  33  44   6   1   1   1  32   0   7   1   1   0   1  26   1   0   0   1   0   0   0   1  75   0   0   0   0   4   1   0   0  73   1  33   0   0   0   1   0   0  17   1   0   1   1   1   2   0  
72   1   0   1   0   0   0   1   0   1   0   0   0   0   1   0   5  81   0  23   1   1  12  64  60   1   0   1  66   1   0   1   0   1   1   5   1   0   1   1  34   0   1   0   1   1   0   0   1   1   0   1   1   0   1   1   1   1   0   0   0  12   1   0  47  56   0   1   1   0   1   0   0   0  35   1   1   0   0  31  
24   0   0   0   0   0   1   1   1  39   1  88   1  47   0   1   0   1   0   1   0   3   9  22   0   2  24   0   1  35   1   0   0   0   0   0   1   1  70   1   0   0  11   0   0   0   1  28   0   1   6   0   1  24   0   0   1   1   6   7   0   0   1  34   0   1   1   1   1   3   0  14   1  50   1   3   1   0   0   0  
 1   1   1  11   1   1   0   1   1   0   0  14   7   0   1   1   1   1   0  70   1   3   0   1   1   0   1   6   0   1   0   0  21   0  43   0   0   0  10   1   0   0   0   1   4   0   1   0   0  84   0   0  64  94  56   0   0   0   0   1   1   0   1   1   1   0   5   1   0   0  10   1   1   0   1   0   1   0   0   0  
 1   0   1  45   1   1   1   1   0   0   0   1   0   5   1   0   0   0   0  36   0   0   5   1   1   1  54   1   1  51   0   1   0  94   0   0   0   1  39   0   0   1   1   0   1  58   0   0  23   0   6   1   0   3  10   0   0   1   0   1   1   1   1   1   1   0  27   1   1   1   0   1   0   1   0   0   1   1   0   1  
 5   0   0  63   0   0   0   1   0   0   1   1   1   1   0   0   0  31   1   0   0   1   1   0   1   0   0   0   3   1   1   0   0   3   0   0   1  52   0   0   0   1   1   0   1   0  36   0   1  23   1   1   0   0   0   1   1   0  46   1  13   1   1  19   0  30   1   1  43   0   5  43   4   0   1   0   0   1   0   0  
 0   0   0   1   0   0   0   1   8  30   0   0   0  16   0  94   0   1   1   0   1  14   1   0   1   0   0   0   4   0   0   0   0   1   0  53   0   1   1   0   1   0   0  79   1   0   0  77   0  37   1   0   1   0   0   0   0   0   0   0   1   1  21   9   1   1  12   0   0  26   0   1   0   0   3   1   0   0   2   0  
 9   0   1  43   0   0   1   1   0   1  87   1   0  55   0   0  15   1   1   0   1   0   1   1   0   0   3   1   5   1   0   1   0  15   0   1   1   0  13   1   1  60   0   0  63   1   0   0   0   0   0   0   0   0   1   0   0   0   1   0   1   0   0   0   1   0   1   1   1   0   0   8   1   1   1   1  63  29   1   0  
11   1   0   0   0  68  13   1   0   0   0   0  77  71   1   1   0   0  18  10   0   1   0  77   1  12   0   1   0   1   1   1   1   1  24  36   1   1   0   0   0   1   1   0   9   1   0   0  38   0   1   1   0   0   0   1   0   1  14   0   0   1   0   0   0   1  82   0   8   0   0   0   1  28  68   1   1   1   0   1  
 0   0  74   1   0   0   0   0   0  15   1   0   0   1   0  49   0   1   0   0   0   1  22   1   1   1   0   0   1   0  34   0   0  84  52   0   0   1   0   0   6   0   1   0  10   0   7   0   0   0   0   1   1   1   0   0   0   1   1   1   0   0  20   0   0   3   1   0   1   1   6   1   1   0   2  16  10   0   0   1  
 1  62  61   0   5   0   1   4   1   9   0   0  73   1   0   1   0   0   1   0   1   0   0   3  29   1   1   0   7   1   1  22   0   0   0  22   0   0   0  97   0   1  14   0  57   0   0   0  24   1  60   1   0  47   0   0   1   1   1   1   0  89   0   0  68  83   0   0   8   1  55   1   0  65   0   0  18  14   0   0  
12  99   4   1  11   1   1   0   1   0  53   1   1   0   0   1   1   0   1   0   0   0  93   1   1   1   1   0  71   0   0   6  34   1   0   0   1   1   0   0   9   0   7   1   0   1   1   2   0   1   0   0   1   0  28   0  10   1   1   0   1   0  10   0   1   1   5  18  38   1   1  27   0   1   4   1   2   7   2  43  
 1   1  95   1   3   1  41   0   0   0   1  19  26   0   1   0   0   1   0   2   0   1   0   1   0   1   5   1   0   0   0   1   0   1   0   0  90  67   1   1   0  18   3  94  67   0  96   0   0   0  36  77   1   0   0   1   0   1   4   0   0   1   5   0   0   1   0   1  92   0  94  98  10   0  57   0   0   1   0   1  
 1  38   0   0   9   9   1  11   0   2   1   0   1   1   0   0   0   1   0   0   0   0  81   1   1   0   0   0   0   0   1  42   0  56   1  73  11  82   0  23   0   1   0   1  15   0   1   0   0   0   1   1   1   1   1   0   1   1   0   1   0   0   0   1   0   0  64   0   4   1   0   0   0  53   1   1   0   0   0   1  
 0  53   0  75   1   0   1   0   0   0   0  47   1   0   1   8   1   1   0   1   1   1   1   0   1   0  87   0   1   0   0  38   0  74   0   0   0   0  67   0   0  15   2  11   0   0   0  95   0  67  93   0   1   1   1   0   1   1   2   1   0   1   4  19   0   0   0   0   4   1   1   0   1   0  52   0   1   1   2  15  
 1   0   0   1   0   1   0   0  41   0   1   0   2   1  44   1   1   1   0   0  12   1   0  83   1   0   5   0   0  14   0   0  36   1  18   0   0  81   0   1   0   1   0   1   0   0   0  95  69   3   1   0   0   1   0   1   0  10   0   0   0   0   1  57  33  38   0   0   0   0   0   1  41   0   0   1   1   0   0   0  
33   1  16   0   1   1   1   1  95   1   0   1   0   1   1   1   0   1   0   0   7   0   0   0   0  56   4   4   0   1   3  52  19  52   1   1   0   0   1   0   1   4   1   0   1   0   0   0  35   0   0   1  13   0   0  31   0   1   1   6   0  38   1   0   1  54   2   1   0  10   0  13   1   0   1   1   0   4   0   1  
33   1   0   0   0  20   1  73  58   1   0   1  10   1  15   0   1   0   1   0   0   3  39   0  27   0   0   1   1   0   1  12   0  19   0   1   1   0   0   0  33   5  20   1   1   0   0   0  52   1   0   1   0   2   0   0   0   0   0   0   0   0  74  43  35   0   0   0   1   0   0   0   1  12  13   1   1   0   0   1  
 1   1   1   1   1   0   0   1   0   0  45  86  56   1   0   0   0   0  12   0   8   1   0   0   2   0   1   1   0   1   1   6   1   0   2  92   0  34   0   0   0   0   4  87   0   0   0   1  18   6   0   1   5   1   1   1   0  40   0   0   0  13   0   0   1  89   0   1   0   0   0  32   1   0   1  67   1   0   0   1  
94  59  78  14   1   0   1  75   1   3   1   1   1   5   0   0   1  86   1   0  10   1   1   1  21   1   1   1   0   0   0   0   1   1   0   0   0   0   0   1   0   0   0   1   0   0  90   0   1   0  10  79  26   0   0   0   5   1   0   0   0   0   0   0   0  56   1   1   1   0   1   0   1   1   0   1   1   1   0   1  
 0   1   0   1   1   1   1   1   0   0   1   0   0   2   0   0   1   0   0   0   1   0   1   4   1  29  97   7   0   1   1   0  40   1   0   0   0   1  10   0  16   0  16   0  20   0   0   1   1   0   9   3   2   1   0   1   1   0   1   1   0   0  11   1   1   2  48  71   0   0   0   1   0   1   0   0   0   0   0   0  
 0   1   1   0   0   0   0   1   1   0  65   0   0   1   1  22  16   1   0   0   0   0   0   3   1   0  21   0   0   0   1   0   0   0   0   1   0   0  10   1  43  93  24   1   0   1  29   0  14   1   8  69  40   0   0  14   0   1   0   2   1   9   0   1  79   0   1  10   0   1   0   0   0   0   2   1   0   0   1   1  
 1   7   0   0   3   1   0   0   1   0  27   1  72   0   1  94   1   0   6   1  17   0   2   1   0   1   0   0   0   0   3   0   0  22   0   1   0   0   1   1   0   0   1   1   1   1   1   0   1   1   7   1  55   1   0   0  32   1   8   1   1   1  94   1   0  73   1   0   0   6   0   3   1   1   0   1   0  67   0   1  
 1  45   1   0   0   0   0   0   1   0   0   3   0  53   0   0   0   0   0   0   0   0   0   1   1   0  44   0   1   0   0  63   1   0   1   0  39   0   1   0   1   1   3   0   0   0   0   0   0   0   1   1   0   5   1  61   0   0   0   0   0   0  52   1   1   0   1   1  49   0   5  28   1   0   0   0   0   1   0   1  
 1   1   1   0  36   0   5   3   0   0   1   0   4   0   0  30   1  14   1   1   1   0  31   1  14   1  61  64  90   0   2   0  31   0  10  31   1   0   1   1   4   0   0   0  49   1   0   0   0  46   0   1   0   0   0   1  18   0   0   0   1  92   1   0   1   0   0   0   1  10   0  37  54   0   0  32   0  37   0   0  
 0   1   0   0   1  25   1   0   1   1  37   0  83   8  26   7   1   1   0  55   0   6  13  24   0   0   1   0   0   1   0  94   0   1   1   1   1   0   1   0   0   1   0   1   1   0   0   0   0  14  26   1  14   7   8  25   1  59   1   0   0   0  69   0  48   1   1   2   0   0   0   0   1   0  69   1   0   0  74   0  
 5   0   1   1   1   1   0  27   1  15  84   1  86   2   1   0   1   0   1  46  59   1   1   1   1   1   1   0  27  21   0   5   7   1   1   0   0   1   2   0   0   0   0   5   0   1   1   0   0   1   1   0   0   0   0  51   1   1  85  11   1  19   8   3   1  47   0   0   0   0   1   1   0   0   0   2   0   0   0   0  
 0   1   0  28   1   0   0   0  23   0   0  21  19  80   1  13  30  28   0   0   1   1   0   6   0   0   1   1   0  43   1   0   2   1  24   0   0  98   0   1   0   0   1  53  35   2   0   0   1  13   1  36   0  32   1   0   1   1   0  11   0   1   0   0   0   0   1   1   0  39  66  13  45   1   1   3   2   1   1   0  
