81

    0      3     48      1     46     83     46     88     82     19     44     86     48     83     87     85     85     81     50     83     90     88     84     85     90     82     82      3     50     81     44     82     86     87     89     85     50     87     90     82     88     81     82     82     84     84     89     82     82     85     90     83     87     81     46     87     81     88     87     89     88     89     89     89     86     90     87     85     83     81     87     84     89     81     89     81     89     86     81     89     85  
    8      0     11     45      9     48     84     47     90     44      4     44     89     44     87     88     81     88     87     41     84     83     88     87     84     85     83     47     17     50     81     43     82     83     81     90     90     47     85     86     88     86     82     81     87     85     89     88     81     83     84     88     82     82     84     44     87     87     84     83     82     87     87     85     83     85     85     83     86     81     83     90     85     81     84     88     89     88     85     89     88  
   42      6      0     86     41     14     82     90     43     86     43     16     90     81     45     83     85     86     89     90     46     90     88     89     82     89     81     89     47     10     88     85     43     82     83     83     82     84     47     81     89     85     81     82     88     81     87     83     84     81     90     86     89     81     85     82     47     82     85     88     86     86     85     82     82     86     89     90     82     86     85     85     88     90     90     85     85     86     84     86     88  
    6     42     84      0     12     47      3     41     90     47     85     90     19     44     88     47     83     89     85     85     87     45     85     84     82     89     82     41     86     88     10     50     86     42     83     87     88     85     88     45     84     83     81     90     89     89     82     88     88     84     88     86     88     90     87     85     84     50     83     81     86     87     81     81     82     82     89     84     87     88     84     81     81     90     84     85     83     87     88     86     85  
   41      9     45      6      0      3     43      1     44     82     46     86     50      1     48     81     44     84     82     90     87     82     44     85     81     90     84     81     48     81     46     15     46     88     48     90     82     82     88     84     48     83     84     90     87     86     82     90     89     82     87     85     85     85     81     84     84     87     47     83     82     86     88     90     84     90     88     87     89     89     89     81     87     86     83     86     90     85     90     89     90  
   82     43      9     43      2      0     85     48      6     83     86     46     85     45      2     85     82     44     81     90     83     87     87     50     90     90     84     87     89     50     81     48      9     84     82     48     86     86     89     87     88     48     90     81     89     86     87     82     90     82     81     82     85     85     81     90     85     89     81     45     85     90     89     90     89     86     84     81     82     86     88     90     84     90     90     88     87     86     88     81     85  
   44     90     85      8     43     85      0     13     47     89     84     84     46     85     83     10     46     85     83     83     87     90     84     82     47     88     81     84     88     86     47     86     88     17     46     86     83     82     82     85     88     81     46     87     81     89     82     90     87     89     83     82     85     89     87     85     87     81     86     85     45     82     85     86     88     82     87     81     88     86     87     86     84     81     87     88     81     83     88     82     89  
   82     47     90     47      6     46      3      0      1     87     88     89     82     45     83     50     16     49     84     82     82     84     85     88     86     49     90     81     83     81     87     49     88     48     13     42     87     83     88     90     83     90     90     44     89     88     82     85     89     87     90     82     81     83     83     84     88     89     86     87     81     44     85     89     89     87     84     81     90     90     90     85     81     87     88     82     89     81     83     83     90  
   89     88     48     90     47     18     49      2      0     82     85     82     83     85     42     86     41     16     87     84     83     85     87     85     82     82     44     86     86     90     86     87     47     84     45      1     86     88     88     88     90     90     86     85     43     85     84     90     86     84     88     84     85     81     89     85     85     82     81     81     86     89     50     84     89     83     83     81     89     90     86     85     88     85     90     85     81     85     83     83     84  
    3     49     86     47     90     81     83     81     81      0      7     47     19     46     83     42     84     88     17     48     81     49     90     85     89     85     90     48     83     85     81     87     81     85     85     82     14     44     89     42     89     86     86     85     87     43     88     83     88     82     90     89     85     84     88     88     88     90     89     82     87     89     86     46     90     88     86     84     81     86     81     90     90     82     82     86     87     84     90     86     84  
   44     17     46     85     46     86     86     86     85     17      0      5     43     19     41     81     43     88     50      9     48     88     50     84     84     85     81     83     41     89     82     86     83     83     86     83     48     14     48     84     48     81     87     83     86     86     44     89     81     83     85     88     84     90     87     85     84     90     89     87     86     81     90     81     41     84     90     81     86     83     89     81     90     85     81     81     83     86     88     90     88  
   86     43      9     90     82     47     87     82     87     46      4      0     87     45      8     85     88     43     90     42     10     82     85     49     89     90     87     86     89     47     88     81     81     84     85     86     81     44     11     83     85     50     83     86     86     88     83     42     90     83     83     87     90     87     85     83     90     89     88     81     89     84     88     88     86     48     89     88     83     90     89     88     88     87     83     89     90     85     89     90     81  
   46     86     81      2     41     81     50     90     81     14     48     89      0     15     49      1     48     88     49     90     82     11     48     87     41     81     87     88     86     84     48     82     90     81     90     85     49     84     90     19     49     87     49     88     90     83     81     87     48     87     86     90     88     84     87     88     90     83     89     83     86     87     82     86     85     82     45     81     84     88     88     83     86     87     81     90     84     82     84     82     83  
   81     44     87     46      8     43     87     42     81     42      5     47      7      0     13     47      2     43     88     43     83     50     17     44     89     41     84     82     88     84     88     44     82     85     90     89     81     49     88     48      3     47     81     42     86     85     90     83     88     46     81     84     88     86     88     84     81     82     86     89     89     83     90     89     89     90     81     46     90     90     81     82     85     86     82     85     90     90     90     86     86  
   90     86     48     89     43      8     86     90     41     83     45      5     44     13      0     90     50     15     86     83     47     82     42     17     88     81     42     88     82     90     87     90     50     84     87     83     85     86     45     83     44     13     89     85     47     83     89     83     84     81     44     87     88     85     89     86     83     90     90     89     82     85     89     86     84     89     89     83     45     84     90     82     88     85     84     84     88     88     87     82     81  
   90     81     86     42     89     82      5     49     89     41     83     84     18     44     82      0     11     46     83     87     88     44     88     84      6     46     83     87     86     81     87     89     81     41     82     88     86     82     84     49     89     83      2     41     83     81     88     85     84     84     90     46     88     89     81     86     83     89     82     89     87     89     84     82     87     81     90     85     83     41     89     88     89     81     89     89     87     82     81     89     81  
   81     89     89     82     44     86     46     11     46     88     43     85     41     18     43      2      0      1     85     82     86     86     44     88     43      5     45     81     88     82     86     84     81     87     45     88     86     89     88     90     41     90     44     11     45     83     83     87     87     85     82     88     49     81     84     90     88     87     81     88     87     82     89     86     83     86     87     84     89     84     42     88     87     85     83     84     82     88     83     85     90  
   90     84     86     82     90     43     88     49     18     81     87     48     85     48      3     47      7      0     88     90     90     87     84     47     88     47      5     90     88     90     85     90     81     81     84     43     86     90     89     84     88     43     81     47      8     90     90     85     87     90     90     86     89     44     84     90     85     86     86     86     87     85     82     86     86     89     84     81     82     84     83     41     86     90     89     82     81     86     84     86     86  
   47     85     81     87     87     81     90     90     90     12     48     83     50     81     84     85     87     83      0      9     41      4     46     81     45     90     84     84     87     83     86     87     87     90     86     87     42     90     87     84     82     90     87     86     85     13     50     81     42     89     86     90     87     90     82     83     87     90     87     85     81     87     88     88     89     88     82     89     83     84     88     83     41     88     83     83     88     90     89     89     86  
   90     46     90     85     83     88     87     88     89     44     17     45     88     44     83     89     89     83     15      0     17     44     18     43     83     49     89     89     89     87     89     87     83     90     85     88     90     48     87     86     81     81     90     90     83     48     19     41     87     48     86     87     84     87     89     85     85     82     88     85     87     85     87     85     88     85     82     85     86     84     84     85     84     49     90     88     85     82     85     88     87  
   83     82     50     87     88     86     90     84     88     89     48      4     86     84     43     90     86     85     45      8      0     84     46     20     81     88     46     81     90     84     89     86     87     87     90     84     82     84     43     90     87     89     86     90     90     87     48     20     86     87     45     90     83     90     81     82     89     82     89     81     86     89     83     90     81     83     85     84     81     90     87     90     89     83     44     89     82     84     85     85     90  
   86     89     87     50     84     87     87     83     89     46     89     83      2     48     84     48     88     81      2     50     81      0      2     48      5     46     89     82     86     90     90     85     82     82     89     86     83     84     83     48     89     82     83     90     89     42     87     90      9     47     84     43     81     90     82     83     84     85     81     87     84     88     83     83     87     86     82     85     82     86     84     90     89     85     82     46     85     84     81     86     81  
   85     83     88     87     50     86     89     87     86     83     43     82     41     16     45     88     47     85     49     14     43      6      0      5     43     12     48     86     88     87     86     89     89     88     86     84     88     82     88     89     46     83     84     89     81     82     44     82     44     11     50     85     41     83     82     85     85     87     82     82     82     84     81     84     88     83     85     87     87     83     84     81     81     86     86     82     47     83     89     82     89  
   84     86     85     81     86     44     84     84     84     82     84     44     89     47      2     81     86     43     85     49      7     48      8      0     83     44      5     82     87     88     88     89     88     87     90     84     90     83     82     81     90     46     81     86     83     87     90     43     83     48     16     82     87     45     82     83     83     90     88     86     82     83     85     83     90     88     89     87     85     84     81     82     84     83     90     81     87     45     83     81     87  
   90     87     81     90     83     86     43     83     86     83     90     83     45     88     86      6     44     90     41     81     83     18     50     84      0     20     44     88     90     86     86     84     82     90     81     84     82     90     86     83     87     85     47     84     86     86     85     83     43     82     89     12     50     85     82     85     86     86     90     82     84     87     82     90     88     90     85     83     89     82     83     87     85     90     86     86     88     88     42     83     88  
   89     89     82     81     89     89     83     42     88     81     88     87     84     49     89     41     19     50     88     42     90     45     18     44     14      0      4     88     87     89     88     82     81     87     88     87     88     87     85     82     90     87     86     41     90     82     86     87     86     47     84     46     11     41     85     81     86     90     81     90     82     81     87     86     82     90     84     83     89     83     84     82     90     82     87     88     83     84     86     49     85  
   88     90     89     88     82     90     81     86     44     89     88     86     85     81     50     90     50     12     81     81     43     83     48     11     44      1      0     90     83     85     89     83     84     84     89     90     84     84     86     86     84     82     85     81     49     84     88     87     84     87     42     90     44     12     84     89     82     87     85     83     82     90     90     90     87     84     88     86     87     85     85     86     85     90     83     90     89     84     85     88     45  
    6     42     81     42     81     82     87     90     88     50     85     85     90     86     82     87     86     88     90     82     84     89     83     85     90     89     90      0     10     48     10     47     83     47     85     85      2     47     85     45     85     86     85     87     81     47     87     86     84     90     82     83     84     85     17     45     82     50     83     82     90     89     87     42     87     81     83     83     86     86     89     89     86     86     85     87     84     89     90     85     88  
   47      9     48     83     46     88     85     82     88     85     41     86     87     89     90     86     87     82     86     89     86     90     82     83     89     89     85     19      0     20     43     12     46     85     41     90     43      4     49     85     42     89     89     81     84     81     48     90     85     83     85     82     87     82     49     15     45     88     45     81     86     87     83     87     45     87     87     84     82     89     90     87     88     88     90     85     88     88     81     81     82  
   86     45      9     90     89     43     89     81     85     90     83     45     81     87     89     83     85     84     87     81     84     89     89     89     89     90     84     41     14      0     87     50      5     82     90     45     88     50      7     81     88     42     90     89     81     88     86     44     89     84     82     84     86     89     88     47      7     89     89     50     85     89     83     90     87     50     90     81     82     83     82     81     88     84     81     82     82     85     89     86     90  
   44     81     89     12     43     86     46     85     82     86     85     83     46     89     83     81     90     86     81     86     83     81     82     87     87     82     90     19     45     81      0     17     48     18     41     83     45     89     84      6     47     84     48     89     88     84     81     90     41     83     90     84     89     87     45     89     81     12     49     87     44     85     82     81     83     81     48     84     85     83     87     81     87     82     86     88     84     88     81     83     90  
   82     44     90     49      2     48     86     47     81     89     87     84     89     46     86     85     87     83     85     88     84     82     85     89     82     85     86     42      4     41     10      0     20     49      2     44     84     46     87     45      4     43     88     42     82     86     81     88     85     49     81     88     87     82     84     41     83     47      9     48     85     48     89     81     84     82     83     44     83     86     82     82     87     88     90     85     89     86     89     84     84  
   84     83     43     85     42      2     87     85     49     81     82     81     84     90     45     81     81     88     87     84     84     86     90     81     87     89     85     85     44      1     48      6      0     87     43      4     81     83     41     90     48      8     85     81     48     81     84     82     81     88     46     84     89     88     87     82     50     81     42      1     86     86     49     86     87     81     81     82     41     88     82     86     81     86     81     82     87     82     83     90     81  
   90     85     85     45     84     81     14     48     90     81     81     82     87     90     81     44     82     83     81     81     90     81     87     84     89     87     86     49     84     88      6     50     86      0     11     48     90     90     83     43     88     89     11     49     90     83     90     85     85     88     81     41     90     82     85     86     87     44     82     83      6     41     87     87     81     84     86     88     85     44     87     87     81     88     82     84     82     90     85     87     90  
   89     88     81     85     46     88     48     20     42     89     82     88     87     87     90     89     48     82     82     85     84     89     86     81     87     87     90     86     43     83     45      5     42     14      0     14     81     86     87     83     50     90     41     12     50     89     85     88     90     88     88     81     41     83     85     84     81     89     45     85     43     20     49     82     87     84     90     90     82     88     41     83     87     86     89     87     90     82     86     90     81  
   81     84     85     81     83     41     82     42     18     85     82     82     88     82     82     87     87     43     88     82     85     84     82     87     83     85     87     83     88     50     87     42      9     49     11      0     84     88     84     87     82     45     87     48      2     81     89     88     83     86     86     82     84     43     87     90     90     85     86     44     83     41      7     84     87     83     90     86     86     86     81     48     90     82     89     83     84     86     89     85     84  
   47     90     84     86     85     84     81     81     85     13     45     85     44     88     83     90     86     83     47     83     82     84     85     87     88     90     82     16     42     85     44     87     81     90     85     90      0     14     47     12     46     88     42     81     84     17     44     82     41     84     85     85     87     88     48     85     84     87     87     88     85     88     82      6     43     83     44     89     84     85     88     87     45     82     89     87     90     84     81     86     88  
   84     48     83     85     88     87     81     84     89     45      3     42     90     48     87     81     88     82     88     41     87     81     81     88     83     88     82     50      7     50     83     50     90     85     90     87     18      0      1     49     12     41     84     49     86     45      4     46     89     49     86     83     88     83     86     48     89     87     85     83     83     87     90     46     19     47     81     50     86     88     89     88     84     49     90     87     83     88     89     83     90  
   82     89     47     87     86     86     89     90     90     87     45      2     87     87     47     87     84     90     86     83     46     87     85     85     83     84     84     85     47     13     82     85     47     84     83     87     48     18      0     85     48      1     82     90     43     90     45     19     82     82     41     88     90     88     90     85     41     87     89     90     86     90     82     85     42      7     87     89     50     84     85     84     84     84     46     90     81     90     88     90     85  
   90     87     82     46     81     87     87     81     90     50     82     89      4     46     83     45     89     88     82     85     89     47     90     81     81     88     85     49     81     84     12     45     88     42     89     87     16     48     86      0      4     44     19     45     85     47     89     84     19     48     88     44     89     90     87     88     84     43     86     84     83     86     84     48     87     87      9     49     90     42     86     83     89     84     82     42     84     90     85     90     87  
   82     88     86     87     41     87     84     82     85     86     49     83     46     16     49     86     49     83     82     84     82     86     49     89     90     84     88     88     44     83     50      2     49     81     47     85     50      2     43     19      0     17     45     10     43     84     45     87     46      1     50     81     47     81     84     84     85     86     50     90     89     81     82     87     47     85     48     19     50     81     47     82     90     84     87     86     42     88     89     87     88  
   90     83     86     88     86     43     88     90     85     81     89     42     86     41      3     86     82     47     81     86     82     85     90     44     82     84     84     84     86     45     88     45     19     84     88     48     86     42      9     49     15      0     85     48      6     81     83     49     88     47      6     85     83     45     89     81     82     81     84     45     88     89     90     84     88     41     85     41     20     82     82     46     87     90     81     82     89     41     82     84     89  
   87     82     81     88     85     83     48     89     85     90     88     88     42     81     90      8     50     89     87     88     89     89     86     81     45     82     85     90     84     90     44     82     89      4     49     82     45     87     81      4     49     84      0     18     44     87     83     84     45     86     89     19     44     90     85     84     89     87     83     88     41     83     87     89     85     85     43     86     84      7     42     90     88     90     89     84     85     83     46     86     89  
   89     87     86     82     81     88     90     45     83     89     82     81     84     49     90     48      9     50     82     87     87     86     88     88     89     41     89     83     82     85     87     50     82     49     19     48     88     50     87     49      3     48     15      0     10     84     86     83     88     46     81     43     10     43     82     86     88     86     90     86     89     48     90     89     87     85     81     47     83     46     19     46     87     82     88     83     86     82     83     49     83  
   87     85     83     86     86     89     83     86     47     86     83     84     86     87     48     83     46     17     83     81     81     86     89     85     89     90     41     90     88     88     89     83     42     90     42     14     86     90     43     82     44     19     45      6      0     90     86     83     84     83     43     86     43      3     84     86     89     84     89     88     89     87     45     88     86     82     90     87     44     83     50     12     86     85     83     81     85     85     87     81     48  
   89     85     82     89     81     86     83     83     90     42     84     89     88     81     84     81     83     83      8     42     87     43     81     85     88     87     89     46     82     89     86     81     86     83     82     81      3     46     90     43     84     83     88     87     82      0      3     43     14     49     83     42     84     86     89     84     87     83     85     83     90     83     89     41     89     86     88     83     86     90     83     86     11     45     83     42     90     85     81     84     85  
   86     84     84     87     82     89     84     85     81     89     47     84     82     90     83     89     86     83     44      9     44     87     44     88     81     90     81     83     44     90     86     88     85     81     83     83     47     17     49     83     47     90     90     81     81     15      0     10     49      8     42     90     46     85     84     87     81     89     85     90     81     87     84     83     42     88     90     88     85     83     90     83     45      2     41     84     48     89     84     86     86  
   90     83     89     84     90     87     85     87     86     85     87     50     86     81     82     86     89     85     85     50      4     82     85     50     85     83     87     88     82     41     88     89     84     83     82     81     89     41     15     87     84     46     90     85     84     45     11      0     90     44     14     86     88     47     82     87     89     82     82     81     86     86     89     83     85     45     83     82     81     88     85     90     85     45     15     84     84     47     86     81     83  
   81     90     83     85     83     87     82     84     83     87     84     90     44     88     87     85     88     85     50     86     82     14     45     84     42     90     85     87     84     81     42     87     84     87     88     90     43     85     86     13     46     84     49     86     81      7     42     83      0      5     46     20     41     83     83     89     82     87     87     88     81     81     83     86     82     86     47     86     88     83     85     89     43     84     89     19     43     90     50     86     82  
   85     88     89     82     90     82     87     88     89     83     84     88     81     45     88     86     90     84     89     41     89     50      2     45     81     42     84     82     89     85     84     43     88     89     86     81     89     50     87     42     18     43     83     42     89     47     10     46      5      0     20     44     10     48     81     88     83     89     88     83     85     90     87     82     84     82     84     42     85     88     82     84     90     43     84     44     13     44     85     50     85  
   89     85     81     81     87     82     84     81     82     81     87     83     85     82     48     84     87     84     82     85     48     84     49     10     88     84     41     84     86     82     83     85     50     90     88     83     87     81     48     81     42      9     84     90     47     89     43     16     42     18      0     86     50     11     81     84     83     85     86     83     88     88     90     87     86     87     88     84     50     89     83     81     88     81     49     88     41     17     90     90     50  
   86     87     90     88     86     85     83     84     89     88     81     83     82     86     81     42     86     86     81     90     88     42     84     82     15     47     90     83     87     83     86     83     89     50     83     81     84     82     86     50     90     89      2     49     85     50     89     81      6     44     88      0      7     50     86     85     83     81     87     82     90     85     82     85     89     89     82     87     87     43     86     86     83     82     90     48     83     90     16     41     90  
   89     87     87     81     89     85     88     85     81     86     85     85     87     90     85     82     45     83     83     87     81     82     48     87     48      7     47     81     86     81     81     83     86     90     41     82     82     90     89     81     49     89     47      1     43     86     48     88     46      7     41      4      0     19     88     88     81     84     85     86     83     85     90     86     86     90     82     88     86     86     45     85     82     85     83     83     41     90     50     20     46  
   86     89     82     84     89     83     83     88     81     90     85     90     84     84     83     81     86     44     89     88     86     90     82     41     88     47      9     88     82     87     86     87     86     85     86     42     81     87     85     88     86     49     89     47     13     89     82     46     90     41      5     44     11      0     89     87     87     85     82     87     82     85     89     89     82     90     82     84     83     87     85     43     85     90     82     87     89     49     84     45     12  
   42     86     89     87     90     87     86     90     81     85     90     86     86     81     86     85     90     88     82     82     86     90     85     82     83     84     86      1     45     86     48     90     89     81     87     84     41     81     90     88     87     90     88     84     90     83     84     87     88     84     84     89     81     89      0     16     43     19     43     90     47     82     88      4     45     90     47     86     88     87     90     85     49     81     90     89     84     85     81     90     83  
   87     42     84     83     84     82     88     87     89     88     89     83     88     82     90     84     89     87     83     82     89     83     90     89     82     87     81     50     17     49     82     46     82     85     84     90     86     48     82     83     85     88     88     87     83     84     81     85     88     82     89     86     81     89     13      0     12     48     16     41     86     41     88     44      6     41     82     48     83     87     82     86     88     44     90     87     86     86     87     86     87  
   90     82     47     90     87     87     90     90     84     82     83     90     83     85     88     87     81     81     85     85     84     81     83     81     83     84     87     90     44      2     85     81     46     90     85     88     86     84     48     88     82     87     89     90     84     83     83     84     83     90     88     89     81     81     45     17      0     90     48      9     85     83     47     83     46      5     86     89     47     90     82     81     84     88     42     81     83     81     88     85     85  
   86     90     84     42     90     83     86     83     88     90     82     86     90     87     85     87     87     85     90     82     86     81     82     86     87     90     84     44     87     90      6     41     88     43     87     85     84     81     81     49     90     90     85     83     81     81     90     87     90     86     86     85     90     90      9     42     82      0      7     41      7     49     81     45     87     86     14     45     85     49     88     90     81     86     82     43     84     83     82     81     88  
   89     82     81     88     42     86     86     85     82     82     86     81     89     84     88     85     81     88     85     89     88     88     83     88     89     87     83     86     47     84     46      5     44     82     44     84     85     89     84     86     44     81     81     81     85     88     83     84     86     85     89     90     90     83     44     14     48      1      0     10     44      3     41     85     47     84     45      8     45     87     43     81     81     86     87     82     45     81     89     87     84  
   83     89     81     87     86     44     87     82     88     81     90     83     86     89     89     83     81     89     89     90     83     85     89     83     85     83     87     83     82     47     89     43     18     83     87     50     87     90     84     87     83     43     90     82     82     86     82     84     86     87     90     81     83     87     84     48      5     43     12      0     83     45     15     81     90     48     83     42      6     87     86     41     84     83     90     85     86     48     88     86     89  
   89     89     90     88     90     81     45     90     88     86     85     82     89     83     85     90     87     81     90     89     84     82     85     85     82     90     87     83     82     89     48     84     81     12     44     83     84     86     88     89     87     90     45     83     81     89     86     82     86     87     89     89     87     81     42     81     86      1     47     87      0     17     49     88     84     88     45     81     90      5     49     87     86     84     82     90     83     87     41     81     89  
   89     90     84     84     87     86     89     44     85     84     87     84     82     83     81     84     81     81     84     85     83     85     85     84     84     83     85     88     84     87     86     42     81     48     14     49     90     81     89     90     83     90     88     48     88     89     85     81     84     88     82     88     81     86     90     47     85     48     18     48      9      0     17     82     87     83     81     46     90     44      7     44     89     81     90     87     87     81     87     47     85  
   85     89     87     83     90     86     84     82     48     82     89     85     82     84     89     87     84     90     86     85     84     83     88     82     82     88     89     82     90     87     89     87     45     89     44     20     88     81     88     85     82     87     82     90     45     85     83     82     82     85     83     88     81     85     86     83     41     90     45      9     46     13      0     87     87     88     83     88     43     89     49      7     89     81     82     83     86     85     90     88     50  
   87     82     90     89     90     85     89     81     89     45     81     86     81     89     87     82     84     88     90     84     88     82     85     89     87     82     84     41     87     83     85     88     81     82     89     84     18     48     89     41     88     87     88     90     88     44     89     88     82     89     83     81     83     86     19     48     87     46     87     83     87     90     90      0      9     48      1     50     82     50     88     90     14     45     86     45     89     82     90     86     82  
   84     87     90     86     88     81     86     86     84     84     44     83     88     87     81     83     83     84     88     89     85     86     81     89     86     88     82     81     45     82     83     85     84     82     83     83     47      3     41     85     44     85     82     88     82     81     47     90     85     83     81     83     82     90     41     19     46     87     45     89     87     89     84      2      0     19     45     18     45     83     50     81     45     12     50     85     49     81     81     87     81  
   90     86     88     86     82     89     90     89     87     87     86     41     83     83     84     88     87     84     83     86     83     87     90     87     86     83     82     87     83     47     82     84     89     86     89     83     81     43     16     89     81     48     82     89     83     89     89     49     85     88     84     88     90     89     87     47      1     81     88     44     83     88     82     45     18      0     85     44     14     86     90     45     84     47      5     88     90     47     82     88     88  
   84     86     86     90     90     83     84     83     88     86     89     87     42     86     84     83     82     86     88     85     83     88     87     88     83     84     87     89     84     83     42     87     86     87     88     83     44     87     86      4     43     90     48     90     85     83     88     88     43     82     86     83     89     82     42     87     85     17     43     86     46     85     83      4     45     85      0      8     48     14     43     84     49     88     81     20     50     82     42     90     83  
   85     87     87     84     85     90     85     89     84     83     83     90     87     48     88     83     83     86     86     88     86     81     85     89     88     89     82     83     90     90     85     42     90     83     81     85     83     44     83     48     19     50     89     42     85     82     85     88     90     45     82     81     83     81     86     44     88     49      5     46     90     46     82     47     11     46     16      0      7     49      5     41     89     50     85     41      5     45     82     46     83  
   89     89     87     81     89     84     90     90     87     83     85     83     86     85     41     83     89     85     85     81     85     84     83     83     86     84     82     83     81     82     90     84     47     89     85     84     84     90     42     89     49      5     86     81     42     82     82     83     87     90     46     81     86     90     89     87     50     81     46      5     90     89     46     83     44     10     43     18      0     81     44      7     84     81     47     84     42     17     85     81     48  
   87     88     82     84     88     83     85     81     87     90     89     89     89     82     87     42     81     87     90     87     90     84     81     86     88     89     87     85     87     89     90     86     89     41     85     88     90     90     89     48     87     84      3     44     89     82     85     89     82     90     86     43     89     86     85     87     87     41     88     83      2     45     87     44     86     86      3     45     89      0      9     44     90     85     85     41     83     83      8     41     82  
   82     88     87     86     88     90     88     86     82     88     90     88     81     85     88     88     49     85     88     86     89     83     84     90     84     87     87     90     82     86     85     90     90     88     42     90     81     84     81     89     49     82     46      2     49     85     84     87     84     86     89     84     43     83     88     85     84     85     48     86     50     17     48     81     41     81     49     16     44     12      0      6     87     85     85     85     50     88     43      7     45  
   82     88     82     82     90     82     87     89     87     89     90     84     89     89     90     87     82     49     89     87     84     84     82     81     83     85     90     88     89     86     83     82     89     84     88     49     82     85     90     89     89     42     90     45      1     84     90     87     84     81     83     89     81     50     81     89     83     83     89     48     90     45      7     89     84     41     84     48      8     43      3      0     83     84     81     84     87     41     88     41      7  
   86     84     83     89     85     84     81     83     85     82     85     87     85     83     87     88     87     87     50     83     81     81     86     81     87     83     85     86     88     81     85     85     81     82     90     85     48     84     89     89     82     85     84     81     85     13     42     86     42     81     88     82     81     88     45     86     88     81     88     89     90     81     84     14     44     88     44     85     87     83     83     85      0     16     45     12     43     90     44     86     85  
   89     81     81     90     87     83     81     85     90     81     82     89     87     90     84     83     86     88     81     49     88     90     86     88     88     87     81     82     83     83     90     83     89     85     86     84     82     48     90     88     86     84     87     88     85     46      5     43     85     49     81     90     84     85     90     42     86     87     81     82     85     81     81     42      7     50     89     50     82     82     88     86     16      0      1     47     14     43     89     41     81  
   82     90     87     89     88     89     90     82     90     90     83     89     81     89     81     82     88     82     82     82     46     84     82     85     85     86     84     81     81     81     84     83     84     86     84     83     88     88     48     90     90     88     86     82     87     85     48     20     82     83     46     83     86     83     84     88     47     85     84     83     83     85     87     84     47      6     87     90     49     87     89     87     43     14      0     90     43     10     85     90     41  
   86     88     81     88     82     81     83     86     90     81     86     90     85     87     88     81     84     86     90     81     81     46     90     87     84     89     90     86     83     88     87     83     86     81     83     84     82     84     87     42     90     81     88     90     81     43     88     82      8     44     82     44     83     87     90     86     85     50     84     81     87     82     89     48     81     89      7     46     87     46     88     90     15     49     84      0      8     49     14     49     84  
   83     90     84     83     82     89     87     82     82     88     90     89     85     86     89     86     89     87     90     81     81     83     44     82     82     88     87     90     88     88     88     85     84     83     83     90     90     81     90     82     43     86     83     88     90     87     42     82     42     14     45     86     47     84     87     90     90     88     46     87     87     83     82     87     50     88     48     10     43     86     49     83     47     15     44      1      0      7     48     20     45  
   90     85     85     86     87     83     88     88     85     86     83     86     88     85     89     81     85     84     87     90     82     84     90     49     89     83     82     88     81     87     89     87     88     87     88     89     89     88     83     90     90     41     82     89     82     90     82     44     90     46      2     88     86     47     88     85     89     84     86     49     84     87     90     89     81     45     84     41      9     81     90     44     83     50     11     43      6      0     89     44     12  
   81     86     81     89     81     90     86     89     83     89     90     90     90     85     83     88     83     89     87     86     85     86     89     84     44     83     82     81     85     85     89     83     81     81     90     83     87     88     83     83     84     90     48     85     88     81     87     84     45     85     89     18     44     81     85     82     86     84     85     86     42     83     90     81     86     89     49     88     89     12     50     88     45     85     89      6     46     83      0      9     47  
   86     84     81     85     81     87     87     87     85     86     87     87     87     82     83     81     85     88     90     83     81     86     88     84     84     46     86     83     88     90     89     82     90     90     88     89     88     87     90     87     87     90     89     46     85     86     82     84     83     50     87     45     17     46     89     82     87     87     88     84     89     49     89     83     81     89     86     46     85     44     11     46     82     46     83     48     12     49      3      0      6  
   88     83     89     86     90     85     81     87     86     87     81     86     84     88     83     86     89     83     89     86     88     88     84     83     87     82     46     88     82     88     88     84     90     86     86     88     86     87     90     86     83     87     82     85     44     88     83     86     90     83     41     85     47      5     82     87     85     84     89     82     90     82     49     89     82     86     82     86     47     90     41      4     86     87     44     84     45     20     48      1      0  

    0  10000     60  10000      0      0      0      0      0      0      0      0      0      0      0      0      0      0      0      0      0      0      0      0      0      0      0      0      0      0      0      0      0      0      0      0      0      0      0      0      0      0      0      0      0      0      0      0      0      0      0      0      0      0      0      0      0      0      0      0      0      0      0      0      0      0      0      0      0      0      0      0      0      0      0      0      0      0      0      0      0  
10000      0  10000     99      0      0      0      0      0      0      0      0      0      0      0      0      0      0      0      0      0      0      0      0      0      0      0      0      0      0      0      0      0      0      0      0      0      0      0      0      0      0      0      0      0      0      0      0      0      0      0      0      0      0      0      0      0      0      0      0      0      0      0      0      0      0      0      0      0      0      0      0      0      0      0      0      0      0      0      0      0  
   68  10000      0  10000      0      0      0      0      0      0      0      0      0      0      0      0      0      0      0      0      0      0      0      0      0      0      0      0      0      0      0      0      0      0      0      0      0      0      0      0      0      0      0      0      0      0      0      0      0      0      0      0      0      0      0      0      0      0      0      0      0      0      0      0      0      0      0      0      0      0      0      0      0      0      0      0      0      0      0      0      0  
10000     59  10000      0      0      0      0      0      0      0      0      0      0      0      0      0      0      0      0      0      0      0      0      0      0      0      0      0      0      0      0      0      0      0      0      0      0      0      0      0      0      0      0      0      0      0      0      0      0      0      0      0      0      0      0      0      0      0      0      0      0      0      0      0      0      0      0      0      0      0      0      0      0      0      0      0      0      0      0      0      0  
    0      0      0      0      0  10000     46  10000      0      0      0      0      0      0      0      0      0      0      0      0      0      0      0      0      0      0      0      0      0      0      0      0      0      0      0      0      0      0      0      0      0      0      0      0      0      0      0      0      0      0      0      0      0      0      0      0      0      0      0      0      0      0      0      0      0      0      0      0      0      0      0      0      0      0      0      0      0      0      0      0      0  
    0      0      0      0  10000      0  10000     58      0      0      0      0      0      0      0      0      0      0      0      0      0      0      0      0      0      0      0      0      0      0      0      0      0      0      0      0      0      0      0      0      0      0      0      0      0      0      0      0      0      0      0      0      0      0      0      0      0      0      0      0      0      0      0      0      0      0      0      0      0      0      0      0      0      0      0      0      0      0      0      0      0  
    0      0      0      0     27  10000      0  10000      0      0      0      0      0      0      0      0      0      0      0      0      0      0      0      0      0      0      0      0      0      0      0      0      0      0      0      0      0      0      0      0      0      0      0      0      0      0      0      0      0      0      0      0      0      0      0      0      0      0      0      0      0      0      0      0      0      0      0      0      0      0      0      0      0      0      0      0      0      0      0      0      0  
    0      0      0      0  10000     96  10000      0      0      0      0      0      0      0      0      0      0      0      0      0      0      0      0      0      0      0      0      0      0      0      0      0      0      0      0      0      0      0      0      0      0      0      0      0      0      0      0      0      0      0      0      0      0      0      0      0      0      0      0      0      0      0      0      0      0      0      0      0      0      0      0      0      0      0      0      0      0      0      0      0      0  
    0      0      0      0      0      0      0      0      0  10000     94  10000      0      0      0      0      0      0      0      0      0      0      0      0      0      0      0      0      0      0      0      0      0      0      0      0      0      0      0      0      0      0      0      0      0      0      0      0      0      0      0      0      0      0      0      0      0      0      0      0      0      0      0      0      0      0      0      0      0      0      0      0      0      0      0      0      0      0      0      0      0  
    0      0      0      0      0      0      0      0  10000      0  10000     22      0      0      0      0      0      0      0      0      0      0      0      0      0      0      0      0      0      0      0      0      0      0      0      0      0      0      0      0      0      0      0      0      0      0      0      0      0      0      0      0      0      0      0      0      0      0      0      0      0      0      0      0      0      0      0      0      0      0      0      0      0      0      0      0      0      0      0      0      0  
    0      0      0      0      0      0      0      0     70  10000      0  10000      0      0      0      0      0      0      0      0      0      0      0      0      0      0      0      0      0      0      0      0      0      0      0      0      0      0      0      0      0      0      0      0      0      0      0      0      0      0      0      0      0      0      0      0      0      0      0      0      0      0      0      0      0      0      0      0      0      0      0      0      0      0      0      0      0      0      0      0      0  
    0      0      0      0      0      0      0      0  10000     63  10000      0      0      0      0      0      0      0      0      0      0      0      0      0      0      0      0      0      0      0      0      0      0      0      0      0      0      0      0      0      0      0      0      0      0      0      0      0      0      0      0      0      0      0      0      0      0      0      0      0      0      0      0      0      0      0      0      0      0      0      0      0      0      0      0      0      0      0      0      0      0  
    0      0      0      0      0      0      0      0      0      0      0      0      0  10000     49  10000      0      0      0      0      0      0      0      0      0      0      0      0      0      0      0      0      0      0      0      0      0      0      0      0      0      0      0      0      0      0      0      0      0      0      0      0      0      0      0      0      0      0      0      0      0      0      0      0      0      0      0      0      0      0      0      0      0      0      0      0      0      0      0      0      0  
    0      0      0      0      0      0      0      0      0      0      0      0  10000      0  10000     79      0      0      0      0      0      0      0      0      0      0      0      0      0      0      0      0      0      0      0      0      0      0      0      0      0      0      0      0      0      0      0      0      0      0      0      0      0      0      0      0      0      0      0      0      0      0      0      0      0      0      0      0      0      0      0      0      0      0      0      0      0      0      0      0      0  
    0      0      0      0      0      0      0      0      0      0      0      0     81  10000      0  10000      0      0      0      0      0      0      0      0      0      0      0      0      0      0      0      0      0      0      0      0      0      0      0      0      0      0      0      0      0      0      0      0      0      0      0      0      0      0      0      0      0      0      0      0      0      0      0      0      0      0      0      0      0      0      0      0      0      0      0      0      0      0      0      0      0  
    0      0      0      0      0      0      0      0      0      0      0      0  10000     89  10000      0      0      0      0      0      0      0      0      0      0      0      0      0      0      0      0      0      0      0      0      0      0      0      0      0      0      0      0      0      0      0      0      0      0      0      0      0      0      0      0      0      0      0      0      0      0      0      0      0      0      0      0      0      0      0      0      0      0      0      0      0      0      0      0      0      0  
    0      0      0      0      0      0      0      0      0      0      0      0      0      0      0      0      0  10000     39  10000      0      0      0      0      0      0      0      0      0      0      0      0      0      0      0      0      0      0      0      0      0      0      0      0      0      0      0      0      0      0      0      0      0      0      0      0      0      0      0      0      0      0      0      0      0      0      0      0      0      0      0      0      0      0      0      0      0      0      0      0      0  
    0      0      0      0      0      0      0      0      0      0      0      0      0      0      0      0  10000      0  10000     92      0      0      0      0      0      0      0      0      0      0      0      0      0      0      0      0      0      0      0      0      0      0      0      0      0      0      0      0      0      0      0      0      0      0      0      0      0      0      0      0      0      0      0      0      0      0      0      0      0      0      0      0      0      0      0      0      0      0      0      0      0  
    0      0      0      0      0      0      0      0      0      0      0      0      0      0      0      0     43  10000      0  10000      0      0      0      0      0      0      0      0      0      0      0      0      0      0      0      0      0      0      0      0      0      0      0      0      0      0      0      0      0      0      0      0      0      0      0      0      0      0      0      0      0      0      0      0      0      0      0      0      0      0      0      0      0      0      0      0      0      0      0      0      0  
    0      0      0      0      0      0      0      0      0      0      0      0      0      0      0      0  10000     98  10000      0      0      0      0      0      0      0      0      0      0      0      0      0      0      0      0      0      0      0      0      0      0      0      0      0      0      0      0      0      0      0      0      0      0      0      0      0      0      0      0      0      0      0      0      0      0      0      0      0      0      0      0      0      0      0      0      0      0      0      0      0      0  
    0      0      0      0      0      0      0      0      0      0      0      0      0      0      0      0      0      0      0      0      0  10000     72  10000      0      0      0      0      0      0      0      0      0      0      0      0      0      0      0      0      0      0      0      0      0      0      0      0      0      0      0      0      0      0      0      0      0      0      0      0      0      0      0      0      0      0      0      0      0      0      0      0      0      0      0      0      0      0      0      0      0  
    0      0      0      0      0      0      0      0      0      0      0      0      0      0      0      0      0      0      0      0  10000      0  10000     67      0      0      0      0      0      0      0      0      0      0      0      0      0      0      0      0      0      0      0      0      0      0      0      0      0      0      0      0      0      0      0      0      0      0      0      0      0      0      0      0      0      0      0      0      0      0      0      0      0      0      0      0      0      0      0      0      0  
    0      0      0      0      0      0      0      0      0      0      0      0      0      0      0      0      0      0      0      0     86  10000      0  10000      0      0      0      0      0      0      0      0      0      0      0      0      0      0      0      0      0      0      0      0      0      0      0      0      0      0      0      0      0      0      0      0      0      0      0      0      0      0      0      0      0      0      0      0      0      0      0      0      0      0      0      0      0      0      0      0      0  
    0      0      0      0      0      0      0      0      0      0      0      0      0      0      0      0      0      0      0      0  10000     86  10000      0      0      0      0      0      0      0      0      0      0      0      0      0      0      0      0      0      0      0      0      0      0      0      0      0      0      0      0      0      0      0      0      0      0      0      0      0      0      0      0      0      0      0      0      0      0      0      0      0      0      0      0      0      0      0      0      0      0  
    0      0      0      0      0      0      0      0      0      0      0      0      0      0      0      0      0      0      0      0      0      0      0      0      0  10000     50  10000      0      0      0      0      0      0      0      0      0      0      0      0      0      0      0      0      0      0      0      0      0      0      0      0      0      0      0      0      0      0      0      0      0      0      0      0      0      0      0      0      0      0      0      0      0      0      0      0      0      0      0      0      0  
    0      0      0      0      0      0      0      0      0      0      0      0      0      0      0      0      0      0      0      0      0      0      0      0  10000      0  10000     95      0      0      0      0      0      0      0      0      0      0      0      0      0      0      0      0      0      0      0      0      0      0      0      0      0      0      0      0      0      0      0      0      0      0      0      0      0      0      0      0      0      0      0      0      0      0      0      0      0      0      0      0      0  
    0      0      0      0      0      0      0      0      0      0      0      0      0      0      0      0      0      0      0      0      0      0      0      0     51  10000      0  10000      0      0      0      0      0      0      0      0      0      0      0      0      0      0      0      0      0      0      0      0      0      0      0      0      0      0      0      0      0      0      0      0      0      0      0      0      0      0      0      0      0      0      0      0      0      0      0      0      0      0      0      0      0  
    0      0      0      0      0      0      0      0      0      0      0      0      0      0      0      0      0      0      0      0      0      0      0      0  10000    100  10000      0      0      0      0      0      0      0      0      0      0      0      0      0      0      0      0      0      0      0      0      0      0      0      0      0      0      0      0      0      0      0      0      0      0      0      0      0      0      0      0      0      0      0      0      0      0      0      0      0      0      0      0      0      0  
    0      0      0      0      0      0      0      0      0      0      0      0      0      0      0      0      0      0      0      0      0      0      0      0      0      0      0      0      0  10000     63  10000      0      0      0      0      0      0      0      0      0      0      0      0      0      0      0      0      0      0      0      0      0      0      0      0      0      0      0      0      0      0      0      0      0      0      0      0      0      0      0      0      0      0      0      0      0      0      0      0      0  
    0      0      0      0      0      0      0      0      0      0      0      0      0      0      0      0      0      0      0      0      0      0      0      0      0      0      0      0  10000      0  10000     84      0      0      0      0      0      0      0      0      0      0      0      0      0      0      0      0      0      0      0      0      0      0      0      0      0      0      0      0      0      0      0      0      0      0      0      0      0      0      0      0      0      0      0      0      0      0      0      0      0  
    0      0      0      0      0      0      0      0      0      0      0      0      0      0      0      0      0      0      0      0      0      0      0      0      0      0      0      0      3  10000      0  10000      0      0      0      0      0      0      0      0      0      0      0      0      0      0      0      0      0      0      0      0      0      0      0      0      0      0      0      0      0      0      0      0      0      0      0      0      0      0      0      0      0      0      0      0      0      0      0      0      0  
    0      0      0      0      0      0      0      0      0      0      0      0      0      0      0      0      0      0      0      0      0      0      0      0      0      0      0      0  10000     31  10000      0      0      0      0      0      0      0      0      0      0      0      0      0      0      0      0      0      0      0      0      0      0      0      0      0      0      0      0      0      0      0      0      0      0      0      0      0      0      0      0      0      0      0      0      0      0      0      0      0      0  
    0      0      0      0      0      0      0      0      0      0      0      0      0      0      0      0      0      0      0      0      0      0      0      0      0      0      0      0      0      0      0      0      0  10000     66  10000      0      0      0      0      0      0      0      0      0      0      0      0      0      0      0      0      0      0      0      0      0      0      0      0      0      0      0      0      0      0      0      0      0      0      0      0      0      0      0      0      0      0      0      0      0  
    0      0      0      0      0      0      0      0      0      0      0      0      0      0      0      0      0      0      0      0      0      0      0      0      0      0      0      0      0      0      0      0  10000      0  10000     69      0      0      0      0      0      0      0      0      0      0      0      0      0      0      0      0      0      0      0      0      0      0      0      0      0      0      0      0      0      0      0      0      0      0      0      0      0      0      0      0      0      0      0      0      0  
    0      0      0      0      0      0      0      0      0      0      0      0      0      0      0      0      0      0      0      0      0      0      0      0      0      0      0      0      0      0      0      0     15  10000      0  10000      0      0      0      0      0      0      0      0      0      0      0      0      0      0      0      0      0      0      0      0      0      0      0      0      0      0      0      0      0      0      0      0      0      0      0      0      0      0      0      0      0      0      0      0      0  
    0      0      0      0      0      0      0      0      0      0      0      0      0      0      0      0      0      0      0      0      0      0      0      0      0      0      0      0      0      0      0      0  10000     54  10000      0      0      0      0      0      0      0      0      0      0      0      0      0      0      0      0      0      0      0      0      0      0      0      0      0      0      0      0      0      0      0      0      0      0      0      0      0      0      0      0      0      0      0      0      0      0  
    0      0      0      0      0      0      0      0      0      0      0      0      0      0      0      0      0      0      0      0      0      0      0      0      0      0      0      0      0      0      0      0      0      0      0      0      0      0      0      0      0      0      0      0      0      0      0      0      0      0      0      0      0      0      0      0      0      0      0      0      0      0      0      0      0      0      0      0      0      0      0      0      0      0      0      0      0      0      0      0      0  
    0      0      0      0      0      0      0      0      0      0      0      0      0      0      0      0      0      0      0      0      0      0      0      0      0      0      0      0      0      0      0      0      0      0      0      0      0      0      0      0      0      0      0      0      0      0      0      0      0      0      0      0      0      0      0      0      0      0      0      0      0      0      0      0      0      0      0      0      0      0      0      0      0      0      0      0      0      0      0      0      0  
    0      0      0      0      0      0      0      0      0      0      0      0      0      0      0      0      0      0      0      0      0      0      0      0      0      0      0      0      0      0      0      0      0      0      0      0      0      0      0      0      0      0      0      0      0      0      0      0      0      0      0      0      0      0      0      0      0      0      0      0      0      0      0      0      0      0      0      0      0      0      0      0      0      0      0      0      0      0      0      0      0  
    0      0      0      0      0      0      0      0      0      0      0      0      0      0      0      0      0      0      0      0      0      0      0      0      0      0      0      0      0      0      0      0      0      0      0      0      0      0      0      0      0      0      0      0      0      0      0      0      0      0      0      0      0      0      0      0      0      0      0      0      0      0      0      0      0      0      0      0      0      0      0      0      0      0      0      0      0      0      0      0      0  
    0      0      0      0      0      0      0      0      0      0      0      0      0      0      0      0      0      0      0      0      0      0      0      0      0      0      0      0      0      0      0      0      0      0      0      0      0      0      0      0      0      0      0      0      0      0      0      0      0      0      0      0      0      0      0      0      0      0      0      0      0      0      0      0      0      0      0      0      0      0      0      0      0      0      0      0      0      0      0      0      0  
    0      0      0      0      0      0      0      0      0      0      0      0      0      0      0      0      0      0      0      0      0      0      0      0      0      0      0      0      0      0      0      0      0      0      0      0      0      0      0      0      0      0      0      0      0      0      0      0      0      0      0      0      0      0      0      0      0      0      0      0      0      0      0      0      0      0      0      0      0      0      0      0      0      0      0      0      0      0      0      0      0  
    0      0      0      0      0      0      0      0      0      0      0      0      0      0      0      0      0      0      0      0      0      0      0      0      0      0      0      0      0      0      0      0      0      0      0      0      0      0      0      0      0      0      0      0      0      0      0      0      0      0      0      0      0      0      0      0      0      0      0      0      0      0      0      0      0      0      0      0      0      0      0      0      0      0      0      0      0      0      0      0      0  
    0      0      0      0      0      0      0      0      0      0      0      0      0      0      0      0      0      0      0      0      0      0      0      0      0      0      0      0      0      0      0      0      0      0      0      0      0      0      0      0      0      0      0      0      0      0      0      0      0      0      0      0      0      0      0      0      0      0      0      0      0      0      0      0      0      0      0      0      0      0      0      0      0      0      0      0      0      0      0      0      0  
    0      0      0      0      0      0      0      0      0      0      0      0      0      0      0      0      0      0      0      0      0      0      0      0      0      0      0      0      0      0      0      0      0      0      0      0      0      0      0      0      0      0      0      0      0      0      0      0      0      0      0      0      0      0      0      0      0      0      0      0      0      0      0      0      0      0      0      0      0      0      0      0      0      0      0      0      0      0      0      0      0  
    0      0      0      0      0      0      0      0      0      0      0      0      0      0      0      0      0      0      0      0      0      0      0      0      0      0      0      0      0      0      0      0      0      0      0      0      0      0      0      0      0      0      0      0      0      0      0      0      0      0      0      0      0      0      0      0      0      0      0      0      0      0      0      0      0      0      0      0      0      0      0      0      0      0      0      0      0      0      0      0      0  
    0      0      0      0      0      0      0      0      0      0      0      0      0      0      0      0      0      0      0      0      0      0      0      0      0      0      0      0      0      0      0      0      0      0      0      0      0      0      0      0      0      0      0      0      0      0      0      0      0      0      0      0      0      0      0      0      0      0      0      0      0      0      0      0      0      0      0      0      0      0      0      0      0      0      0      0      0      0      0      0      0  
    0      0      0      0      0      0      0      0      0      0      0      0      0      0      0      0      0      0      0      0      0      0      0      0      0      0      0      0      0      0      0      0      0      0      0      0      0      0      0      0      0      0      0      0      0      0      0      0      0      0      0      0      0      0      0      0      0      0      0      0      0      0      0      0      0      0      0      0      0      0      0      0      0      0      0      0      0      0      0      0      0  
    0      0      0      0      0      0      0      0      0      0      0      0      0      0      0      0      0      0      0      0      0      0      0      0      0      0      0      0      0      0      0      0      0      0      0      0      0      0      0      0      0      0      0      0      0      0      0      0      0      0      0      0      0      0      0      0      0      0      0      0      0      0      0      0      0      0      0      0      0      0      0      0      0      0      0      0      0      0      0      0      0  
    0      0      0      0      0      0      0      0      0      0      0      0      0      0      0      0      0      0      0      0      0      0      0      0      0      0      0      0      0      0      0      0      0      0      0      0      0      0      0      0      0      0      0      0      0      0      0      0      0      0      0      0      0      0      0      0      0      0      0      0      0      0      0      0      0      0      0      0      0      0      0      0      0      0      0      0      0      0      0      0      0  
    0      0      0      0      0      0      0      0      0      0      0      0      0      0      0      0      0      0      0      0      0      0      0      0      0      0      0      0      0      0      0      0      0      0      0      0      0      0      0      0      0      0      0      0      0      0      0      0      0      0      0      0      0      0      0      0      0      0      0      0      0      0      0      0      0      0      0      0      0      0      0      0      0      0      0      0      0      0      0      0      0  
    0      0      0      0      0      0      0      0      0      0      0      0      0      0      0      0      0      0      0      0      0      0      0      0      0      0      0      0      0      0      0      0      0      0      0      0      0      0      0      0      0      0      0      0      0      0      0      0      0      0      0      0      0      0      0      0      0      0      0      0      0      0      0      0      0      0      0      0      0      0      0      0      0      0      0      0      0      0      0      0      0  
    0      0      0      0      0      0      0      0      0      0      0      0      0      0      0      0      0      0      0      0      0      0      0      0      0      0      0      0      0      0      0      0      0      0      0      0      0      0      0      0      0      0      0      0      0      0      0      0      0      0      0      0      0      0      0      0      0      0      0      0      0      0      0      0      0      0      0      0      0      0      0      0      0      0      0      0      0      0      0      0      0  
    0      0      0      0      0      0      0      0      0      0      0      0      0      0      0      0      0      0      0      0      0      0      0      0      0      0      0      0      0      0      0      0      0      0      0      0      0      0      0      0      0      0      0      0      0      0      0      0      0      0      0      0      0      0      0      0      0      0      0      0      0      0      0      0      0      0      0      0      0      0      0      0      0      0      0      0      0      0      0      0      0  
    0      0      0      0      0      0      0      0      0      0      0      0      0      0      0      0      0      0      0      0      0      0      0      0      0      0      0      0      0      0      0      0      0      0      0      0      0      0      0      0      0      0      0      0      0      0      0      0      0      0      0      0      0      0      0      0      0      0      0      0      0      0      0      0      0      0      0      0      0      0      0      0      0      0      0      0      0      0      0      0      0  
    0      0      0      0      0      0      0      0      0      0      0      0      0      0      0      0      0      0      0      0      0      0      0      0      0      0      0      0      0      0      0      0      0      0      0      0      0      0      0      0      0      0      0      0      0      0      0      0      0      0      0      0      0      0      0      0      0      0      0      0      0      0      0      0      0      0      0      0      0      0      0      0      0      0      0      0      0      0      0      0      0  
    0      0      0      0      0      0      0      0      0      0      0      0      0      0      0      0      0      0      0      0      0      0      0      0      0      0      0      0      0      0      0      0      0      0      0      0      0      0      0      0      0      0      0      0      0      0      0      0      0      0      0      0      0      0      0      0      0      0      0      0      0      0      0      0      0      0      0      0      0      0      0      0      0      0      0      0      0      0      0      0      0  
    0      0      0      0      0      0      0      0      0      0      0      0      0      0      0      0      0      0      0      0      0      0      0      0      0      0      0      0      0      0      0      0      0      0      0      0      0      0      0      0      0      0      0      0      0      0      0      0      0      0      0      0      0      0      0      0      0      0      0      0      0      0      0      0      0      0      0      0      0      0      0      0      0      0      0      0      0      0      0      0      0  
    0      0      0      0      0      0      0      0      0      0      0      0      0      0      0      0      0      0      0      0      0      0      0      0      0      0      0      0      0      0      0      0      0      0      0      0      0      0      0      0      0      0      0      0      0      0      0      0      0      0      0      0      0      0      0      0      0      0      0      0      0      0      0      0      0      0      0      0      0      0      0      0      0      0      0      0      0      0      0      0      0  
    0      0      0      0      0      0      0      0      0      0      0      0      0      0      0      0      0      0      0      0      0      0      0      0      0      0      0      0      0      0      0      0      0      0      0      0      0      0      0      0      0      0      0      0      0      0      0      0      0      0      0      0      0      0      0      0      0      0      0      0      0      0      0      0      0      0      0      0      0      0      0      0      0      0      0      0      0      0      0      0      0  
    0      0      0      0      0      0      0      0      0      0      0      0      0      0      0      0      0      0      0      0      0      0      0      0      0      0      0      0      0      0      0      0      0      0      0      0      0      0      0      0      0      0      0      0      0      0      0      0      0      0      0      0      0      0      0      0      0      0      0      0      0      0      0      0      0      0      0      0      0      0      0      0      0      0      0      0      0      0      0      0      0  
    0      0      0      0      0      0      0      0      0      0      0      0      0      0      0      0      0      0      0      0      0      0      0      0      0      0      0      0      0      0      0      0      0      0      0      0      0      0      0      0      0      0      0      0      0      0      0      0      0      0      0      0      0      0      0      0      0      0      0      0      0      0      0      0      0      0      0      0      0      0      0      0      0      0      0      0      0      0      0      0      0  
    0      0      0      0      0      0      0      0      0      0      0      0      0      0      0      0      0      0      0      0      0      0      0      0      0      0      0      0      0      0      0      0      0      0      0      0      0      0      0      0      0      0      0      0      0      0      0      0      0      0      0      0      0      0      0      0      0      0      0      0      0      0      0      0      0      0      0      0      0      0      0      0      0      0      0      0      0      0      0      0      0  
    0      0      0      0      0      0      0      0      0      0      0      0      0      0      0      0      0      0      0      0      0      0      0      0      0      0      0      0      0      0      0      0      0      0      0      0      0      0      0      0      0      0      0      0      0      0      0      0      0      0      0      0      0      0      0      0      0      0      0      0      0      0      0      0      0      0      0      0      0      0      0      0      0      0      0      0      0      0      0      0      0  
    0      0      0      0      0      0      0      0      0      0      0      0      0      0      0      0      0      0      0      0      0      0      0      0      0      0      0      0      0      0      0      0      0      0      0      0      0      0      0      0      0      0      0      0      0      0      0      0      0      0      0      0      0      0      0      0      0      0      0      0      0      0      0      0      0      0      0      0      0      0      0      0      0      0      0      0      0      0      0      0      0  
    0      0      0      0      0      0      0      0      0      0      0      0      0      0      0      0      0      0      0      0      0      0      0      0      0      0      0      0      0      0      0      0      0      0      0      0      0      0      0      0      0      0      0      0      0      0      0      0      0      0      0      0      0      0      0      0      0      0      0      0      0      0      0      0      0      0      0      0      0      0      0      0      0      0      0      0      0      0      0      0      0  
    0      0      0      0      0      0      0      0      0      0      0      0      0      0      0      0      0      0      0      0      0      0      0      0      0      0      0      0      0      0      0      0      0      0      0      0      0      0      0      0      0      0      0      0      0      0      0      0      0      0      0      0      0      0      0      0      0      0      0      0      0      0      0      0      0      0      0      0      0      0      0      0      0      0      0      0      0      0      0      0      0  
    0      0      0      0      0      0      0      0      0      0      0      0      0      0      0      0      0      0      0      0      0      0      0      0      0      0      0      0      0      0      0      0      0      0      0      0      0      0      0      0      0      0      0      0      0      0      0      0      0      0      0      0      0      0      0      0      0      0      0      0      0      0      0      0      0      0      0      0      0      0      0      0      0      0      0      0      0      0      0      0      0  
    0      0      0      0      0      0      0      0      0      0      0      0      0      0      0      0      0      0      0      0      0      0      0      0      0      0      0      0      0      0      0      0      0      0      0      0      0      0      0      0      0      0      0      0      0      0      0      0      0      0      0      0      0      0      0      0      0      0      0      0      0      0      0      0      0      0      0      0      0      0      0      0      0      0      0      0      0      0      0      0      0  
    0      0      0      0      0      0      0      0      0      0      0      0      0      0      0      0      0      0      0      0      0      0      0      0      0      0      0      0      0      0      0      0      0      0      0      0      0      0      0      0      0      0      0      0      0      0      0      0      0      0      0      0      0      0      0      0      0      0      0      0      0      0      0      0      0      0      0      0      0      0      0      0      0      0      0      0      0      0      0      0      0  
    0      0      0      0      0      0      0      0      0      0      0      0      0      0      0      0      0      0      0      0      0      0      0      0      0      0      0      0      0      0      0      0      0      0      0      0      0      0      0      0      0      0      0      0      0      0      0      0      0      0      0      0      0      0      0      0      0      0      0      0      0      0      0      0      0      0      0      0      0      0      0      0      0      0      0      0      0      0      0      0      0  
    0      0      0      0      0      0      0      0      0      0      0      0      0      0      0      0      0      0      0      0      0      0      0      0      0      0      0      0      0      0      0      0      0      0      0      0      0      0      0      0      0      0      0      0      0      0      0      0      0      0      0      0      0      0      0      0      0      0      0      0      0      0      0      0      0      0      0      0      0      0      0      0      0      0      0      0      0      0      0      0      0  
    0      0      0      0      0      0      0      0      0      0      0      0      0      0      0      0      0      0      0      0      0      0      0      0      0      0      0      0      0      0      0      0      0      0      0      0      0      0      0      0      0      0      0      0      0      0      0      0      0      0      0      0      0      0      0      0      0      0      0      0      0      0      0      0      0      0      0      0      0      0      0      0      0      0      0      0      0      0      0      0      0  
    0      0      0      0      0      0      0      0      0      0      0      0      0      0      0      0      0      0      0      0      0      0      0      0      0      0      0      0      0      0      0      0      0      0      0      0      0      0      0      0      0      0      0      0      0      0      0      0      0      0      0      0      0      0      0      0      0      0      0      0      0      0      0      0      0      0      0      0      0      0      0      0      0      0      0      0      0      0      0      0      0  
    0      0      0      0      0      0      0      0      0      0      0      0      0      0      0      0      0      0      0      0      0      0      0      0      0      0      0      0      0      0      0      0      0      0      0      0      0      0      0      0      0      0      0      0      0      0      0      0      0      0      0      0      0      0      0      0      0      0      0      0      0      0      0      0      0      0      0      0      0      0      0      0      0      0      0      0      0      0      0      0      0  
    0      0      0      0      0      0      0      0      0      0      0      0      0      0      0      0      0      0      0      0      0      0      0      0      0      0      0      0      0      0      0      0      0      0      0      0      0      0      0      0      0      0      0      0      0      0      0      0      0      0      0      0      0      0      0      0      0      0      0      0      0      0      0      0      0      0      0      0      0      0      0      0      0      0      0      0      0      0      0      0      0  
    0      0      0      0      0      0      0      0      0      0      0      0      0      0      0      0      0      0      0      0      0      0      0      0      0      0      0      0      0      0      0      0      0      0      0      0      0      0      0      0      0      0      0      0      0      0      0      0      0      0      0      0      0      0      0      0      0      0      0      0      0      0      0      0      0      0      0      0      0      0      0      0      0      0      0      0      0      0      0      0      0  
    0      0      0      0      0      0      0      0      0      0      0      0      0      0      0      0      0      0      0      0      0      0      0      0      0      0      0      0      0      0      0      0      0      0      0      0      0      0      0      0      0      0      0      0      0      0      0      0      0      0      0      0      0      0      0      0      0      0      0      0      0      0      0      0      0      0      0      0      0      0      0      0      0      0      0      0      0      0      0      0      0  
    0      0      0      0      0      0      0      0      0      0      0      0      0      0      0      0      0      0      0      0      0      0      0      0      0      0      0      0      0      0      0      0      0      0      0      0      0      0      0      0      0      0      0      0      0      0      0      0      0      0      0      0      0      0      0      0      0      0      0      0      0      0      0      0      0      0      0      0      0      0      0      0      0      0      0      0      0      0      0      0      0  
    0      0      0      0      0      0      0      0      0      0      0      0      0      0      0      0      0      0      0      0      0      0      0      0      0      0      0      0      0      0      0      0      0      0      0      0      0      0      0      0      0      0      0      0      0      0      0      0      0      0      0      0      0      0      0      0      0      0      0      0      0      0      0      0      0      0      0      0      0      0      0      0      0      0      0      0      0      0      0      0      0  
    0      0      0      0      0      0      0      0      0      0      0      0      0      0      0      0      0      0      0      0      0      0      0      0      0      0      0      0      0      0      0      0      0      0      0      0      0      0      0      0      0      0      0      0      0      0      0      0      0      0      0      0      0      0      0      0      0      0      0      0      0      0      0      0      0      0      0      0      0      0      0      0      0      0      0      0      0      0      0      0      0  
