81

 0   1  50  19  44  85  43  88  86  19  43  86  44  87  86  81  87  89  44  85  89  83  89  81  83  83  86  17  43  85  47  90  89  88  86  82  43  87  88  87  84  84  87  82  85  88  88  90  86  88  85  88  90  84  45  84  85  90  87  90  90  88  85  87  87  84  86  84  88  85  87  83  83  84  86  81  81  89  82  88  81  
20   0   1  48   4  45  90  42  82  44   9  41  87  49  89  83  84  85  82  46  84  81  89  89  90  85  88  45  20  49  85  42  87  81  90  90  85  43  83  83  90  86  85  90  90  84  89  81  89  88  90  82  86  84  87  43  84  89  86  86  86  82  86  82  85  88  87  87  82  90  84  87  88  90  81  87  89  81  85  90  83  
44   7   0  87  50  20  84  88  42  81  44   9  90  87  44  88  90  90  85  89  49  87  90  88  85  88  83  85  46  17  89  82  44  88  89  82  87  87  50  85  81  88  85  88  88  89  81  87  89  82  82  86  84  88  83  89  44  89  86  87  81  81  89  81  88  84  81  81  89  88  82  89  90  81  90  86  81  88  89  90  83  
 1  47  84   0   6  45   8  46  89  41  87  85  10  50  82  45  90  90  89  81  84  47  82  90  83  90  86  43  84  86  12  50  82  48  85  86  84  84  87  43  85  85  84  88  89  90  86  86  82  81  89  82  86  81  83  90  81  44  90  85  88  81  83  84  90  86  81  82  81  81  86  84  86  84  85  83  87  83  86  81  83  
43  10  43   8   0  13  47   3  50  82  42  89  45  15  45  87  50  86  90  85  85  82  43  88  90  87  85  86  44  81  41  15  49  81  44  90  89  87  88  85  48  88  87  84  81  85  85  88  87  84  88  82  86  89  88  90  83  89  43  89  87  83  86  87  83  88  83  83  88  89  81  81  85  87  90  85  86  86  84  81  87  
81  49  15  50  14   0  81  41   1  89  85  43  84  44  15  84  84  46  89  85  86  89  82  44  89  87  82  87  85  49  88  45   7  87  90  49  87  85  87  85  87  41  85  83  87  88  90  88  89  89  88  90  85  88  87  81  89  83  89  50  85  81  90  84  83  82  81  90  90  89  85  85  83  83  84  81  85  89  81  87  90  
47  84  85   6  42  90   0  15  45  81  82  85  41  84  85   1  41  83  82  83  86  90  89  83  47  84  85  82  90  82  49  88  88  19  43  87  86  89  84  86  84  83  43  85  83  87  84  85  84  87  81  82  84  82  87  86  85  89  81  87  50  83  86  86  82  84  82  82  86  86  86  82  90  86  83  83  90  90  82  84  84  
81  47  86  50   7  50  16   0  20  82  87  88  90  47  85  41  16  43  87  87  88  86  82  88  81  42  87  89  84  81  81  43  86  47   8  48  82  85  81  90  82  88  84  46  84  86  86  89  85  86  88  87  85  90  82  88  89  82  90  82  90  46  90  85  87  89  82  81  87  86  84  90  85  86  84  85  81  85  85  82  90  
84  87  43  86  42   7  48  17   0  88  82  85  86  82  46  87  48  20  87  84  89  85  85  88  83  88  49  82  87  82  88  81  42  90  43  15  89  84  90  83  87  84  89  86  49  83  82  88  90  84  90  82  82  90  81  89  82  87  88  89  90  85  45  88  87  82  87  84  89  81  90  88  86  82  82  89  85  86  84  88  82  
 4  46  88  42  84  89  81  89  81   0   2  49  16  45  86  43  83  84  14  50  89  50  84  84  84  83  87  48  84  87  88  89  85  86  87  82   1  48  81  44  87  85  83  90  89  48  89  86  90  86  87  84  86  89  86  89  84  81  88  82  90  90  82  47  89  82  83  82  86  87  81  84  89  88  84  87  90  81  83  85  82  
50  17  47  81  47  85  84  83  87  13   0   2  46  13  49  85  41  82  41  18  46  90  49  81  89  88  82  86  41  82  81  81  89  86  85  82  43   7  44  84  43  86  83  85  84  84  48  82  84  86  87  84  89  86  85  84  83  83  85  85  86  86  81  89  41  90  81  83  81  85  89  84  83  89  83  90  84  85  84  88  89  
86  50  14  86  84  41  87  84  87  42   4   0  89  44   6  87  89  49  89  49  16  83  82  49  84  86  85  86  86  41  88  84  87  86  81  90  89  43   8  85  86  45  85  81  87  86  83  44  90  81  84  87  85  82  82  84  81  85  82  87  84  88  84  85  83  46  90  86  82  85  87  86  84  90  88  89  82  85  81  88  88  
43  89  87  19  50  83  48  85  84   1  50  81   0  14  42  14  50  88  48  87  85  20  45  82  41  87  81  86  81  82  48  88  83  82  89  84  44  88  83  10  45  84  46  84  85  88  85  90  50  90  81  85  81  88  88  82  90  86  84  90  82  81  90  81  82  90  42  83  84  89  82  86  86  82  87  83  84  82  89  89  85  
90  48  84  50   2  43  89  44  83  41   9  41  12   0  18  45  20  46  83  47  87  43  15  41  86  50  86  84  90  90  84  43  83  84  85  88  81  49  89  45   9  50  88  42  89  82  85  81  88  41  86  86  82  81  85  81  90  89  88  83  81  89  87  88  83  83  87  48  85  81  89  87  89  83  82  87  82  90  82  83  83  
82  86  43  84  50  18  87  90  49  85  45  14  45  11   0  85  41  10  83  81  44  90  44  13  90  83  46  90  88  83  89  90  41  85  86  85  89  89  44  85  48  19  81  83  50  85  88  83  86  90  43  90  85  89  86  81  89  86  87  87  89  82  81  89  85  88  90  85  50  90  87  89  86  83  90  85  83  87  81  86  81  
85  89  90  46  81  81  13  45  82  46  84  81  14  44  82   0   5  42  83  82  89  45  88  87  12  47  86  87  83  90  84  82  88  47  83  81  83  89  87  46  83  84   7  42  86  89  87  87  85  86  83  42  89  90  88  82  90  90  83  86  83  81  81  86  88  82  81  85  85  50  86  81  89  85  87  89  83  88  89  81  90  
81  85  90  86  49  82  50  11  46  86  45  81  42   7  41  13   0   1  85  84  86  90  41  81  49   4  48  87  87  84  87  86  87  89  43  87  81  81  86  86  48  88  47  15  45  81  89  88  88  88  86  82  44  87  83  86  88  88  88  84  83  86  88  81  90  85  90  83  85  88  42  84  90  88  84  82  82  81  89  85  86  
84  82  88  86  85  42  90  43  13  85  90  47  81  41  19  46  16   0  84  83  84  88  81  50  85  50   7  83  82  85  83  81  88  82  82  50  87  82  87  82  85  46  84  42   6  83  85  85  81  88  85  88  83  48  86  90  88  88  88  87  86  86  82  88  84  85  87  89  84  84  82  42  89  85  82  84  86  90  85  89  81  
41  86  85  90  86  82  86  82  90  20  41  84  47  87  88  86  81  82   0   9  45   8  45  83  50  81  87  88  82  90  83  89  88  81  85  81  47  81  82  85  86  89  83  90  86   5  47  90  42  86  89  83  82  87  88  86  86  88  82  81  85  83  89  83  89  83  83  84  81  87  85  88  41  87  84  87  85  86  89  82  82  
82  48  89  82  89  81  82  82  83  46  12  48  83  42  85  85  82  85   9   0   1  44  13  46  84  46  81  85  88  84  83  90  83  84  86  85  90  48  83  86  81  89  84  88  81  47   9  49  88  45  86  84  89  82  84  84  90  86  84  86  82  87  81  82  85  83  84  88  88  87  90  81  81  41  85  83  90  88  90  89  90  
85  81  50  89  90  85  82  83  90  86  47  11  88  87  50  84  84  86  49  14   0  88  43  17  88  82  44  81  82  86  83  89  89  88  81  81  85  84  48  89  84  82  87  85  87  84  44  15  84  88  48  87  90  81  86  81  81  85  83  83  82  87  84  87  84  90  82  88  84  87  82  87  83  83  49  88  89  86  87  81  88  
81  89  86  46  88  85  81  81  89  49  89  89   2  41  90  44  83  84   9  46  88   0  13  44  15  45  83  90  89  84  90  84  84  89  83  85  88  86  81  43  89  87  88  87  82  48  87  81  17  50  90  45  89  86  85  84  83  82  88  88  83  82  81  82  84  86  83  82  81  90  90  82  85  81  83  49  82  86  88  87  86  
86  86  87  88  49  82  83  87  88  89  49  86  46   3  42  86  43  86  48   1  45   9   0   4  49   5  48  87  84  90  86  89  90  90  89  85  87  82  84  87  41  90  83  90  84  90  46  83  50  11  50  84  43  90  82  90  84  85  82  86  87  83  90  83  90  86  89  88  84  90  86  88  83  83  88  86  42  88  87  86  85  
82  87  90  89  88  47  85  84  83  86  90  46  82  42  13  90  84  46  84  49  11  50   3   0  84  47  16  87  83  85  88  88  84  88  82  84  88  85  83  81  88  43  90  82  89  87  83  41  83  48  18  83  82  44  83  90  86  83  88  81  85  86  87  81  87  90  83  88  81  87  86  88  83  90  86  84  88  47  84  86  84  
86  84  86  90  83  88  46  85  81  81  83  90  44  86  89   2  43  81  46  81  87  16  47  90   0   2  45  85  82  84  89  84  88  86  82  87  84  81  90  87  85  83  43  89  84  83  87  88  47  86  85  13  43  81  86  85  87  89  81  83  84  83  81  81  84  89  87  81  89  88  89  86  84  90  90  83  81  87  44  82  88  
89  90  85  81  84  86  89  46  89  82  84  82  82  42  88  48  10  47  90  48  81  42  17  50  18   0   9  82  89  87  84  90  88  90  90  89  82  89  84  84  84  86  87  46  88  83  88  90  85  50  88  50  11  44  85  89  85  86  84  89  87  83  89  86  88  81  84  89  87  89  90  81  88  83  89  89  84  81  88  41  82  
85  81  84  83  83  88  84  87  41  88  89  85  86  83  46  87  44   9  83  89  44  87  43  13  42   9   0  82  84  88  83  88  88  89  87  87  86  85  83  81  90  90  90  82  41  88  83  89  86  84  49  85  47   1  81  86  89  90  84  90  89  83  90  87  90  86  86  90  83  84  81  86  87  82  89  86  85  89  84  84  41  
 7  42  81  49  86  85  84  90  87  46  90  88  90  84  82  90  85  85  88  90  84  88  83  84  88  81  86   0  14  44  16  47  81  48  83  89  10  43  81  41  89  88  82  82  90  49  84  81  87  85  85  88  81  82  16  47  83  49  86  89  88  82  86  42  88  82  90  87  87  83  83  82  84  89  88  83  87  83  89  89  86  
42  17  49  89  46  87  90  88  88  89  44  81  87  88  82  84  89  82  89  82  86  82  83  83  84  84  86   8   0   6  50  17  42  81  43  86  42   5  45  81  48  90  86  90  88  88  41  87  84  89  88  87  88  81  44  20  43  88  44  84  82  87  81  84  44  89  89  86  87  90  89  81  86  82  85  88  84  86  87  86  84  
81  46  10  84  90  50  86  90  89  87  84  50  87  81  86  89  86  85  84  87  81  82  85  86  86  87  90  48   2   0  88  49  15  87  87  46  84  49  19  87  86  45  88  89  83  81  88  48  90  88  87  84  86  85  86  44  10  85  84  48  81  90  81  87  81  50  86  90  82  82  90  82  83  89  83  88  90  87  81  84  83  
47  85  88  19  41  88  41  90  85  83  85  81  44  81  81  83  90  87  84  81  84  81  87  89  90  84  81   5  42  83   0  12  45   3  45  86  45  86  86   6  46  85  50  81  82  88  85  86  49  81  88  83  85  87  47  82  83   4  44  85  44  89  87  87  83  82  43  89  85  88  86  89  88  89  87  88  89  88  90  87  90  
87  43  87  47   4  50  86  41  83  83  88  90  81  44  82  85  90  85  89  82  88  89  83  90  88  87  87  43   7  48  15   0   9  45   3  41  87  41  87  44   8  43  82  46  82  85  85  86  84  48  86  89  88  83  87  46  82  44  20  46  89  41  87  87  84  90  83  43  85  83  90  83  85  81  82  86  90  86  81  82  88  
88  82  48  87  47  18  88  87  49  83  85  85  89  83  45  86  87  84  90  85  89  89  88  90  88  89  84  83  50  16  42   4   0  89  43  16  87  89  50  81  42   1  89  88  42  85  90  87  87  85  49  87  90  83  85  88  44  83  49   7  89  81  46  84  90  84  84  85  41  89  82  82  89  87  85  83  82  87  83  89  86  
85  81  82  42  83  87  12  43  85  86  81  88  85  84  86  49  83  81  86  90  82  87  86  88  88  84  84  44  83  83  14  49  83   0  10  49  88  90  83  48  89  82  19  44  85  81  83  89  88  82  83  44  90  90  90  88  84  41  84  81  10  43  86  85  87  85  86  82  89  44  85  84  86  81  84  82  81  90  81  90  81  
86  83  81  87  48  84  41  10  49  89  90  87  88  81  82  89  41  87  83  85  82  81  87  90  83  85  81  82  44  90  41  12  46   9   0   7  82  81  90  82  50  86  46   2  43  83  90  83  89  90  89  84  41  83  83  86  83  82  43  81  41  12  41  90  83  81  86  89  85  88  47  88  84  81  90  86  85  86  83  82  90  
85  86  85  83  81  42  83  44  17  82  86  89  84  81  86  83  82  49  88  89  86  88  88  86  83  90  90  90  83  49  90  46  17  42  14   0  88  86  81  82  82  47  88  50  14  85  83  87  83  88  87  87  87  50  83  85  89  85  87  47  83  42  17  89  90  88  90  81  85  88  83  41  81  82  89  90  83  81  82  82  88  
50  86  81  88  88  82  90  89  87  19  45  90  43  81  86  84  83  82  43  90  82  84  87  84  86  89  86  13  43  87  48  89  86  82  83  90   0   9  47  18  44  82  42  86  89   3  41  88  48  83  85  85  86  81  41  82  83  84  85  86  83  87  83   4  50  86  49  85  87  83  86  86  47  83  83  89  89  85  85  87  82  
85  42  84  81  82  82  88  84  83  48  13  48  84  46  88  82  82  83  82  48  87  87  86  81  86  89  83  44   7  50  90  47  86  86  85  84   8   0   8  42  20  46  81  43  85  41   8  50  88  50  84  83  88  83  88  50  86  88  86  90  86  83  88  46  16  46  85  41  88  86  89  86  88  47  85  86  83  90  84  87  85  
89  87  44  82  88  82  87  81  86  81  44  16  86  88  49  86  81  89  82  84  48  87  87  87  85  88  83  89  46   4  89  87  43  81  81  88  44   5   0  82  49   6  89  86  50  86  48  12  84  81  44  89  85  87  81  82  46  85  86  88  82  84  82  83  43  20  86  87  42  82  86  90  83  81  49  83  84  88  84  84  87  
89  89  90  43  83  81  89  82  85  44  86  84   5  47  89  41  88  89  88  88  83  49  87  82  81  90  82  49  83  82   4  47  90  47  84  89  20  42  90   0  17  50   6  47  88  49  84  81  12  44  84  49  86  81  84  84  85  47  85  86  89  87  86  48  85  86   1  49  88  46  82  88  86  81  90  48  88  90  87  84  87  
90  83  90  83  44  89  81  86  82  88  50  88  43  12  47  83  49  86  83  84  81  87  50  84  85  86  84  86  42  87  49  18  43  83  42  89  49  15  50  15   0   8  48  15  43  82  49  89  45   3  49  87  50  82  90  89  83  83  41  82  81  89  88  84  44  81  42   2  45  90  48  85  85  88  84  82  42  85  90  88  84  
83  85  89  81  84  43  90  84  82  90  86  49  89  46  10  88  81  49  81  82  88  84  86  49  87  86  83  84  88  45  86  49  16  86  83  47  85  43   5  42   1   0  88  42  14  83  89  47  90  41   8  88  84  49  81  85  81  81  86  41  89  88  89  82  90  48  83  45  14  90  87  48  83  90  87  84  85  46  81  86  88  
84  81  87  84  87  88  49  85  83  88  88  83  49  89  86   5  46  89  86  88  81  81  89  90  44  88  90  89  83  88  48  88  81  12  49  83  48  87  82   2  43  84   0   8  43  90  82  87  46  82  90  20  48  86  82  86  85  81  84  82  44  82  89  82  86  82  49  89  90  14  44  87  88  84  84  84  86  85  45  86  90  
82  88  81  90  89  83  89  50  82  87  88  90  90  45  85  50   5  49  81  83  84  86  85  88  82  47  83  88  83  82  86  44  88  43  15  49  89  41  89  47  11  50  12   0   1  82  86  90  89  47  87  47   4  43  85  89  83  85  84  90  89  49  86  86  84  82  85  49  85  45   9  46  84  81  84  86  85  89  85  42  86  
86  89  84  85  87  82  87  90  43  89  83  89  82  89  45  82  43   6  84  82  89  83  89  88  83  85  43  85  88  85  84  87  50  84  43   6  84  81  44  85  50  18  50   9   0  83  87  86  89  88  43  85  47  15  84  87  83  89  82  88  89  83  49  86  84  86  89  87  49  83  44   8  81  81  85  85  84  86  84  89  46  
81  83  90  88  86  83  81  88  88  48  85  85  85  90  86  88  81  84  19  46  86  41  86  83  89  85  89  42  81  83  83  87  84  88  83  85  20  42  82  45  87  89  89  90  89   0   7  46   2  49  89  47  88  86  81  82  82  83  82  89  88  82  90  48  85  81  90  86  86  89  82  81   6  44  86  43  86  90  87  81  90  
89  84  88  90  83  89  86  83  83  88  45  90  87  88  82  82  81  81  46   9  48  90  48  83  89  84  87  87  41  85  83  83  83  82  82  88  43  13  45  82  41  83  84  86  86  18   0  20  50  14  41  88  42  87  82  83  89  82  84  87  81  84  84  84  41  86  87  88  83  87  90  88  49   9  49  90  43  85  90  84  88  
87  84  82  87  88  90  88  86  83  90  82  48  88  90  87  84  85  85  81  42   6  83  85  43  87  81  85  85  82  50  82  82  85  81  89  83  86  42   9  89  88  41  81  89  87  46   1   0  81  49  15  90  82  50  86  83  87  90  82  81  90  85  82  88  82  49  89  89  86  86  85  89  89  49  15  85  89  47  87  85  88  
82  84  90  83  81  84  83  88  86  85  89  84  42  88  84  86  84  83  45  83  90   1  45  89  43  87  84  88  84  85  49  82  86  86  84  86  41  86  89   4  41  83  45  88  87   6  42  84   0  18  43  10  44  84  81  88  82  88  87  86  83  85  88  83  89  83  44  83  88  82  86  90  47  84  89   5  46  83  43  86  83  
82  84  86  89  84  84  88  89  88  90  87  85  88  49  85  88  87  90  88  50  85  43  12  41  87  46  83  83  81  87  87  43  87  87  82  88  85  48  87  47   5  44  86  46  83  44  16  49  11   0   4  41   6  41  82  90  82  89  89  86  88  88  83  83  82  89  86  44  85  88  83  83  86  44  85  46  20  45  81  47  89  
87  83  83  87  89  85  82  82  90  84  90  81  85  83  45  84  84  90  81  87  46  86  50  11  85  90  43  84  87  86  81  84  48  87  84  81  84  82  42  86  44  18  89  90  41  84  44  17  48   8   0  89  46  19  82  90  82  89  88  89  89  89  86  81  81  81  86  88  48  83  81  85  86  82  49  88  49   8  86  89  42  
84  86  83  82  81  81  87  86  85  90  90  89  86  83  90  46  88  89  83  83  84  46  90  84  13  45  84  87  84  85  88  83  82  49  88  85  86  86  82  41  84  88  16  47  81  48  83  87  15  42  83   0   1  41  90  84  89  90  88  89  84  85  89  83  84  89  86  88  81  44  82  88  84  82  85  46  84  84   7  46  81  
86  89  82  86  90  87  83  83  88  87  88  89  81  90  86  88  44  88  87  81  90  82  44  86  46   1  48  90  84  89  87  90  90  83  49  90  87  86  83  86  48  87  50   4  41  84  49  82  48   6  45  19   0   1  90  88  87  90  83  83  88  90  83  90  85  81  86  85  83  87  44  87  82  83  89  84  45  90  45   5  43  
87  83  86  87  86  83  82  90  90  84  81  87  85  89  87  90  85  45  83  89  86  85  85  43  82  48  16  83  86  85  84  89  90  82  89  41  82  81  88  85  88  47  87  48  15  88  90  49  83  48   9  41   6   0  86  84  82  90  88  85  82  85  87  88  87  83  82  86  89  84  85  47  88  86  84  90  86  49  81  50   7  
46  83  88  90  89  81  85  89  87  81  86  82  84  81  85  88  82  83  81  88  82  89  89  89  90  89  83  17  42  88  48  87  87  89  83  84  45  85  81  84  89  81  90  87  81  90  86  90  84  85  85  83  88  82   0  12  47   5  45  81  49  89  83   3  50  87  46  87  87  81  89  82  46  83  86  90  82  84  86  89  87  
83  49  87  85  90  87  86  81  81  81  85  81  86  90  88  89  86  87  84  81  86  86  82  89  87  87  81  41   8  41  87  50  85  88  87  83  83  49  83  84  85  83  83  87  88  82  86  85  90  83  83  83  85  89   6   0   4  47  17  45  81  47  88  45  15  44  87  49  84  84  87  90  81  44  82  88  89  88  87  84  82  
87  81  48  87  87  83  84  84  90  89  84  86  89  83  88  85  81  83  84  89  85  86  86  85  85  89  83  81  46  10  86  89  46  83  85  86  90  81  45  87  82  81  84  83  84  90  83  88  89  83  86  88  89  83  49   2   0  82  48  16  87  81  45  86  48   3  83  90  47  86  90  84  83  83  48  83  85  89  85  85  85  
89  90  88  46  81  85  86  86  86  87  89  85  82  86  84  81  90  84  81  90  88  86  81  89  84  87  86  41  83  81  20  42  85  41  88  82  83  85  83  41  86  90  81  83  90  88  87  83  90  87  87  90  88  89   5  49  85   0  11  44  10  46  84  48  83  87   4  43  81  41  82  89  89  87  88  42  84  87  83  83  88  
90  85  85  85  45  87  84  82  85  86  86  84  88  81  81  85  89  90  87  89  89  86  81  82  81  89  86  81  46  84  49  19  47  88  41  81  89  82  86  89  46  87  84  87  86  88  88  87  81  83  89  81  88  81  50   1  47  19   0  14  49   1  43  87  41  85  50  18  46  90  43  89  86  81  81  85  50  87  86  88  90  
81  87  88  87  83  49  85  81  87  86  88  85  85  88  87  86  82  83  84  87  85  83  85  83  86  83  89  81  89  46  86  43  18  87  84  45  85  82  85  90  85  41  82  81  81  85  85  87  82  85  85  87  90  82  87  50  20  50  15   0  90  48  13  88  82  42  83  44  17  90  88  49  82  89  85  84  88  42  87  87  88  
88  86  85  90  83  87  43  82  89  85  87  82  81  89  90  85  82  87  85  88  82  86  85  90  86  84  83  90  88  82  50  89  88   7  43  83  83  90  90  85  83  87  50  86  90  85  82  81  82  90  85  87  82  90  43  84  85   4  48  86   0  20  46  89  85  87  41  86  84  12  45  87  85  81  90  85  81  82  50  82  84  
84  87  88  81  90  83  90  42  90  84  85  84  86  82  85  85  89  82  85  83  81  86  89  88  86  83  84  89  83  88  85  46  83  44  14  42  83  81  83  89  90  88  85  46  82  89  83  82  86  81  88  87  85  85  86  50  86  42  12  44   8   0  13  88  89  86  85  44  88  42  17  50  82  88  82  81  88  90  85  44  89  
87  81  86  90  85  90  83  85  49  86  83  88  86  85  82  83  84  90  84  89  82  86  88  86  81  82  85  85  89  82  85  89  46  83  44  18  87  81  87  87  86  90  86  88  50  84  89  84  88  88  85  85  81  87  83  81  48  88  46  12  46   1   0  85  84  85  82  84  46  86  45   3  90  90  85  87  87  83  88  83  43  
81  83  89  83  86  86  89  86  84  46  85  87  82  90  87  81  85  83  83  81  90  87  85  89  89  84  88  47  84  86  90  83  86  88  89  84   3  43  83  50  83  90  83  87  83  47  84  90  82  85  83  88  88  88   2  50  90  45  83  82  89  84  89   0   8  49  19  44  83  46  87  82  14  45  85  45  89  83  84  90  84  
84  82  81  82  90  86  81  89  83  82  45  85  86  84  82  84  88  81  85  85  81  89  83  88  83  86  87  88  47  82  85  82  85  85  88  87  44  16  49  82  50  86  89  85  86  85  45  88  87  84  83  85  84  82  43  14  44  86  44  89  90  87  84  20   0   4  42   5  42  84  49  84  45  11  42  86  41  82  86  85  82  
81  89  83  89  89  81  89  89  83  82  89  49  87  90  88  81  89  82  86  82  83  84  84  88  84  88  89  82  85  41  88  90  85  82  82  84  90  46  14  81  81  50  89  86  84  88  88  49  83  89  82  86  90  90  90  44   1  89  90  41  86  83  90  49  12   0  90  46  13  89  85  48  88  47  13  85  81  44  88  85  85  
81  85  82  90  81  87  86  82  87  81  87  89  42  85  81  83  86  87  85  90  83  81  87  83  81  90  81  87  85  89  49  85  81  81  87  90  46  86  82   4  50  84  44  84  87  85  81  90  47  85  82  81  87  90  49  88  81  15  45  82  45  84  82   9  49  87   0  14  41  13  41  86  48  88  89  11  49  84  46  82  84  
83  83  90  83  81  89  85  81  84  83  83  83  82  48  81  86  84  90  84  81  88  89  84  90  83  85  85  90  86  83  82  43  89  83  87  88  90  46  88  41  18  43  88  46  82  85  81  90  86  44  89  86  85  88  86  49  81  46   7  49  88  42  83  41  17  46   8   0  11  42  10  49  81  43  90  44   7  42  82  46  90  
83  87  86  85  88  87  82  83  82  90  82  90  85  89  45  84  90  89  81  85  90  89  83  81  83  87  89  83  82  89  86  81  44  90  88  90  89  83  46  90  45   5  87  89  47  88  86  84  85  90  45  86  88  86  87  87  50  88  43  18  88  87  47  86  50   3  48   5   0  87  45   8  82  89  46  87  49  16  82  89  43  
87  87  85  86  89  90  85  82  86  81  82  87  83  84  88  50  90  86  84  88  88  90  85  87  81  82  83  88  81  85  83  88  85  45  87  83  90  85  90  47  87  86   4  47  81  84  90  82  87  81  85  50  86  85  87  87  85  47  89  84   8  48  89  44  89  82  18  49  90   0  14  45  90  86  85  41  84  84   8  44  81  
82  86  89  90  89  85  90  86  81  90  89  90  84  81  86  90  48  90  81  88  89  84  84  90  85  89  88  85  88  87  82  86  85  83  45  86  81  86  81  87  44  86  42   5  46  84  88  90  88  83  90  84  50  87  83  87  85  88  41  90  47   4  50  88  46  90  49   8  47  10   0  20  86  89  89  85  42  90  47   8  45  
82  90  90  81  86  83  85  89  85  85  89  83  84  87  90  83  89  41  86  85  90  84  86  83  86  82  87  90  82  87  83  82  90  81  83  49  88  83  85  90  90  41  88  41   4  90  90  88  84  82  83  82  81  48  86  86  81  90  90  41  83  47  16  85  84  49  81  43  17  48   8   0  81  90  85  89  89  43  86  43   5  
83  88  84  82  81  87  81  83  85  81  83  84  83  90  87  85  82  89  49  86  87  88  86  89  82  81  83  88  89  84  83  87  86  84  86  81  49  83  87  88  90  83  84  85  83   7  42  88  47  84  81  88  83  90  48  85  82  89  82  89  89  90  86  20  45  85  43  81  89  90  90  84   0  15  41   6  41  86  42  84  89  
88  87  86  88  84  89  88  89  88  84  83  90  83  86  85  83  84  86  88  47  90  82  81  84  83  83  90  86  89  82  87  89  84  87  85  82  90  43  81  82  83  85  88  83  88  45  13  47  83  48  85  87  83  86  81  49  88  89  89  88  81  84  82  41   2  41  82  41  82  85  84  86   7   0   5  48  17  42  86  47  87  
88  90  87  89  83  88  87  85  85  82  81  81  84  82  89  90  89  86  86  87  49  86  90  88  83  84  81  84  83  88  90  87  90  90  85  88  84  88  48  87  88  90  81  81  82  81  46   7  88  84  49  87  82  81  85  88  49  83  81  86  87  90  87  85  45   1  87  84  48  87  88  89  50  16   0  83  44   7  86  83  48  
82  81  81  83  85  81  85  83  84  89  88  85  81  83  81  86  87  90  82  90  82  46  83  85  90  84  81  82  89  87  85  88  84  85  84  82  90  81  81  46  81  87  86  84  83  41  82  90   3  48  89  49  89  85  89  83  86  48  89  85  89  86  88  50  81  88  14  44  89  43  89  85  15  48  87   0   8  49  14  48  87  
89  84  85  84  82  88  83  85  88  89  89  90  83  85  88  81  89  88  87  82  83  88  43  89  82  84  89  89  85  90  83  83  89  89  83  83  82  88  81  90  49  81  83  81  81  88  43  86  50  17  46  88  50  83  85  81  89  83  43  89  90  89  82  81  44  86  43   4  43  85  44  87  45   5  42  12   0  13  46  15  43  
82  90  88  85  87  82  83  82  90  84  85  89  82  84  89  84  81  88  87  83  86  81  84  49  86  90  89  83  90  82  87  85  82  85  85  90  84  84  87  90  85  47  89  81  87  87  81  44  82  48  15  88  87  50  81  90  81  87  90  44  88  83  81  86  86  48  90  43   4  84  89  42  89  50  17  48  15   0  89  41  15  
90  81  81  82  82  87  89  89  81  90  82  88  86  88  82  90  89  81  87  83  86  87  86  90  44  82  90  81  82  82  82  90  81  87  88  85  85  81  85  83  81  89  41  84  88  86  86  88  43  81  82  18  42  88  90  88  85  88  84  90  46  86  82  84  86  83  49  82  85   8  46  89  41  81  90  16  50  85   0  19  50  
82  83  88  81  81  87  90  84  82  84  89  83  90  86  81  87  87  86  89  81  86  84  88  89  83  44  90  83  90  87  85  87  81  90  82  90  88  90  83  86  83  84  87  44  89  88  89  89  81  50  83  42   9  41  83  83  83  90  85  89  89  50  90  89  82  89  81  41  84  41  18  45  87  48  84  41   8  43  18   0  12  
89  83  82  81  88  85  86  90  82  88  84  90  85  88  86  88  83  82  84  89  82  83  90  81  87  87  50  85  82  90  90  87  83  87  82  88  85  81  90  81  84  88  83  83  41  87  86  89  81  87  49  88  45  15  85  89  82  85  85  89  85  88  48  84  84  86  88  89  46  90  48  11  84  88  49  87  50   5  45   2   0  

 0  23   0  22  25   0   0   0   0   0  27   0  27   0   0   0   0   0   0   0   0   0   0   0   0   0   0  28  22   0  22   0   0   0   0   0   0   0   0   0   0   0   0   0   0   0   0   0   0   0   0   0   0   0   0   0   0   0   0   0   0   0   0   0   0   0   0   0   0   0   0   0   0   0   0   0   0   0   0   0   0  
21   0   0   0  22   0   0   0   0   0  24  21   0   0   0   0   0   0   0  25   0   0   0   0   0   0   0   0  27  25   0   0   0   0   0   0   0   0   0   0   0   0   0   0   0   0   0   0   0   0   0   0   0   0   0   0   0   0   0   0   0   0   0   0   0   0   0   0   0   0   0   0   0   0   0   0   0   0   0   0   0  
 0  23   0   0   0  28   0   0   0   0  29   0   0   0   0   0   0   0   0   0   0   0   0   0   0   0   0   0   0  27   0   0  21   0   0   0   0   0   0   0   0   0   0   0   0   0   0   0   0   0   0   0   0   0   0   0   0   0   0   0   0   0   0   0   0   0   0   0   0   0   0   0   0   0   0   0   0   0   0   0   0  
21  23   0   0  30   0  24   0   0  28   0   0  27   0   0  27   0   0   0   0   0   0   0   0   0   0   0   0   0   0   0   0   0   0   0   0   0   0   0   0   0   0   0   0   0   0   0   0   0   0   0   0   0   0   0   0   0   0   0   0   0   0   0   0   0   0   0   0   0   0   0   0   0   0   0   0   0   0   0   0   0  
 0  27  28   0   0  26   0  21   0   0   0   0   0   0   0   0   0   0   0   0   0   0   0   0   0   0   0   0   0   0   0  26   0   0   0   0   0   0   0   0  23   0   0   0   0   0   0   0   0   0   0   0   0   0   0   0   0   0   0   0   0   0   0   0   0   0   0   0   0   0   0   0   0   0   0   0   0   0   0   0   0  
 0   0  22  30   0   0   0   0  29   0   0   0   0   0  24   0   0   0   0   0   0   0   0   0   0   0   0   0   0   0   0  25   0   0   0   0   0   0   0   0   0   0   0   0   0   0   0   0   0   0   0   0   0   0   0   0   0   0   0   0   0   0   0   0   0   0   0   0   0   0   0   0   0   0   0   0   0   0   0   0   0  
 0   0   0  22   0   0   0  30   0   0   0   0   0   0   0  27  30   0   0   0   0   0   0   0   0   0   0   0   0   0   0   0   0  29   0   0   0   0   0   0   0   0   0   0   0   0   0   0   0   0   0   0   0   0   0   0   0   0   0   0   0   0   0   0   0   0   0   0   0   0   0   0   0   0   0   0   0   0   0   0   0  
 0   0   0  30   0   0  22   0  26   0   0   0   0   0   0   0  21   0   0   0   0   0   0   0   0   0   0   0   0   0   0   0   0   0  24  22   0   0   0   0   0   0   0   0   0   0   0   0   0   0   0   0   0   0   0   0   0   0   0   0   0   0   0   0   0   0   0   0   0   0   0   0   0   0   0   0   0   0   0   0   0  
 0   0  26   0  21  26   0  22   0   0   0   0   0   0   0   0   0  25   0   0   0   0   0   0   0   0   0   0   0   0   0   0   0   0   0  29   0   0   0   0   0   0   0   0  30   0   0   0   0   0   0   0   0   0   0   0   0   0   0   0   0   0   0   0   0   0   0   0   0   0   0   0   0   0   0   0   0   0   0   0   0  
30   0   0   0   0   0   0   0   0   0   0   0  27   0   0   0   0   0  25   0   0   0   0   0   0   0   0   0   0   0   0   0   0   0   0   0  24   0   0  27   0   0   0   0   0   0   0   0   0   0   0   0   0   0   0   0   0   0   0   0   0   0   0   0   0   0   0   0   0   0   0   0   0   0   0   0   0   0   0   0   0  
 0  27   0   0   0   0   0   0   0  23   0  29   0   0  29   0   0   0   0  23   0   0   0   0   0   0   0   0   0   0   0   0   0   0   0   0   0   0   0   0  21   0   0   0   0   0   0   0   0   0   0   0   0   0   0   0   0   0   0   0   0   0   0   0   0   0   0   0   0   0   0   0   0   0   0   0   0   0   0   0   0  
 0   0  26   0   0   0   0   0   0   0  28   0   0  29  27   0   0   0   0  30  28   0   0   0   0   0   0   0   0   0   0   0   0   0   0   0   0  22  21   0   0   0   0   0   0   0   0  27   0   0   0   0   0   0   0   0   0   0   0   0   0   0   0   0   0   0   0   0   0   0   0   0   0   0   0   0   0   0   0   0   0  
 0   0   0  22   0   0   0   0   0  21   0   0   0  26   0   0  21   0   0   0   0  22   0   0   0   0   0   0   0   0   0   0   0   0   0   0   0   0   0  29   0   0   0   0   0   0   0   0   0   0   0   0   0   0   0   0   0   0   0   0   0   0   0   0   0   0   0   0   0   0   0   0   0   0   0   0   0   0   0   0   0  
 0   0   0   0   0   0   0   0   0  21  27   0  27   0  28   0  28   0   0  30   0   0   0  22   0   0   0   0   0   0   0   0   0   0   0   0   0   0   0   0   0   0   0   0   0   0   0   0   0   0   0   0   0   0   0   0   0   0   0   0   0   0   0   0   0   0   0   0   0   0   0   0   0   0   0   0   0   0   0   0   0  
 0   0   0   0   0   0   0   0  21   0  26  24   0  23   0   0   0  23   0   0   0   0   0   0   0   0  29   0   0   0   0   0  23   0   0   0   0   0   0   0   0  22   0   0  26   0   0   0   0   0   0   0   0   0   0   0   0   0   0   0   0   0   0   0   0   0   0   0   0   0   0   0   0   0   0   0   0   0   0   0   0  
 0   0   0  28   0   0  25   0   0   0   0   0  22   0   0   0  28   0   0   0   0   0   0   0  28  25   0   0   0   0   0   0   0   0   0   0   0   0   0   0   0   0  28  29   0   0   0   0   0   0   0   0   0   0   0   0   0   0   0   0   0   0   0   0   0   0   0   0   0   0   0   0   0   0   0   0   0   0   0   0   0  
 0   0   0   0   0   0  27  21   0   0   0   0   0   0  26  27   0  25   0   0   0   0   0   0   0   0  30   0   0   0   0   0   0   0  22   0   0   0   0   0   0   0   0  28   0   0   0   0   0   0   0   0   0   0   0   0   0   0   0   0   0   0   0   0   0   0   0   0   0   0   0   0   0   0   0   0   0   0   0   0   0  
 0   0   0   0   0   0   0   0  30   0   0   0   0   0  26  30  21   0   0   0   0   0   0   0   0   0  27   0   0   0   0   0   0   0   0  28   0   0   0   0   0  23   0   0   0   0   0   0   0   0   0   0   0   0   0   0   0   0   0   0   0   0   0   0   0   0   0   0   0   0   0   0   0   0   0   0   0   0   0   0   0  
 0   0   0   0   0   0   0   0   0   0   0   0  26   0   0   0   0   0   0  22   0  30   0   0   0   0   0   0   0   0   0   0   0   0   0   0   0   0   0   0   0   0   0   0   0  27   0   0   0   0   0   0   0   0   0   0   0   0   0   0   0   0   0   0   0   0   0   0   0   0   0   0   0   0   0   0   0   0   0   0   0  
 0  26   0   0   0   0   0   0   0   0  25  22   0   0   0   0   0   0   0   0  21   0  22   0   0   0   0   0   0   0   0   0   0   0   0   0   0   0   0   0   0   0   0   0   0  21  25  28   0   0   0   0   0   0   0   0   0   0   0   0   0   0   0   0   0   0   0   0   0   0   0   0   0   0   0   0   0   0   0   0   0  
 0   0   0   0   0   0   0   0   0   0  25  21   0   0   0   0   0   0  24  30   0   0   0  28   0   0   0   0   0   0   0   0   0   0   0   0   0   0   0   0   0   0   0   0   0   0   0  21   0   0   0   0   0   0   0   0   0   0   0   0   0   0   0   0   0   0   0   0   0   0   0   0   0   0   0   0   0   0   0   0   0  
 0   0   0  21   0   0   0   0   0  28   0   0  25  28   0   0   0   0  25   0   0   0  27   0  21   0   0   0   0   0   0   0   0   0   0   0   0   0   0   0   0   0   0   0   0   0   0   0  29   0   0   0   0   0   0   0   0   0   0   0   0   0   0   0   0   0   0   0   0   0   0   0   0   0   0  23   0   0   0   0   0  
 0   0   0   0   0   0   0   0   0   0   0   0  24  21   0   0   0   0   0   0   0   0   0  28   0  23  28   0   0   0   0   0   0   0   0   0   0   0   0   0   0   0   0   0   0   0   0   0   0  26   0   0   0   0   0   0   0   0   0   0   0   0   0   0   0   0   0   0   0   0   0   0   0   0   0   0   0   0   0   0   0  
 0   0   0   0   0   0   0   0   0   0   0   0   0   0  30   0   0   0   0  26   0  29  22   0   0   0   0   0   0   0   0   0   0   0   0   0   0   0   0   0   0   0   0   0   0   0   0   0   0   0  28   0   0   0   0   0   0   0   0   0   0   0   0   0   0   0   0   0   0   0   0   0   0   0   0   0   0   0   0   0   0  
 0   0   0   0   0   0   0   0   0   0   0   0   0   0   0  24   0   0   0   0   0   0   0   0   0  26   0   0   0   0   0   0   0   0   0   0   0   0   0   0   0   0   0   0   0   0   0   0   0   0   0  25   0   0   0   0   0   0   0   0   0   0   0   0   0   0   0   0   0   0   0   0   0   0   0   0   0   0   0   0   0  
 0   0   0   0   0   0   0   0   0   0   0   0   0   0   0  24   0   0   0   0   0  22   0   0  21   0  22   0   0   0   0   0   0   0   0   0   0   0   0   0   0   0   0   0   0   0   0   0   0   0   0  26   0  28   0   0   0   0   0   0   0   0   0   0   0   0   0   0   0   0   0   0   0   0   0   0   0   0   0   0   0  
 0   0   0   0   0   0   0   0   0   0   0   0   0   0  23   0  27  29   0   0   0   0   0  29   0   0   0   0   0   0   0   0   0   0   0   0   0   0   0   0   0   0   0   0   0   0   0   0   0   0   0   0   0  29   0   0   0   0   0   0   0   0   0   0   0   0   0   0   0   0   0   0   0   0   0   0   0   0   0   0   0  
25  21   0   0   0   0   0   0   0  28   0   0   0   0   0   0   0   0   0   0   0   0   0   0   0   0   0   0  25   0  29   0   0   0   0   0   0  26   0   0   0   0   0   0   0   0   0   0   0   0   0   0   0   0  29   0   0  28   0   0   0   0   0   0   0   0   0   0   0   0   0   0   0   0   0   0   0   0   0   0   0  
27  26   0   0  28   0   0   0   0   0   0   0   0   0   0   0   0   0   0   0   0   0   0   0   0   0   0  27   0  21   0  29   0   0   0   0  25   0   0   0   0   0   0   0   0   0   0   0   0   0   0   0   0   0  22  27  30   0   0   0   0   0   0   0  21   0   0   0   0   0   0   0   0   0   0   0   0   0   0   0   0  
 0   0  25   0   0   0   0   0   0   0   0   0   0   0   0   0   0   0   0   0   0   0   0   0   0   0   0  25  21   0   0   0  22   0   0   0   0   0  25   0   0   0   0   0   0   0   0   0   0   0   0   0   0   0   0  24  29   0   0  25   0   0   0   0   0   0   0   0   0   0   0   0   0   0   0   0   0   0   0   0   0  
 0   0   0  29   0   0   0   0   0   0   0   0   0   0   0   0   0   0   0   0   0   0   0   0   0   0   0   0  22   0   0  22  22  25   0   0   0   0   0  21   0   0   0   0   0   0   0   0   0   0   0   0   0   0   0   0   0   0   0   0  26   0   0   0   0   0   0   0   0   0   0   0   0   0   0   0   0   0   0   0   0  
 0  28   0   0  27   0   0   0   0   0   0   0   0   0   0   0   0   0   0   0   0   0   0   0   0   0   0   0  26   0  30   0   0   0   0   0   0   0   0  24   0   0   0  27   0   0   0   0   0   0   0   0   0   0   0  30   0   0  22   0   0   0   0   0   0   0   0   0   0   0   0   0   0   0   0   0   0   0   0   0   0  
 0   0  24   0   0  22   0   0   0   0   0   0   0   0  28   0   0   0   0   0   0   0   0   0   0   0   0   0   0   0   0  25   0   0   0   0   0   0   0   0   0  30   0   0  27   0   0   0   0   0   0   0   0   0   0   0  26   0   0  21   0   0   0   0   0   0   0   0   0   0   0   0   0   0   0   0   0   0   0   0   0  
 0   0   0   0   0   0   0  26   0   0   0   0   0   0   0   0   0   0   0   0   0   0   0   0   0   0   0   0   0   0  25   0   0   0  27   0   0   0   0  23   0   0  28   0   0   0   0   0   0   0   0   0   0   0   0   0   0   0   0   0  23   0   0   0   0   0   0   0   0  22   0   0   0   0   0   0   0   0   0   0   0  
 0   0   0   0  29   0  25  24   0   0   0   0   0   0   0   0  25   0   0   0   0   0   0   0   0   0   0   0   0   0   0   0   0   0   0  21   0   0   0   0   0   0   0   0   0   0   0   0   0   0   0   0   0   0   0   0   0   0   0   0   0  22   0   0   0   0   0   0   0   0   0   0   0   0   0   0   0   0   0   0   0  
 0   0   0   0   0  26   0   0  23   0   0   0   0   0   0   0   0  24   0   0   0   0   0   0   0   0   0   0   0   0   0   0  27   0   0   0   0   0   0   0   0  27   0  21  28   0   0   0   0   0   0   0   0   0   0   0   0   0   0   0   0   0  28   0   0   0   0   0   0   0   0  24   0   0   0   0   0   0   0   0   0  
 0   0   0   0   0   0   0   0   0  24   0   0   0   0   0   0   0   0   0   0   0   0   0   0   0   0   0  28   0   0   0   0   0   0   0   0   0  27   0  28   0   0  22   0   0   0   0   0   0   0   0   0   0   0   0   0   0   0   0   0   0   0   0  29  22   0   0   0   0   0   0   0   0   0   0   0   0   0   0   0   0  
 0   0   0   0   0   0   0   0   0   0   0   0   0   0   0   0   0   0   0   0   0   0   0   0   0   0   0   0  23   0   0   0   0   0   0   0  21   0  24   0   0   0   0   0   0   0   0   0   0   0   0   0   0   0   0   0   0   0   0   0   0   0   0  30  29  29   0   0   0   0   0   0   0   0   0   0   0   0   0   0   0  
 0   0   0   0   0   0   0   0   0   0   0  22   0   0   0   0   0   0   0   0   0   0   0   0   0   0   0   0   0   0   0   0   0   0   0   0   0  28   0   0   0   0   0   0  25   0   0  29   0   0   0   0   0   0   0   0  24   0   0   0   0   0   0   0  28  26   0   0   0   0   0   0   0   0   0   0   0   0   0   0   0  
 0   0   0   0   0   0   0   0   0   0   0   0   0   0   0   0   0   0   0   0   0  25   0   0   0   0   0  23   0   0  29   0   0   0   0   0  26  27   0   0  27   0  28   0   0  21   0   0  26   0   0  27   0   0   0   0   0   0   0   0   0   0   0   0   0   0  21   0   0   0   0   0   0   0   0   0   0   0   0   0   0  
 0   0   0   0   0   0   0   0   0   0   0   0   0  27   0   0   0   0   0   0   0   0   0   0   0   0   0   0   0   0   0  28   0   0   0   0   0   0   0  27   0   0  28   0   0   0   0   0   0  28   0   0   0   0   0   0   0   0  21   0   0   0   0   0   0   0   0  28   0   0   0   0   0   0   0   0   0   0   0   0   0  
 0   0   0   0   0   0   0   0   0   0   0   0   0   0  26   0   0   0   0   0   0   0   0   0   0   0   0   0   0  30   0   0  30   0   0   0   0   0  29   0   0   0   0   0  25   0   0   0   0  24  22   0   0   0   0   0   0   0   0  26   0   0   0   0   0   0   0   0  27   0   0   0   0   0   0   0   0   0   0   0   0  
 0   0   0   0   0   0   0   0   0   0   0   0   0   0   0  26   0   0   0   0   0   0   0   0  26   0   0   0   0   0   0   0   0  26   0   0   0   0   0  25   0   0   0  22  26   0   0   0   0   0   0   0   0   0   0   0   0   0   0   0  22   0   0   0   0   0   0   0   0  24   0   0   0   0   0   0   0   0   0   0   0  
 0   0   0   0   0   0   0  27   0   0   0   0   0  30   0   0   0   0   0   0   0   0   0   0   0   0   0   0   0   0   0   0   0   0  23  26   0   0   0   0  24   0  30   0  27   0   0   0   0   0   0  24  26   0   0   0   0   0   0   0   0  25   0   0   0   0   0  28   0  22  23   0   0   0   0   0   0   0   0   0   0  
 0   0   0   0   0   0   0   0   0   0   0   0   0   0   0   0   0  22   0   0   0   0   0   0   0   0   0   0   0   0   0   0   0   0   0  26   0   0   0   0   0  22  23  28   0   0   0   0   0   0   0   0   0  26   0   0   0   0   0   0   0   0  26   0   0   0   0   0   0   0  25  30   0   0   0   0   0   0   0   0  22  
 0   0   0   0   0   0   0   0   0  30   0   0   0   0   0   0   0   0  27   0   0  28   0   0   0   0   0   0   0   0   0   0   0   0   0   0   0   0   0   0   0   0   0   0   0   0  25   0  24   0   0   0   0   0   0   0   0   0   0   0   0   0   0   0   0   0   0   0   0   0   0   0  22   0   0   0   0   0   0   0   0  
 0   0   0   0   0   0   0   0   0   0  23   0   0   0   0   0   0   0   0   0   0   0   0   0   0   0   0   0   0   0   0   0   0   0   0   0   0   0   0   0   0   0   0   0   0  25   0  25   0  24   0   0   0   0   0   0   0   0   0   0   0   0   0   0  30   0   0   0   0   0   0   0   0   0  30   0  21   0   0   0   0  
 0   0   0   0   0   0   0   0   0   0   0  23   0   0   0   0   0   0   0  24  29   0   0  26   0   0   0   0   0   0   0   0   0   0   0   0   0   0   0   0   0  27   0   0   0   0  27   0   0   0  27   0   0   0   0   0   0   0   0   0   0   0   0   0   0  21   0   0   0   0   0   0   0   0  29   0   0   0   0   0   0  
 0   0   0   0   0   0   0   0   0   0   0   0   0   0   0   0   0   0  22   0   0  24  26   0   0   0   0   0   0   0   0   0   0   0   0   0  27   0   0  26  28   0   0   0   0  25  27   0   0  28   0  25   0   0   0   0   0   0   0   0   0   0   0   0   0   0   0   0   0   0   0   0  27   0   0  23   0   0  24   0   0  
 0   0   0   0   0   0   0   0   0   0   0   0   0   0   0   0   0   0   0   0   0   0   0  24   0   0   0   0   0   0   0   0   0   0   0   0   0   0   0   0   0   0   0  27   0  25   0   0  29   0  23   0  30   0   0   0   0   0   0   0   0   0   0   0   0   0   0   0   0   0   0   0   0  23   0  28  22   0   0   0   0  
 0   0   0   0   0   0   0   0   0   0   0   0   0   0   0   0   0   0   0   0   0   0   0   0   0   0  25   0   0   0   0   0   0   0   0   0   0   0   0   0  23  30   0   0   0   0  22  24   0   0   0   0  30  24   0   0   0   0   0   0   0   0   0   0   0   0   0   0   0   0   0   0   0   0  22   0   0  30   0   0   0  
 0   0   0   0   0   0   0   0   0   0   0   0   0   0   0  25   0   0   0   0   0  29   0   0  28   0   0   0   0   0   0   0   0   0   0   0   0   0   0  25   0   0  21   0   0   0   0   0  26  29   0   0  22   0   0   0   0   0   0   0   0   0   0   0   0   0   0   0   0   0   0   0   0   0   0   0   0   0  21   0   0  
 0   0   0   0   0   0   0   0   0   0   0   0   0   0   0   0   0   0   0   0   0   0   0   0   0  23   0   0   0   0   0   0   0   0   0   0   0   0   0   0   0   0   0  27   0   0   0   0   0  26  25  26   0  30   0   0   0   0   0   0   0   0   0   0   0   0   0   0   0   0   0   0   0   0   0   0   0   0  21  26  23  
 0   0   0   0   0   0   0   0   0   0   0   0   0   0   0   0   0  23   0   0   0   0   0   0   0  24   0   0   0   0   0   0   0   0   0   0   0   0   0   0   0   0   0   0  25   0   0   0   0   0  26   0  27   0   0   0   0   0   0   0   0   0   0   0   0   0   0   0   0   0   0  30   0   0   0   0   0   0   0  21   0  
 0   0   0   0   0   0   0   0   0   0   0   0   0   0   0   0   0   0   0   0   0   0   0   0   0   0   0  24   0   0   0   0   0   0   0   0  25   0   0   0   0   0   0   0   0   0   0   0   0   0   0   0   0   0   0  25  25  21  28   0   0   0   0  21   0   0   0   0   0   0   0   0   0   0   0   0   0   0   0   0   0  
 0   0   0   0   0   0   0   0   0   0   0   0   0   0   0   0   0   0   0   0   0   0   0   0   0   0   0   0  21  27   0   0   0   0   0   0   0  24   0   0   0   0   0   0   0   0   0   0   0   0   0   0   0   0  25   0  25   0   0  28   0   0   0  25  23  25   0   0   0   0   0   0   0   0   0   0   0   0   0   0   0  
 0   0   0   0   0   0   0   0   0   0   0   0   0   0   0   0   0   0   0   0   0   0   0   0   0   0   0   0  30  24   0   0  23   0   0   0   0   0  28   0   0   0   0   0   0   0   0   0   0   0   0   0   0   0   0  30   0   0   0  22   0   0  30   0   0  24   0   0   0   0   0   0   0   0   0   0   0   0   0   0   0  
 0   0   0   0   0   0   0   0   0   0   0   0   0   0   0   0   0   0   0   0   0   0   0   0   0   0   0   0   0   0  28   0   0   0   0   0   0   0   0   0   0   0   0   0   0   0   0   0   0   0   0   0   0   0  28  28   0   0  23   0  28   0   0  23   0   0   0   0   0  25   0   0   0   0   0  22   0   0   0   0   0  
 0   0   0   0   0   0   0   0   0   0   0   0   0   0   0   0   0   0   0   0   0   0   0   0   0   0   0   0   0   0   0   0   0   0  30   0   0   0   0   0  29   0   0   0   0   0   0   0   0   0   0   0   0   0  27  27  30   0   0   0  22   0  23   0   0   0   0  25   0   0  27   0   0   0   0   0   0   0   0   0   0  
 0   0   0   0   0   0   0   0   0   0   0   0   0   0   0   0   0   0   0   0   0   0   0   0   0   0   0   0   0  26   0   0  27   0   0  26   0   0   0   0   0   0   0   0   0   0   0   0   0   0   0   0   0   0   0   0  28   0  28   0   0   0  27   0   0  27   0   0  21   0   0  29   0   0   0   0   0   0   0   0   0  
 0   0   0   0   0   0   0   0   0   0   0   0   0   0   0   0   0   0   0   0   0   0   0   0   0   0   0   0   0   0  22   0   0  22   0   0   0   0   0   0   0   0  26   0   0   0   0   0   0   0   0   0   0   0  23   0   0  26   0   0   0  21   0   0   0   0   0   0   0  21   0   0   0   0   0   0   0   0   0   0   0  
 0   0   0   0   0   0   0  22   0   0   0   0   0   0   0   0   0   0   0   0   0   0   0   0   0   0   0   0   0   0   0   0   0  27   0   0   0   0   0   0   0   0   0   0   0   0   0   0   0   0   0   0   0   0   0   0   0   0  30  30   0   0  26   0   0   0   0   0   0   0  28   0   0   0   0   0   0   0   0   0   0  
 0   0   0   0   0   0   0   0   0   0   0   0   0   0   0   0   0   0   0   0   0   0   0   0   0   0   0   0   0   0   0   0   0   0  24  24   0   0   0   0   0   0   0   0  26   0   0   0   0   0   0   0   0   0   0   0   0   0   0  22   0  24   0   0   0   0   0   0   0   0  27  26   0   0   0   0   0   0   0   0   0  
 0   0   0   0   0   0   0   0   0   0   0   0   0   0   0   0   0   0   0   0   0   0   0   0   0   0   0   0   0   0   0   0   0   0   0   0  25   0   0   0   0   0   0   0   0   0   0   0   0   0   0   0   0   0  28   0   0   0   0   0   0   0   0   0  30   0  28  28   0   0   0   0  29  25   0  28   0   0   0   0   0  
 0   0   0   0   0   0   0   0   0   0   0   0   0   0   0   0   0   0   0   0   0   0   0   0   0   0   0   0   0   0   0   0   0   0   0   0   0  29   0   0   0   0   0   0   0   0   0   0   0   0   0   0   0   0   0  24  23   0   0   0   0   0   0  28   0  26   0  24  29   0   0   0  23  28   0   0  21   0   0   0   0  
 0   0   0   0   0   0   0   0   0   0   0   0   0   0   0   0   0   0   0   0   0   0   0   0   0   0   0   0   0   0   0   0   0   0   0   0   0   0  30   0   0   0   0   0   0   0   0  29   0   0   0   0   0   0   0   0  25   0   0  30   0   0   0   0   0   0   0  26   0   0   0   0   0   0  27   0   0   0   0   0   0  
 0   0   0   0   0   0   0   0   0   0   0   0   0   0   0   0   0   0   0   0   0   0   0   0   0   0   0   0   0   0   0   0   0   0   0   0   0   0   0   0   0   0   0   0   0   0   0   0  21   0   0   0   0   0   0   0   0  26   0   0   0   0   0   0   0   0   0   0   0  23   0   0   0   0   0  26   0   0   0   0   0  
 0   0   0   0   0   0   0   0   0   0   0   0   0   0   0   0   0   0   0   0   0   0   0   0   0   0   0   0   0   0   0   0   0   0   0   0   0   0   0   0  30   0   0   0   0   0   0   0   0   0   0   0   0   0   0   0   0   0   0   0   0   0   0  22  27   0   0   0  30   0  26   0   0   0   0   0  28   0   0   0   0  
 0   0   0   0   0   0   0   0   0   0   0   0   0   0   0   0   0   0   0   0   0   0   0   0   0   0   0   0   0   0   0   0  24   0   0   0   0   0   0   0  30   0   0   0   0   0   0   0   0   0  24   0   0   0   0   0   0   0   0   0   0   0   0   0   0   0   0  26   0   0   0  22   0   0   0   0  24  29   0   0   0  
 0   0   0   0   0   0   0   0   0   0   0   0   0   0   0   0   0   0   0   0   0   0   0   0   0   0   0   0   0   0   0   0   0   0   0   0   0   0   0   0   0   0  26   0   0   0   0   0   0   0   0  23   0   0   0   0   0  24   0   0  28  22   0  30   0   0   0   0   0   0   0   0   0   0   0   0   0   0  29   0   0  
 0   0   0   0   0   0   0   0   0   0   0   0   0   0   0   0   0   0   0   0   0   0   0   0   0   0   0   0   0   0   0   0   0   0   0   0   0   0   0   0   0   0   0  27   0   0   0   0   0   0   0   0   0   0   0   0   0   0   0   0   0  22   0   0   0   0   0   0   0  21   0  30   0   0   0   0  27   0   0  24   0  
 0   0   0   0   0   0   0   0   0   0   0   0   0   0   0   0   0   0   0   0   0   0   0   0   0   0   0   0   0   0   0   0   0   0   0  27   0   0   0   0   0   0   0  27  28   0   0   0   0   0   0   0   0   0   0   0   0   0   0  21   0   0  24   0   0   0   0  23   0   0   0   0   0   0   0   0   0   0   0  27  29  
 0   0   0   0   0   0   0   0   0   0   0   0   0   0   0   0   0   0   0   0   0   0   0   0   0   0   0   0   0   0   0   0   0   0   0   0   0   0   0   0   0   0   0   0   0  24   0   0   0   0   0   0   0   0  25   0   0   0   0   0   0   0   0  23   0   0   0   0   0   0   0   0   0  29   0  30   0   0   0   0   0  
 0   0   0   0   0   0   0   0   0   0   0   0   0   0   0   0   0   0   0   0   0   0   0   0   0   0   0   0   0   0   0   0   0   0   0   0   0   0   0   0   0   0   0   0   0  22  22  23   0   0   0   0   0   0   0   0   0   0   0   0   0   0   0   0  24   0   0  27   0   0   0   0  29   0  24   0  22   0   0   0   0  
 0   0   0   0   0   0   0   0   0   0   0   0   0   0   0   0   0   0   0   0   0   0   0   0   0   0   0   0   0   0   0   0   0   0   0   0   0   0  29   0   0   0   0   0   0   0  23  24   0   0   0   0   0   0   0   0   0   0   0   0   0   0   0   0   0  25   0   0  23   0   0   0   0  29   0   0   0  24   0   0   0  
 0   0   0   0   0   0   0   0   0   0   0   0   0   0   0   0   0   0   0   0   0   0   0   0   0   0   0   0   0   0   0   0   0   0   0   0   0   0   0   0   0   0   0   0   0  22   0   0  26  24   0   0   0   0   0   0   0   0   0   0   0   0   0  23   0   0  22  29   0   0   0   0  26   0   0   0   0   0  30   0   0  
 0   0   0   0   0   0   0   0   0   0   0   0   0   0   0   0   0   0   0   0   0   0   0   0   0   0   0   0   0   0   0   0   0   0   0   0   0   0   0   0   0   0   0   0   0   0   0   0   0  22   0   0   0   0   0   0   0   0  30   0   0   0   0   0   0   0   0  24  23   0   0   0   0  26   0  23   0  29   0  22   0  
 0   0   0   0   0   0   0   0   0   0   0   0   0   0   0   0   0   0   0   0   0   0   0   0   0   0   0   0   0   0   0   0   0   0   0   0   0   0   0   0   0  28   0   0   0   0   0   0   0   0   0   0   0   0   0   0   0   0   0   0   0   0   0   0   0   0   0  25  27   0   0   0   0  27  21   0  29   0   0  22  22  
 0   0   0   0   0   0   0   0   0   0   0   0   0   0   0   0   0   0   0   0   0   0   0   0   0   0   0   0   0   0   0   0   0   0   0   0   0   0   0   0   0   0  30   0   0   0   0   0   0   0   0  25   0   0   0   0   0   0   0   0   0   0   0   0   0   0  29   0   0  28   0   0   0   0   0   0   0   0   0  25   0  
 0   0   0   0   0   0   0   0   0   0   0   0   0   0   0   0   0   0   0   0   0   0   0   0   0   0   0   0   0   0   0   0   0   0   0   0   0   0   0   0   0   0   0  25   0   0   0   0   0   0   0   0  30   0   0   0   0   0   0   0   0   0   0   0   0   0   0   0   0   0  26  27   0   0   0  23   0  26   0   0  29  
 0   0   0   0   0   0   0   0   0   0   0   0   0   0   0   0   0   0   0   0   0   0   0   0   0   0   0   0   0   0   0   0   0   0   0   0   0   0   0   0   0   0   0   0   0   0   0   0   0   0   0   0  22  22   0   0   0   0   0   0   0   0   0   0   0   0   0   0   0   0  27  28   0   0  23   0  23  23   0  30   0  
