81

 0  15  41   6  48  88  48  90  83  16  49  85  48  89  90  89  82  87  47  84  87  90  81  86  87  82  86  17  48  85  50  83  82  85  87  85  45  82  90  89  87  88  88  85  89  84  88  83  88  85  89  86  83  87  47  82  88  81  88  81  85  88  83  86  82  83  84  82  84  86  85  90  81  81  81  83  86  83  81  87  81  
 2   0  12  43  10  41  84  49  83  41   6  45  88  42  89  85  90  83  87  42  88  82  82  83  81  82  83  46   4  48  87  50  90  85  87  89  90  47  81  88  85  88  89  81  85  86  81  89  90  86  81  90  88  81  82  42  86  86  89  82  90  83  84  82  83  83  84  86  89  86  84  87  82  87  84  89  88  82  87  83  81  
47  16   0  82  41  11  84  85  49  85  48  15  88  81  44  87  84  88  84  86  44  89  88  86  89  90  89  84  41   9  89  82  50  86  82  87  89  88  50  85  87  89  86  90  86  84  81  87  82  88  82  84  89  84  86  90  41  82  81  87  89  86  84  85  82  82  85  86  81  81  86  86  83  90  82  81  89  82  89  84  82  
13  50  81   0  14  41   8  46  87  48  82  87   4  49  87  47  84  81  85  85  86  48  87  82  90  82  90  46  90  81  11  42  90  48  88  87  88  83  85  49  85  88  90  88  83  83  88  86  84  84  81  81  81  84  81  87  84  50  87  88  83  81  89  83  85  90  87  89  86  89  90  82  85  84  86  81  84  86  81  84  83  
43   9  48   9   0  14  48  17  45  83  49  85  48   5  42  81  46  89  82  84  81  84  43  83  84  83  87  83  46  84  50   9  50  84  50  85  88  88  81  87  47  88  90  84  83  87  83  81  81  85  89  86  86  85  83  87  84  90  41  86  81  86  90  85  90  85  90  89  85  85  85  83  85  90  83  81  81  83  87  87  89  
83  47   7  43   4   0  84  50   4  83  81  49  84  45   5  84  83  45  89  83  86  89  90  41  87  83  89  86  85  41  83  41  11  83  89  44  88  86  82  82  88  47  84  84  87  88  82  83  85  81  86  81  89  85  84  81  82  81  85  50  83  84  90  83  90  89  87  82  82  83  86  81  89  82  81  82  88  83  90  88  85  
47  85  85  15  47  89   0  16  41  83  87  82  42  85  86  20  49  90  90  81  81  82  81  84  49  88  88  90  88  85  49  87  84  18  44  87  88  90  87  82  87  84  42  86  90  86  83  86  89  83  84  88  85  89  88  86  83  85  83  81  42  88  87  86  89  87  83  88  84  82  81  88  88  90  85  90  90  88  81  89  82  
86  42  83  45   7  41   7   0   6  85  86  82  89  44  86  42  17  41  86  83  90  85  82  86  90  44  82  83  90  87  90  46  90  44   4  47  82  86  87  87  82  85  83  47  85  83  81  89  88  81  87  88  89  89  88  86  82  86  85  86  81  41  88  90  83  90  85  89  82  86  89  82  89  83  81  85  81  81  87  86  84  
82  82  49  87  43  20  47  13   0  84  81  89  89  87  43  87  47  10  87  90  89  88  84  90  90  85  47  86  84  85  84  84  45  81  42   6  83  89  86  86  86  82  90  88  49  81  82  88  83  84  84  85  85  88  84  86  88  83  82  85  89  88  43  85  90  83  83  89  85  86  85  86  84  83  85  81  87  87  82  82  90  
 9  46  87  42  89  84  84  84  90   0  19  41   2  42  86  50  87  81   5  45  90  44  87  83  90  90  81  42  87  83  89  90  86  85  81  81  13  41  82  45  84  85  88  82  87  46  82  87  88  90  82  88  89  89  84  82  88  88  82  88  90  86  85  45  89  84  87  81  85  88  82  84  82  89  89  89  87  81  82  83  87  
50   5  43  82  44  82  85  82  86  10   0   1  48   4  50  82  48  81  42  12  41  90  50  87  90  81  90  87  46  88  89  84  85  86  86  83  44   3  48  82  44  88  84  87  82  87  45  90  88  89  86  84  87  84  84  82  85  84  86  89  82  85  82  90  47  89  83  90  83  89  81  83  82  86  86  81  90  90  88  81  90  
90  50  10  88  86  42  84  90  82  46   1   0  82  46  14  82  87  46  89  49  19  82  87  47  85  84  87  90  89  44  83  81  86  87  87  85  88  47  20  81  90  41  88  81  81  86  81  47  84  88  83  86  84  84  81  82  81  81  82  81  87  86  81  82  82  42  90  90  87  83  85  89  86  83  90  85  90  90  84  85  89  
48  84  87   1  44  85  42  86  90  10  45  89   0   9  50   7  46  82  45  86  85   8  44  88  48  88  85  86  84  90  43  90  84  85  82  88  43  88  84   6  48  81  46  88  82  82  88  82  42  90  84  81  86  86  84  86  89  82  89  82  86  85  83  83  84  81  50  83  84  87  90  83  89  87  82  90  84  87  86  90  88  
88  46  87  43   1  45  90  43  82  46  13  50  15   0  10  43   4  47  88  48  90  43  18  50  87  46  86  90  90  83  87  44  81  89  89  90  82  42  89  49  18  47  83  47  85  85  89  88  88  42  84  82  89  81  89  83  81  84  87  87  88  85  89  88  82  88  87  49  81  88  88  90  89  85  82  86  81  88  82  88  86  
81  81  46  84  46  13  85  81  43  87  44   9  49  17   0  86  46  18  86  85  46  89  42   1  87  84  48  90  90  84  81  89  45  83  88  84  86  86  45  88  42   5  86  83  48  84  81  87  88  85  48  85  85  89  85  90  87  84  89  90  88  88  84  86  86  89  88  84  48  81  85  87  85  83  90  90  83  90  82  84  84  
84  86  90  43  90  89   1  49  84  44  86  84  14  49  82   0  19  41  87  84  84  46  85  86   3  47  86  83  81  84  90  83  81  41  88  85  89  90  81  44  87  90  20  43  81  87  84  85  87  85  84  43  84  88  89  83  86  82  90  87  84  87  82  90  90  81  88  89  87  44  90  87  83  88  88  86  87  82  86  90  88  
89  82  89  90  44  83  44   7  47  82  43  84  46   6  45   8   0   9  87  83  82  88  50  82  43   7  42  90  81  86  85  83  87  83  47  90  85  88  86  89  44  86  41   4  42  84  84  86  85  85  90  84  48  82  84  86  81  89  84  82  86  85  82  87  85  81  89  84  89  83  50  89  82  86  85  87  86  89  81  82  81  
85  86  90  88  85  50  82  45   3  86  83  47  82  45  15  42   7   0  88  86  83  82  82  44  81  46  20  89  82  86  87  86  89  90  83  46  85  88  81  90  82  43  81  48  17  87  85  86  83  86  89  89  89  47  89  87  85  86  86  81  87  83  83  87  81  88  89  83  87  81  81  48  87  86  84  90  83  89  86  90  89  
44  90  86  88  84  84  84  87  82  13  43  87  49  89  85  83  89  82   0  18  42  16  49  87  49  88  90  83  84  88  89  84  82  86  82  81  46  85  87  84  87  83  87  83  87   4  46  86  48  88  87  81  88  87  82  83  83  82  88  89  83  84  83  85  89  84  83  87  84  86  90  83  48  89  81  84  85  85  87  82  89  
87  44  81  85  84  90  87  90  82  42   4  45  84  44  83  90  85  84   4   0   5  44   1  48  86  46  90  90  83  82  87  83  86  88  85  88  90  48  81  87  89  90  86  87  82  44   5  49  84  41  81  84  88  88  82  83  81  87  88  88  83  81  87  87  88  83  86  82  86  90  82  81  87  47  88  83  87  82  85  87  83  
82  81  41  89  88  88  84  83  86  85  48   9  85  88  45  84  89  89  43  13   0  81  48   4  85  89  50  83  84  86  82  83  81  82  81  81  86  90  42  89  85  85  85  86  84  88  43  19  86  87  49  86  81  84  88  86  87  88  84  87  82  87  84  86  90  88  84  82  87  82  89  85  89  83  41  87  88  82  88  84  82  
86  90  82  49  82  82  83  88  85  48  86  81  16  48  86  48  84  85   3  42  83   0  13  48  18  46  88  81  83  89  89  90  81  82  86  88  86  90  86  49  90  85  88  84  87  41  82  86   5  48  89  47  85  81  83  82  86  83  85  84  85  81  82  82  88  84  85  84  90  83  83  89  86  82  86  50  81  86  85  88  84  
82  81  86  88  50  90  86  84  87  86  47  87  45  19  49  90  44  86  48  15  43   4   0  13  41   1  49  89  85  89  83  89  82  85  87  88  89  81  85  90  47  83  89  86  86  84  41  89  50   8  42  81  45  81  90  86  85  82  89  82  86  88  88  84  89  81  85  84  83  83  81  81  85  85  86  87  47  83  89  90  85  
83  84  86  82  82  47  81  89  82  82  90  49  88  49  10  90  88  48  87  45  19  50  15   0  89  43  11  83  90  82  85  87  83  81  82  88  88  90  81  89  87  42  86  83  86  85  82  50  83  44   4  89  82  48  86  88  89  84  82  86  89  88  82  87  86  88  83  87  88  87  85  81  82  89  90  81  89  48  88  86  83  
82  85  82  86  89  86  50  87  82  85  89  81  50  82  81  13  49  82  46  84  84   7  48  86   0  20  43  81  81  90  83  82  82  87  85  84  88  81  83  85  89  82  48  81  90  88  90  85  44  85  87  20  42  84  87  87  86  86  88  87  85  87  82  85  84  89  86  83  88  90  81  85  84  84  88  84  81  88  48  82  85  
84  86  82  85  84  81  84  43  85  89  84  82  82  43  87  50   2  48  85  50  87  46  11  44   6   0   2  88  89  88  86  89  88  88  87  90  82  88  90  85  89  83  84  48  89  88  87  83  83  47  87  41   2  47  89  90  87  81  90  85  85  85  88  87  84  86  89  87  88  84  83  86  86  84  90  90  82  90  88  43  88  
89  83  81  87  90  82  90  89  44  90  81  89  89  87  49  83  47  18  86  88  42  86  41   1  42   3   0  87  84  83  81  83  83  82  85  85  83  83  90  85  90  81  87  81  47  90  81  81  89  86  44  81  50  11  81  85  87  89  82  82  81  82  85  89  82  83  82  90  86  89  84  83  88  85  86  86  81  89  82  90  47  
11  48  81  41  88  87  84  84  86  44  84  84  89  89  81  90  89  89  81  87  87  82  84  86  84  82  82   0  17  46   3  47  84  46  90  89   2  45  85  43  90  86  82  88  82  49  90  83  89  89  90  89  88  83  19  41  83  49  87  82  84  85  82  46  87  84  88  85  85  87  83  85  84  82  81  82  87  87  83  87  89  
42  16  43  81  48  87  88  82  88  88  45  86  84  87  88  85  89  90  89  90  89  90  86  82  89  85  82   6   0   2  48  18  49  86  46  88  50  19  42  90  45  90  90  88  88  81  48  84  87  88  86  89  89  88  45  19  45  82  50  85  86  90  90  84  44  81  85  86  89  85  83  84  90  88  87  81  87  86  81  89  89  
89  45  10  89  86  48  89  90  90  87  87  42  83  88  88  86  90  82  87  87  83  81  84  89  86  87  86  50  18   0  83  47  20  83  90  48  84  46  20  90  86  41  87  90  90  90  88  47  82  90  81  90  88  86  84  45   1  83  82  41  85  82  88  84  90  45  90  84  88  88  88  87  86  89  88  86  83  81  86  86  87  
44  83  88   8  43  86  48  81  88  81  90  87  49  90  88  85  84  82  85  82  81  84  84  82  81  82  88  15  47  83   0  14  44   4  49  84  47  87  89   3  44  88  46  88  84  86  87  87  44  86  83  81  85  90  49  82  82  12  47  84  43  86  86  90  90  81  45  81  89  90  90  86  85  85  81  82  84  84  89  89  90  
81  41  89  43   3  43  86  49  85  89  86  88  88  46  89  83  83  82  87  89  88  83  86  84  85  82  84  41   7  41   3   0  12  47  12  49  84  44  89  41  13  49  86  44  89  89  85  88  81  45  88  89  90  90  81  44  82  50  13  41  81  49  88  83  86  90  83  44  89  89  90  81  90  88  81  85  86  90  83  87  82  
88  85  42  86  44  17  90  87  46  84  83  81  90  81  42  85  86  87  82  90  81  89  89  86  86  90  88  89  48   9  45  14   0  89  50  12  83  88  45  84  48   7  85  82  44  88  83  83  88  89  47  82  89  82  89  88  42  90  46   9  82  81  41  89  81  84  85  81  43  88  86  82  87  88  82  84  81  81  84  83  84  
83  88  86  48  87  85   4  42  82  89  88  81  88  85  88  46  89  84  90  87  82  89  82  84  81  86  86  43  90  82   6  42  87   0  20  47  83  87  84  49  90  84  14  50  86  81  82  89  87  88  84  44  86  85  85  90  85  46  88  87   8  47  85  88  83  88  89  81  81  47  83  89  87  81  81  87  90  81  83  86  81  
88  84  82  84  43  82  43  15  43  84  85  83  85  86  86  82  44  85  81  82  83  87  81  82  81  84  84  87  41  89  48   6  50  13   0  19  88  86  87  89  45  85  46  16  46  85  85  87  90  89  89  86  50  86  85  90  90  84  41  85  49   8  43  85  82  83  90  84  87  86  47  86  87  86  87  85  88  88  90  86  81  
89  87  89  88  88  48  86  42   2  90  81  89  86  83  83  90  90  50  89  83  81  89  83  87  83  81  86  81  89  41  81  50  15  48   8   0  82  90  88  85  85  42  89  42   1  86  90  82  89  87  87  90  89  47  85  90  88  84  81  49  89  43   7  81  84  90  89  83  89  89  84  41  90  83  85  82  85  86  89  85  87  
42  87  82  88  89  90  88  84  84   3  48  83  42  90  85  88  90  90  46  90  84  89  82  84  86  89  89   1  41  84  47  84  90  86  81  90   0  17  47  17  49  85  44  86  81   9  44  82  49  86  85  89  87  85  43  84  81  84  83  82  84  90  90  12  47  82  41  90  84  87  84  82  43  85  86  87  86  81  84  86  88  
87  41  82  81  86  81  89  85  88  47   7  42  87  46  86  87  89  82  83  42  83  90  85  85  89  81  90  47  19  43  90  48  89  88  82  81  17   0  13  44  15  48  85  42  86  45  14  48  84  49  81  87  81  89  85  42  83  87  83  86  85  82  90  42  12  46  88  43  88  83  84  89  86  41  87  83  90  83  89  89  87  
87  90  48  86  87  90  85  90  90  88  42   8  82  83  47  87  89  90  86  81  48  83  83  84  81  84  87  88  45  12  86  89  42  81  81  87  50  13   0  89  43  20  81  82  48  81  45  19  90  81  47  87  88  88  81  88  46  89  83  82  81  87  81  88  50   4  82  84  42  90  90  86  88  84  43  85  81  84  86  87  86  
89  81  86  41  90  88  90  81  84  46  82  88  17  47  90  50  85  82  86  90  87  46  82  90  87  88  82  45  83  88  13  44  85  44  82  82  11  43  90   0  10  45   2  42  85  47  86  82  11  48  89  43  82  86  86  84  83  45  83  82  84  87  82  45  88  82  15  44  90  49  88  88  81  90  84  41  88  86  85  83  84  
86  90  83  86  44  82  90  83  81  83  46  82  43  19  41  82  45  87  82  89  87  86  50  86  81  88  87  87  45  89  49   2  46  81  41  87  49  11  44  18   0  11  50   6  49  83  45  84  47  18  44  85  43  87  86  81  87  82  43  86  84  81  83  85  45  88  45  15  48  87  43  90  81  86  90  85  48  83  84  85  87  
90  83  85  90  89  50  90  90  88  88  85  44  90  49  12  87  90  48  89  89  82  83  87  42  86  88  87  86  85  49  86  50  13  87  87  47  82  50   7  46   8   0  84  43  20  90  81  41  83  46  15  87  81  47  85  83  87  84  85  42  86  89  89  86  85  42  82  43  13  90  87  50  84  81  89  84  85  43  84  84  84  
87  87  89  88  83  88  45  83  90  82  89  86  48  87  85  20  47  85  87  81  87  84  88  81  48  83  90  88  90  90  41  86  81  16  44  88  43  85  82   9  50  89   0   9  47  82  87  82  47  83  88  15  47  87  87  82  85  84  89  81  44  83  85  87  87  87  49  86  85  12  46  86  89  82  90  89  85  84  41  84  84  
82  83  88  88  89  87  84  41  85  86  88  83  90  49  84  47  12  44  88  85  90  83  81  87  83  42  84  90  87  89  85  49  83  44   6  47  89  45  89  42   1  44  19   0   3  83  83  81  82  44  88  45   4  44  88  83  86  81  87  81  81  50  83  88  85  84  85  45  81  48   2  46  81  81  84  84  89  84  88  45  81  
87  89  88  88  86  85  87  86  49  86  82  90  90  89  42  89  44  16  86  88  82  85  88  81  89  85  42  84  89  90  81  89  44  82  47  11  82  86  44  83  47   8  50   6   0  81  90  88  87  90  43  90  43  13  85  83  82  87  83  90  82  82  43  90  88  86  82  82  50  88  50  18  89  81  90  88  83  88  87  83  42  
90  83  90  84  89  88  90  90  88  48  86  88  85  82  84  85  89  85  15  41  84  44  83  83  81  81  87  50  81  89  87  83  85  88  87  81  17  48  82  47  84  86  86  86  87   0   2  42  13  48  84  46  87  82  86  81  82  82  85  86  88  86  82  42  82  81  85  84  90  90  86  88   8  41  84  44  87  87  83  87  82  
87  87  90  84  81  90  84  87  86  85  42  89  84  87  84  89  82  83  47  12  44  85  48  86  85  90  85  82  44  82  89  85  83  86  88  90  49  16  48  86  50  88  88  86  85   8   0  12  49   7  44  81  48  81  89  90  85  83  85  90  82  86  82  82  49  85  88  90  84  85  90  83  46  19  44  84  42  90  87  86  89  
89  84  81  87  83  90  82  81  89  87  85  48  84  88  90  90  88  89  84  50  17  84  85  49  89  90  90  88  82  46  86  85  87  83  89  84  86  49   2  85  88  43  85  85  85  49  17   0  81  44   3  87  90  47  90  81  89  82  90  85  86  85  87  82  89  46  82  87  85  88  82  89  84  44  10  85  87  43  87  86  81  
85  84  87  89  85  82  90  82  85  83  83  88  44  83  83  86  84  84  43  89  89   8  44  88  50  86  89  85  84  83  44  87  88  81  83  87  50  84  87  13  47  90  47  84  85   4  48  86   0   2  42   1  42  85  81  84  81  85  87  81  86  83  82  86  83  81  49  86  90  81  87  83  49  81  84  18  47  84  44  85  90  
90  88  87  84  83  85  88  85  85  88  88  86  82  45  86  88  82  88  83  49  88  48  20  48  83  41  84  87  87  89  89  48  89  89  82  85  84  47  89  46  10  47  84  45  81  43  20  44  18   0   4  45  18  43  88  86  81  90  83  81  84  82  85  90  81  84  89  50  87  86  88  86  87  49  87  41   8  45  84  45  83  
82  87  86  81  85  86  81  86  84  89  90  88  83  83  49  89  86  90  89  89  48  82  44   5  88  90  50  84  88  87  81  85  50  82  83  84  83  90  43  82  46  19  84  84  47  81  50  18  45  19   0  82  47   4  82  88  85  84  86  85  88  85  85  83  83  82  89  90  41  89  83  89  85  87  49  81  42   7  84  87  43  
84  85  83  85  84  89  82  84  90  89  81  90  86  85  90  43  89  84  86  89  83  50  86  82  17  49  90  85  84  82  88  89  85  42  86  90  88  81  85  45  90  89   1  41  86  44  89  84   9  44  87   0  19  49  84  83  83  90  84  81  84  82  86  82  81  83  82  85  87  45  86  82  81  89  84  49  81  83  18  44  84  
88  90  87  90  82  85  89  81  90  84  90  89  82  84  82  81  44  85  88  88  86  84  45  83  49  12  49  89  88  86  88  82  84  86  47  82  84  83  89  86  46  88  45   9  47  88  49  82  47  15  45  11   0   3  86  85  85  82  85  84  81  85  81  90  82  87  85  87  83  90  43  83  87  86  86  82  41  82  44   2  44  
83  89  82  87  88  86  90  89  89  89  85  89  87  84  87  82  87  46  81  86  84  88  89  48  89  48   9  81  85  82  83  82  85  81  86  46  84  82  85  89  87  46  90  48  11  84  85  49  87  41  11  48   1   0  86  87  85  85  81  90  89  84  89  83  84  85  86  83  87  84  82  46  85  90  90  86  90  42  89  42   2  
41  85  87  85  89  88  88  87  83  90  86  84  89  82  83  81  90  88  89  86  81  81  83  82  90  84  86   9  46  81  44  87  89  90  90  82  49  88  87  89  89  87  89  81  85  83  90  81  87  89  88  85  88  89   0   3  46   8  50  87  41  85  84  15  43  86  46  85  81  82  90  89  49  84  85  87  89  87  89  89  85  
90  46  89  83  81  87  84  85  83  89  83  81  87  88  86  90  88  85  88  89  88  84  86  86  82  85  82  42  17  46  86  50  85  81  85  90  85  42  86  88  86  88  86  86  82  81  87  85  85  85  86  89  90  83  14   0   1  45  14  45  84  46  84  48   8  45  88  44  84  90  86  82  83  49  82  81  84  85  84  90  85  
81  83  43  89  82  89  86  83  87  85  82  84  81  83  81  88  85  84  89  89  86  88  89  88  89  87  87  81  47   1  86  90  45  88  82  88  83  86  45  87  81  90  82  85  83  83  85  84  88  89  81  87  83  85  46   9   0  87  50  16  86  84  45  87  46  10  88  87  42  83  86  82  86  85  48  82  87  86  90  82  88  
86  84  90  41  89  87  83  81  81  89  86  82  90  86  82  86  84  90  87  89  90  90  82  87  86  87  86  43  87  85  16  46  84  44  82  87  84  86  82  45  89  90  88  83  84  87  87  87  86  83  89  86  90  81  18  47  89   0  12  42   1  47  86  45  81  84   6  48  81  47  85  85  83  88  81  50  90  82  89  82  85  
86  81  86  89  41  88  88  86  87  83  82  90  87  82  81  86  82  88  88  90  84  88  82  86  88  85  87  84  47  86  42  15  42  83  41  82  81  86  83  84  47  90  90  84  86  86  82  85  90  84  85  89  90  87  47   5  45  16   0   6  48  20  46  84  44  86  43  14  41  81  48  88  81  90  90  84  42  88  84  87  81  
83  88  83  82  89  50  82  90  89  82  90  89  90  89  84  84  83  90  86  89  86  88  84  88  85  83  86  82  83  45  87  49   8  84  86  48  81  82  81  85  83  48  85  85  81  88  87  82  81  86  81  89  88  83  86  41   2  42   3   0  86  41  19  83  83  50  87  46  16  81  88  47  90  90  82  88  88  47  89  83  83  
83  90  86  85  88  82  42  88  84  86  81  84  89  88  84  86  83  89  87  84  90  87  82  88  86  89  86  90  82  81  49  83  81   5  47  89  84  86  83  81  88  86  42  88  86  85  84  82  88  90  87  85  83  81  46  84  85  16  43  89   0   1  48  83  88  86  49  84  83  20  41  86  83  90  86  90  81  84  47  85  82  
90  87  90  82  84  86  84  49  88  89  86  84  82  81  84  88  89  82  88  86  86  81  86  85  90  89  82  85  87  90  86  45  90  41  11  42  89  85  90  86  90  85  90  46  81  83  84  83  82  89  86  84  84  85  81  45  89  41   7  41  10   0   5  85  90  84  83  50  82  44  10  43  88  83  85  85  90  88  87  41  88  
87  86  83  85  82  88  88  82  48  81  84  87  88  86  85  85  90  85  81  90  87  89  89  82  89  82  88  84  90  85  82  83  48  83  46   3  81  84  84  90  88  81  84  85  44  81  85  84  82  85  89  81  87  83  85  89  45  87  42  12  46  11   0  81  90  86  89  83  49  85  42   6  89  85  87  84  84  86  82  83  45  
88  88  89  85  82  86  83  87  83  46  89  82  83  89  89  81  81  89  81  90  84  82  87  84  81  89  85  44  84  83  87  85  84  84  90  85   2  44  84  48  87  84  88  87  88  43  87  86  86  84  87  86  87  85  15  48  84  43  87  85  83  90  84   0   8  42   4  50  81  45  88  87   3  47  89  44  81  90  86  81  82  
89  84  83  86  82  82  83  90  84  86  48  89  87  84  84  89  86  83  82  89  86  87  81  85  87  87  90  84  43  89  86  90  89  88  90  85  49  12  49  85  43  89  90  87  88  83  43  81  82  89  90  89  83  87  44   8  46  83  43  88  86  84  87  19   0  10  45   3  44  89  47  82  41  15  49  85  50  84  89  87  89  
87  82  87  86  87  83  84  81  90  86  90  45  88  88  83  85  88  86  89  84  88  88  86  81  90  90  89  81  89  41  82  84  85  84  82  82  87  48   1  88  82  41  90  88  85  83  83  47  82  83  85  85  89  85  88  50  11  88  81  41  81  90  90  49  15   0  86  41   6  84  84  46  83  49  14  81  85  46  89  84  85  
86  88  90  84  85  84  84  88  85  90  82  87  41  87  90  83  87  90  90  83  86  81  90  84  89  85  84  87  87  90  41  82  89  81  82  88  48  90  87  13  45  87  50  87  88  88  83  89  47  89  88  84  87  85  49  83  83  17  43  82  48  83  87   9  42  87   0  19  46   2  49  90  43  88  89  20  41  89  48  89  88  
86  90  90  83  84  85  85  85  82  90  90  87  86  41  87  84  83  88  82  86  87  85  86  88  85  90  83  87  87  81  88  43  81  83  84  89  87  49  89  46  16  45  88  48  89  89  82  88  82  47  87  83  85  84  90  41  85  48  20  41  90  49  89  50  18  43   1   0   3  47   6  45  86  42  83  43  18  47  82  46  86  
89  81  85  89  82  90  88  85  82  86  89  81  87  86  47  86  85  85  84  83  86  81  89  85  89  90  84  83  89  89  85  81  41  85  89  84  88  81  45  85  47  11  86  90  42  81  84  85  82  83  45  82  82  88  84  84  43  84  45   2  83  90  49  88  46  13  44  10   0  81  50   3  85  81  48  85  44  12  88  87  46  
82  90  81  87  86  85  83  89  88  84  82  83  83  86  82  43  82  81  90  89  82  88  84  81  88  83  88  89  86  90  85  86  89  46  90  83  89  84  88  44  86  88  14  41  89  87  88  81  89  85  87  41  88  83  87  81  90  43  85  85  18  46  82  49  90  85  12  48  87   0  10  44  88  90  84  48  88  83   3  45  82  
82  86  81  86  89  90  82  81  89  85  86  81  86  87  85  88  43  90  86  87  82  81  88  87  87  87  81  89  82  89  90  84  82  86  48  82  89  86  89  87  49  86  44  17  48  86  88  87  81  82  83  89  48  88  82  90  87  86  45  90  50   1  46  81  47  87  43   7  50  18   0  10  89  88  85  88  47  83  48  12  44  
86  90  86  83  84  83  85  81  86  88  85  85  83  82  89  83  82  49  82  81  87  81  90  89  84  90  87  89  90  84  87  83  89  87  82  47  87  89  82  90  88  42  90  50  17  89  86  81  82  82  84  84  83  45  86  81  86  82  89  48  83  45  13  90  85  42  84  49   6  46   2   0  86  83  82  84  84  50  89  44  14  
83  89  85  81  83  82  83  81  86  86  85  89  83  87  86  87  85  89  43  86  85  90  89  83  85  81  88  85  90  87  90  82  83  81  81  90  48  85  86  90  82  85  86  86  84  17  43  83  43  87  85  88  81  85  47  89  84  85  87  84  85  81  85  19  50  88  47  82  88  83  85  83   0  19  45  19  43  88  47  81  86  
81  81  90  89  90  85  84  88  85  87  82  85  90  88  89  84  89  89  82  48  89  87  86  84  89  86  82  89  81  90  82  81  83  82  88  81  87  47  87  90  88  87  90  81  85  45  14  44  81  46  84  81  84  84  81  43  83  82  87  88  84  86  87  46  12  42  86  49  89  81  90  87  14   0   9  42   1  41  85  44  89  
81  84  89  89  85  90  89  86  84  84  85  86  87  84  81  89  84  87  86  86  42  85  85  89  83  81  85  89  86  88  81  81  88  83  87  88  90  84  50  81  86  84  89  83  85  84  50   6  86  85  41  89  84  90  90  83  41  90  85  81  89  81  83  88  46   6  87  86  49  90  85  90  50   4   0  86  50  13  88  83  46  
86  89  83  84  86  82  87  83  89  88  85  87  84  83  86  90  88  82  81  82  85  43  83  84  90  88  87  84  88  81  81  83  82  87  89  89  85  88  86  46  89  88  90  82  90  44  86  81  12  44  88  50  84  90  86  85  90  42  90  87  88  82  85  48  82  81  20  50  88  41  88  86  14  48  81   0  10  49  17  46  85  
84  89  90  86  83  86  86  82  81  89  82  86  89  89  83  81  84  88  81  88  85  89  42  89  86  87  87  86  88  85  86  90  88  83  81  81  84  85  88  89  47  89  87  81  83  86  45  84  43  20  47  85  47  81  81  89  82  88  47  87  86  84  86  81  45  88  49   5  44  89  43  83  44   1  43  13   0   8  47   7  48  
86  85  84  88  90  84  90  86  83  83  82  85  89  81  88  89  87  82  87  87  88  84  83  44  82  90  82  83  85  83  87  88  84  82  81  83  87  81  89  85  84  43  85  87  89  87  84  47  85  41   5  87  84  43  85  83  84  82  87  44  81  90  87  86  82  43  89  50   2  82  82  44  85  41  15  47   7   0  87  46   5  
90  88  82  86  89  85  89  81  88  83  84  89  84  86  81  89  84  81  88  83  81  83  83  84  47  85  90  90  83  84  88  81  82  81  89  89  87  90  86  87  86  87  42  85  87  85  86  85  48  81  89  15  43  82  83  87  89  89  86  82  46  83  86  81  83  90  44  89  90  14  48  88  44  83  83  18  46  83   0   3  42  
84  88  81  82  86  84  84  83  85  84  89  85  89  84  83  83  87  83  86  83  84  81  87  86  83  48  90  87  85  84  87  86  88  86  88  82  88  83  84  83  83  84  87  43  82  89  87  86  85  48  82  47  11  47  86  88  84  86  88  87  87  44  81  84  81  81  90  47  89  42  17  44  85  44  89  47   8  50  10   0   8  
83  81  87  88  81  89  86  90  81  84  82  86  89  81  90  86  89  84  87  90  86  85  83  82  84  84  41  81  90  90  81  84  86  89  87  89  84  82  82  84  82  84  88  84  44  90  90  81  81  90  42  89  47   4  81  82  88  90  81  90  82  86  43  82  84  90  90  87  43  82  49   3  87  88  48  83  47  18  44  11   0  

 0  25   0  25  24   0  25   0   0  26   0   0  22   0   0   0   0   0  22   0   0   0   0   0   0   0   0  21   0   0  25   0   0   0   0   0   0   0   0   0   0   0   0   0   0   0   0   0   0   0   0   0   0   0   0   0   0   0   0   0   0   0   0   0   0   0   0   0   0   0   0   0   0   0   0   0   0   0   0   0   0  
23   0  24   0  22  30   0   0   0  25  26  29   0  22   0   0   0   0   0   0   0   0   0   0   0   0   0  25  22  21   0  27   0   0   0   0   0  27   0   0   0   0   0   0   0   0   0   0   0   0   0   0   0   0   0   0   0   0   0   0   0   0   0   0   0   0   0   0   0   0   0   0   0   0   0   0   0   0   0   0   0  
 0  23   0   0   0  29   0   0  23   0  29  27   0   0  25   0   0   0   0   0  30   0   0   0   0   0   0   0  30  23   0   0  21   0   0   0   0   0  28   0   0   0   0   0   0   0   0   0   0   0   0   0   0   0   0   0   0   0   0   0   0   0   0   0   0   0   0   0   0   0   0   0   0   0   0   0   0   0   0   0   0  
30  28   0   0  22   0  22  21   0  30   0   0  22  27   0   0   0   0   0   0   0  30   0   0   0   0   0  28   0   0  26  26   0  22   0   0   0   0   0  26   0   0   0   0   0   0   0   0   0   0   0   0   0   0   0   0   0   0   0   0   0   0   0   0   0   0   0   0   0   0   0   0   0   0   0   0   0   0   0   0   0  
23  27   0  21   0  27   0  24   0   0  24   0   0  26  30   0  22   0   0   0   0   0   0   0   0   0   0   0   0   0  28  28  25   0   0   0   0   0   0   0   0   0   0   0   0   0   0   0   0   0   0   0   0   0   0   0   0   0   0   0   0   0   0   0   0   0   0   0   0   0   0   0   0   0   0   0   0   0   0   0   0  
 0  22  26  22  23   0   0   0  28   0   0  28   0  29  29   0   0  22   0   0   0   0   0   0   0   0   0   0   0   0   0   0  30   0   0  29   0   0   0   0   0  30   0   0   0   0   0   0   0   0   0   0   0   0   0   0   0   0   0  22   0   0   0   0   0   0   0   0   0   0   0   0   0   0   0   0   0   0   0   0   0  
 0   0   0  22  30   0   0  30   0   0   0   0  29   0   0  29   0   0   0   0   0   0   0   0  24   0   0   0   0   0  21   0   0  26  30   0   0   0   0   0   0   0  29   0   0   0   0   0   0   0   0   0   0   0   0   0   0   0   0   0  29   0   0   0   0   0   0   0   0   0   0   0   0   0   0   0   0   0   0   0   0  
 0   0   0  25  28  24  22   0  28   0   0   0   0   0   0  27  26   0   0   0   0   0   0   0   0   0   0   0   0   0   0  28   0   0  25  27   0   0   0   0   0   0   0   0   0   0   0   0   0   0   0   0   0   0   0   0   0   0   0   0   0  22   0   0   0   0   0   0   0   0   0   0   0   0   0   0   0   0   0   0   0  
 0   0   0   0  28  21   0  24   0   0   0   0   0   0   0   0  29  29   0   0   0   0   0   0   0   0   0   0   0   0   0   0   0   0   0  28   0   0   0   0   0   0   0   0   0   0   0   0   0   0   0   0   0   0   0   0   0   0   0   0   0   0   0   0   0   0   0   0   0   0   0   0   0   0   0   0   0   0   0   0   0  
28   0   0  26   0   0   0   0   0   0  25  27  21  29   0   0   0   0  27  28   0  26   0   0   0   0   0  24   0   0   0   0   0   0   0   0  29  26   0  30   0   0   0   0   0   0   0   0   0   0   0   0   0   0   0   0   0   0   0   0   0   0   0  22   0   0   0   0   0   0   0   0   0   0   0   0   0   0   0   0   0  
25  30   0   0  23   0   0   0   0  29   0  27  21  30  30   0   0   0   0  30  29   0   0   0   0   0   0   0   0   0   0   0   0   0   0   0  24  30  26   0   0   0   0   0   0   0   0   0   0   0   0   0   0   0   0   0   0   0   0   0   0   0   0   0   0   0   0   0   0   0   0   0   0   0   0   0   0   0   0   0   0  
 0  29  22   0   0   0   0   0   0   0  30   0   0  30  26   0   0   0   0  22  28   0   0   0   0   0   0   0   0   0   0   0   0   0   0   0   0  25  26   0   0   0   0   0   0   0   0  26   0   0   0   0   0   0   0   0   0   0   0   0   0   0   0   0   0   0   0   0   0   0   0   0   0   0   0   0   0   0   0   0   0  
23   0   0  21   0   0   0   0   0  28  25   0   0  26   0  24  27   0   0   0   0  27   0   0  28   0   0   0   0   0   0   0   0   0   0   0  22   0   0  24   0   0  26   0   0   0   0   0   0   0   0   0   0   0   0   0   0   0   0   0   0   0   0   0   0   0   0   0   0   0   0   0   0   0   0   0   0   0   0   0   0  
 0  28   0   0  25   0   0  26   0  28  29   0  23   0  21   0  29   0   0   0   0   0  29   0   0  30   0   0   0   0   0   0   0   0   0   0   0   0   0   0  25   0   0  25   0   0   0   0   0   0   0   0   0   0   0   0   0   0   0   0   0   0   0   0   0   0   0  24   0   0   0   0   0   0   0   0   0   0   0   0   0  
 0   0  27   0  30  25   0   0  24   0  23  29   0  25   0   0  28  25   0   0  29   0   0  22   0   0  28   0   0   0   0   0   0   0   0   0   0   0  24   0   0  23   0   0  21   0   0   0   0   0  25   0   0   0   0   0   0   0   0   0   0   0   0   0   0   0   0   0  28   0   0   0   0   0   0   0   0   0   0   0   0  
 0   0   0  28   0   0  29  30   0   0   0   0  29   0   0   0  27   0   0   0   0   0   0   0  21  25   0   0   0   0   0   0   0   0   0   0   0   0   0  26   0   0  26  26   0   0   0   0   0   0   0  25   0   0   0   0   0   0   0   0   0   0   0   0   0   0   0   0   0   0   0   0   0   0   0   0   0   0   0   0   0  
 0   0   0   0   0   0  30  25  21   0   0   0   0  28  30  21   0  29   0   0   0   0   0   0   0  27  26   0   0   0   0   0   0   0   0   0   0   0   0   0   0   0  24  25   0   0   0   0   0   0   0   0   0   0   0   0   0   0   0   0   0   0   0   0   0   0   0   0   0   0  30   0   0   0   0   0   0   0   0   0   0  
 0   0   0   0   0  22   0  30  24   0   0   0   0   0  23   0  24   0   0   0   0   0   0  26   0  22  28   0   0   0   0   0   0   0   0  21   0   0   0   0   0  30   0  21  21   0   0   0   0   0   0   0   0  30   0   0   0   0   0   0   0   0   0   0   0   0   0   0   0   0   0   0   0   0   0   0   0   0   0   0   0  
 0   0   0   0   0   0   0   0   0  26   0   0   0   0   0   0   0   0   0  26   0  26  23   0   0   0   0   0   0   0   0   0   0   0   0   0  29   0   0   0   0   0   0   0   0  28  25   0   0   0   0   0   0   0   0   0   0   0   0   0   0   0   0   0   0   0   0   0   0   0   0   0  21   0   0   0   0   0   0   0   0  
 0  30   0   0   0   0   0   0   0  28  21   0   0  27   0   0   0   0  30   0  26  23  21  25   0  23   0   0   0   0   0   0   0   0   0   0   0  22   0   0   0   0   0   0   0  22  25   0   0   0   0   0   0   0   0   0   0   0   0   0   0   0   0   0   0   0   0   0   0   0   0   0   0   0   0   0   0   0   0   0   0  
 0   0   0   0   0   0   0   0   0   0  26  27   0   0  28   0   0   0   0  28   0   0  29  29   0   0   0   0   0   0   0   0   0   0   0   0   0   0  22   0   0   0   0   0   0   0  26  22   0   0  27   0   0   0   0   0   0   0   0   0   0   0   0   0   0   0   0   0   0   0   0   0   0   0  27   0   0   0   0   0   0  
 0   0   0   0   0   0   0   0   0  24   0   0  22   0   0  24   0   0  23  28   0   0  27   0  23  27   0   0   0   0   0   0   0   0   0   0   0   0   0  22   0   0   0   0   0  28   0   0  26   0   0   0   0   0   0   0   0   0   0   0   0   0   0   0   0   0   0   0   0   0   0   0   0   0   0  21   0   0   0   0   0  
 0   0   0   0   0   0   0   0   0   0   0   0  23  23   0   0  23   0  24  25  24  30   0  21  29  27  21   0   0   0   0   0   0   0   0   0   0   0   0   0  24   0   0   0   0   0  27   0  26  21   0   0  23   0   0   0   0   0   0   0   0   0   0   0   0   0   0   0   0   0   0   0   0   0   0   0   0   0   0   0   0  
 0   0   0   0   0   0   0   0   0   0   0  22   0  26  28   0   0  26   0  25  29   0  25   0   0  24  22   0   0   0   0   0   0   0   0   0   0   0   0   0   0   0   0   0   0   0   0  29   0   0  26   0   0  23   0   0   0   0   0   0   0   0   0   0   0   0   0   0   0   0   0   0   0   0   0   0   0   0   0   0   0  
 0   0   0   0   0   0   0   0   0   0   0   0  24   0   0  23  21   0   0   0   0  22  25   0   0  24   0   0   0   0   0   0   0   0   0   0   0   0   0   0   0   0   0   0   0   0   0   0  24   0   0  25  25   0   0   0   0   0   0   0   0   0   0   0   0   0   0   0   0   0   0   0   0   0   0   0   0   0   0   0   0  
 0   0   0   0   0   0   0  23   0   0   0   0   0  24   0  28  22  29   0   0   0   0  26   0  24   0  29   0   0   0   0   0   0   0   0   0   0   0   0   0   0   0   0  24   0   0   0   0   0  29   0  22  30  26   0   0   0   0   0   0   0   0   0   0   0   0   0   0   0   0   0   0   0   0   0   0   0   0   0  24   0  
 0   0   0   0   0   0   0   0   0   0   0   0   0   0  26   0  30  24   0   0   0   0  23  24  22  22   0   0   0   0   0   0   0   0   0   0   0   0   0   0   0   0   0   0  23   0   0   0   0   0  22   0   0  22   0   0   0   0   0   0   0   0   0   0   0   0   0   0   0   0   0   0   0   0   0   0   0   0   0   0   0  
27   0   0  29   0   0   0   0   0  28   0   0   0   0   0   0   0   0   0   0   0   0   0   0   0   0   0   0  28   0  29  23   0  27   0   0  22   0   0   0   0   0   0   0   0   0   0   0   0   0   0   0   0   0  29  28   0  22   0   0   0   0   0  27   0   0   0   0   0   0   0   0   0   0   0   0   0   0   0   0   0  
23  23   0   0  29   0   0   0   0   0  26   0   0   0   0   0   0   0   0   0   0   0   0   0   0   0   0  24   0  29  29  21  23   0   0   0  27  23  21   0   0   0   0   0   0   0   0   0   0   0   0   0   0   0  21  21  27   0   0   0   0   0   0   0  22   0   0   0   0   0   0   0   0   0   0   0   0   0   0   0   0  
 0   0  30   0   0  22   0   0   0   0   0  25   0   0   0   0   0   0   0   0   0   0   0   0   0   0   0   0  22   0   0  27  29   0   0   0   0  30  27   0   0  21   0   0   0   0   0  24   0   0   0   0   0   0   0  27  21   0   0  23   0   0   0   0   0  27   0   0   0   0   0   0   0   0   0   0   0   0   0   0   0  
21   0   0  23   0   0  29   0   0   0   0   0   0   0   0   0   0   0   0   0   0   0   0   0   0   0   0  26  28   0   0  29   0  23   0   0  24   0   0  29  30   0  28   0   0   0   0   0   0   0   0   0   0   0   0   0   0  25  25   0   0   0   0   0   0   0  28   0   0   0   0   0   0   0   0   0   0   0   0   0   0  
 0  28   0   0  25   0   0   0   0   0   0   0   0  25   0   0   0   0   0   0   0   0   0   0   0   0   0  29  22   0  25   0  30  27  24   0   0   0   0   0  22   0   0  23   0   0   0   0   0   0   0   0   0   0   0  22   0  21  29  30   0  21   0   0   0   0   0   0   0   0   0   0   0   0   0   0   0   0   0   0   0  
 0   0  21   0   0  23   0   0   0   0   0   0   0   0   0   0   0   0   0   0   0   0   0   0   0   0   0   0   0  28  23  26   0   0  30  26   0   0  27   0   0  29   0   0  25   0   0   0   0   0  26   0   0   0   0   0  26   0   0  26   0   0  24   0   0   0   0   0  24   0   0   0   0   0   0   0   0   0   0   0   0  
 0   0   0  28   0   0  22  21   0   0   0   0   0   0   0  24   0   0   0   0   0   0   0   0   0   0   0  24   0   0  25   0   0   0  23  23   0   0   0  22   0   0  29   0   0   0   0   0   0   0   0   0   0   0   0   0   0   0   0   0  27  28   0   0   0   0   0   0   0  25   0   0   0   0   0   0   0   0   0   0   0  
 0   0   0   0   0   0   0  24  22   0   0   0   0   0   0   0   0   0   0   0   0   0   0   0   0   0   0   0   0   0  29  26   0  27   0  30   0   0   0   0   0   0   0  28  28   0   0   0   0   0   0   0  28   0   0   0   0   0  26   0   0  25   0   0   0   0   0   0   0   0  24   0   0   0   0   0   0   0   0   0   0  
 0   0   0   0   0  24   0   0  26   0   0   0   0   0   0   0   0  24   0   0   0   0   0   0   0   0   0   0   0   0   0  22  29   0  29   0   0   0   0   0   0   0   0  29  21   0   0   0   0   0   0   0   0  29   0   0   0   0   0  30   0  29  29   0   0   0   0   0   0   0   0  21   0   0   0   0   0   0   0   0   0  
 0   0   0   0   0   0   0   0   0  28   0   0   0   0   0   0   0   0   0   0   0   0   0   0   0   0   0  27  26   0   0   0   0   0   0   0   0  22   0  25   0   0   0   0   0  26  27   0   0   0   0   0   0   0  26   0   0   0   0   0   0   0   0  21  29   0  25   0   0   0   0   0  29   0   0   0   0   0   0   0   0  
 0  30   0   0   0   0   0   0   0   0  28   0   0   0   0   0   0   0   0   0   0   0   0   0   0   0   0  30  21   0   0  23   0   0   0   0  25   0  25   0  28   0   0   0   0   0  24  26   0   0   0   0   0   0   0  22   0   0   0   0   0   0   0   0  28   0   0   0   0   0   0   0   0   0   0   0   0   0   0   0   0  
 0   0   0   0   0   0   0   0   0   0  30  29   0   0  23   0   0   0   0   0  28   0   0   0   0   0   0   0   0  23   0   0   0   0   0   0   0  25   0   0  25  23   0   0  29   0   0  26   0   0  21   0   0   0   0   0   0   0   0   0   0   0   0   0   0  21   0   0   0   0   0   0   0   0  23   0   0   0   0   0   0  
 0   0   0  27   0   0   0   0   0   0   0   0  22  23   0   0   0   0   0   0   0  29   0   0   0   0   0  28   0   0  29   0   0   0   0   0  26  22   0   0  26   0  25   0   0  30   0   0  23   0   0  25   0   0   0   0   0  24   0   0   0   0   0   0   0   0  23   0   0   0   0   0   0   0   0   0   0   0   0   0   0  
 0   0   0   0  27   0   0   0   0   0   0   0  22  30   0   0   0   0   0   0   0   0  23   0   0   0   0   0  30   0   0  30   0   0   0   0  24   0  27  29   0  21   0  23  25   0  27   0   0  30   0   0   0   0   0   0   0   0   0   0   0   0   0   0   0   0   0  23   0   0  26   0   0   0   0   0   0   0   0   0   0  
 0   0   0   0   0   0   0   0   0   0   0  24   0  30  29   0   0   0   0   0   0   0   0   0   0   0   0   0   0  24   0   0  26   0   0   0   0  26  30   0  25   0   0   0  23   0   0  28   0   0   0   0   0  24   0   0   0   0   0   0   0   0   0   0   0  29   0  28  27   0   0  30   0   0   0   0   0  21   0   0   0  
 0   0   0   0   0   0  22   0   0   0   0   0  27   0   0  25  23   0   0   0   0   0   0   0  21   0   0   0   0   0   0   0   0  23   0   0   0   0   0  27  22   0   0  21   0   0   0   0  27   0   0   0   0   0   0   0   0   0   0   0  25   0   0   0   0   0  22   0   0  23  21   0   0   0   0   0   0   0  27   0   0  
 0   0   0   0   0   0   0   0   0   0   0   0   0   0   0   0  29  30   0   0   0   0   0   0   0   0   0   0   0   0   0  30   0   0  22  29   0  27   0  22  27   0  30   0  22   0   0   0   0  24   0  27  22  24   0   0   0   0   0   0   0  30   0   0   0   0   0  22   0   0  21   0   0   0   0   0   0   0   0   0   0  
 0   0   0   0   0   0   0   0  25   0   0   0   0   0  29   0  28  30   0   0   0   0   0   0   0   0  29   0   0   0   0   0   0   0   0  29   0   0   0   0  24  30  27  21   0   0   0   0   0   0  27   0   0  22   0   0   0   0   0   0   0   0  30   0   0   0   0   0  25   0  30  21   0   0   0   0   0   0   0   0   0  
 0   0   0   0   0   0   0   0   0  25   0   0   0   0   0   0   0   0  21  21   0  26   0   0   0   0   0   0   0   0   0   0   0   0   0   0  26   0   0   0   0   0   0   0   0   0  24   0  24   0   0   0   0   0   0   0   0   0   0   0   0   0   0  27   0   0   0   0   0   0   0   0  26  25   0  23   0   0   0   0   0  
 0   0   0   0   0   0   0   0   0   0   0   0   0   0   0   0   0   0   0  30  27   0   0   0   0   0   0   0   0   0   0   0   0   0   0   0  23  23   0   0   0   0   0   0   0  26   0  25  30  30   0   0   0   0   0   0   0   0   0   0   0   0   0   0   0   0   0   0   0   0   0   0  22  22  28   0  28   0   0   0   0  
 0   0   0   0   0   0   0   0   0   0   0  26   0   0   0   0   0   0   0  21  28   0   0   0   0   0   0   0   0   0   0   0   0   0   0   0   0   0  27   0   0   0   0   0   0   0  27   0   0  25  21   0   0   0   0   0   0   0   0   0   0   0   0   0   0   0   0   0   0   0   0   0   0  28  22   0   0  24   0   0   0  
 0   0   0   0   0   0   0   0   0   0   0   0   0   0   0   0   0   0   0   0   0  26  25   0  27   0   0   0   0   0   0   0   0   0   0   0  26   0   0  30   0   0  25   0   0  23  22   0   0  22   0  30  27   0   0   0   0   0   0   0   0   0   0   0   0   0  25   0   0   0   0   0   0   0   0  29  23   0  22   0   0  
 0   0   0   0   0   0   0   0   0   0   0   0   0   0   0   0   0   0   0   0   0   0  25  25   0  29   0   0   0   0   0   0   0   0   0   0   0   0   0  26  24   0   0   0   0  28  28   0  23   0  29  21  26   0   0   0   0   0   0   0   0   0   0   0   0   0   0  25   0   0   0   0   0   0   0   0  27  21   0  26   0  
 0   0   0   0   0   0   0   0   0   0   0   0   0   0  21   0   0   0   0   0   0   0  27  26   0   0  25   0   0   0   0   0   0   0   0   0   0   0  24   0   0  26   0   0  28   0   0  23   0  27   0   0   0  23   0   0   0   0   0   0   0   0   0   0   0   0   0   0  27   0   0   0   0   0   0   0  26  26   0   0  21  
 0   0   0   0   0   0   0   0   0   0   0   0   0   0   0  30   0   0   0   0   0  25   0   0  26  25   0   0   0   0   0   0   0   0   0   0   0   0   0  25   0   0  25  24   0   0   0   0  26   0   0   0  25  27   0   0   0   0   0   0   0   0   0   0   0   0   0   0   0  22   0   0   0   0   0  30   0   0  24  30   0  
 0   0   0   0   0   0   0   0   0   0   0   0   0   0   0   0  25   0   0   0   0   0  24   0   0  26  28   0   0   0   0   0   0   0   0   0   0   0   0   0   0   0   0  24   0   0  29   0  29  25  22  21   0  29   0   0   0   0   0   0   0   0   0   0   0   0   0   0   0   0  29   0   0   0   0   0  27   0  30  28   0  
 0   0   0   0   0   0   0   0   0   0   0   0   0   0   0   0   0  29   0   0   0   0   0   0   0   0  22   0   0   0   0   0   0   0   0  24   0   0   0   0   0   0   0  21  23   0   0  29   0  29  24   0  22   0   0   0   0   0   0   0   0   0   0   0   0   0   0   0   0   0   0  22   0   0   0   0   0   0   0  21  29  
 0   0   0   0   0   0   0   0   0   0   0   0   0   0   0   0   0   0   0   0   0   0   0   0   0   0   0  24  24   0  27   0   0   0   0   0  21   0   0   0   0   0   0   0   0   0   0   0   0   0   0   0   0   0   0  30  27  21   0   0   0   0   0  27   0   0  23   0   0   0   0   0   0   0   0   0   0   0   0   0   0  
 0  23   0   0   0   0   0   0   0   0   0   0   0   0   0   0   0   0   0   0   0   0   0   0   0   0   0   0  26  26   0  24   0   0   0   0   0  29   0   0   0   0   0   0   0   0   0   0   0   0   0   0   0   0  26   0  22  28  21  24   0   0   0  28  26   0   0   0   0   0   0   0   0   0   0   0   0   0   0   0   0  
 0   0  26   0   0   0   0   0   0   0   0   0   0   0   0   0   0   0   0   0   0   0   0   0   0   0   0   0  23  27   0   0   0   0   0   0   0   0  24   0   0   0   0   0   0   0   0   0   0   0   0   0   0   0  21  21   0   0   0  30   0   0  28   0   0  25   0   0   0   0   0   0   0   0   0   0   0   0   0   0   0  
 0   0   0   0   0   0   0   0   0   0   0   0   0   0   0   0   0   0   0   0   0   0   0   0   0   0   0  23   0   0  25  23   0  30   0   0   0   0   0   0   0   0   0   0   0   0   0   0   0   0   0   0   0   0  23  27   0   0  22   0  28  21   0  26   0   0  27  27   0  29   0   0   0   0   0   0   0   0   0   0   0  
 0   0   0   0   0   0   0   0   0   0   0   0   0   0   0   0   0   0   0   0   0   0   0   0   0   0   0   0   0   0   0   0  22   0   0   0   0   0   0   0   0   0   0   0   0   0   0   0   0   0   0   0   0   0  25  29  23  27   0  28  29  23   0   0   0   0   0  30  28   0   0   0   0   0   0   0   0   0   0   0   0  
 0   0   0   0   0   0   0   0   0   0   0   0   0   0   0   0   0   0   0   0   0   0   0   0   0   0   0   0   0   0   0   0  29   0   0   0   0   0   0   0   0  23   0   0   0   0   0   0   0   0   0   0   0   0   0  28  21  22  24   0   0  22  26   0   0  30   0   0  27   0   0  25   0   0   0   0   0   0   0   0   0  
 0   0   0   0   0   0  23   0   0   0   0   0   0   0   0   0   0   0   0   0   0   0   0   0   0   0   0   0   0   0   0   0   0  27   0   0   0   0   0   0   0   0  23   0   0   0   0   0   0   0   0   0   0   0  24   0   0  29  29   0   0  23   0   0   0   0  26   0   0  24  22   0   0   0   0   0   0   0   0   0   0  
 0   0   0   0   0   0   0   0   0   0   0   0   0   0   0   0   0   0   0   0   0   0   0   0   0   0   0   0   0   0   0  22   0  30  27  29   0   0   0   0   0   0   0   0   0   0   0   0   0   0   0   0   0   0   0   0   0  21  21  28  23   0  24   0   0   0   0  28   0  22  28  26   0   0   0   0   0   0   0  27   0  
 0   0   0   0   0   0   0   0   0   0   0   0   0   0   0   0   0   0   0   0   0   0   0   0   0   0   0   0   0   0   0   0  23   0  22  22   0   0   0   0   0   0   0   0  26   0   0   0   0   0   0   0   0   0   0   0   0   0  29  21   0  23   0   0   0   0   0   0  27   0  24  23   0   0   0   0   0   0   0   0   0  
 0   0   0   0   0   0   0   0   0   0   0   0   0   0   0   0   0   0   0   0   0   0   0   0   0   0   0  21   0   0   0   0   0   0   0   0  28  27   0   0   0   0   0   0   0  29   0   0   0   0   0   0   0   0  21   0   0  24   0   0   0   0   0   0  28   0  22  27   0   0   0   0  25  23   0  28   0   0   0   0   0  
 0   0   0   0   0   0   0   0   0   0   0   0   0   0   0   0   0   0   0   0   0   0   0   0   0   0   0   0  22   0   0   0   0   0   0   0  28  27  22   0  28   0   0   0   0   0  27   0   0   0   0   0   0   0   0  30  23   0  21   0   0   0   0  25   0  27  30  22  25   0   0   0   0  27   0   0   0   0   0   0   0  
 0   0   0   0   0   0   0   0   0   0   0  24   0   0   0   0   0   0   0   0   0   0   0   0   0   0   0   0   0  30   0   0   0   0   0   0   0   0  21   0   0   0   0   0   0   0   0   0   0   0   0   0   0   0   0  25  26   0   0  21   0   0   0   0  21   0   0  30  26   0   0  25   0  30  27   0   0  26   0   0   0  
 0   0   0   0   0   0   0   0   0   0   0   0  25   0   0   0   0   0   0   0   0   0   0   0   0   0   0   0   0   0  30   0   0   0   0   0  30   0   0  30   0   0   0   0   0   0   0   0  24   0   0   0   0   0   0   0   0  26  30   0  21   0   0  23  30   0   0  22   0  28  26   0   0   0   0  22  26   0  26   0   0  
 0   0   0   0   0   0   0   0   0   0   0   0   0  25   0   0   0   0   0   0   0   0   0   0   0   0   0   0   0   0   0   0   0   0   0   0   0   0   0   0  21  23   0  30   0   0   0   0   0  27   0   0   0   0   0   0   0   0  24   0   0  28   0  25  21  23  30   0  24   0  22  24   0  25   0   0  24  22   0  22   0  
 0   0   0   0   0   0   0   0   0   0   0   0   0   0   0   0   0   0   0   0   0   0   0   0   0   0   0   0   0   0   0   0  23   0   0   0   0   0  29   0  29  29   0   0  24   0   0   0   0   0  24   0   0   0   0   0   0   0   0  23   0   0  24   0   0  21  26  22   0   0  30  26   0   0  25   0  30  21   0   0  27  
 0   0   0   0   0   0   0   0   0   0   0   0   0   0   0  22   0   0   0   0   0   0   0   0   0   0   0   0   0   0   0   0   0  21   0   0   0   0   0  22   0   0  22   0   0   0   0   0   0   0   0  27   0   0   0   0   0   0   0   0  25  28   0   0   0   0  28  23   0   0  28  22   0   0   0   0   0   0  25  25   0  
 0   0   0   0   0   0   0   0   0   0   0   0   0   0   0   0   0   0   0   0   0   0   0   0   0   0   0   0   0   0   0   0   0   0  26   0   0   0   0   0   0   0   0  24  23   0   0   0   0   0   0   0   0   0   0   0   0   0  28   0  21  28  26   0   0   0   0  30   0  22   0  24   0   0   0   0  23   0   0  24   0  
 0   0   0   0   0   0   0   0   0   0   0   0   0   0   0   0   0   0   0   0   0   0   0   0   0   0   0   0   0   0   0   0   0   0   0  25   0   0   0   0   0  25   0  21  28   0   0   0   0   0   0   0   0  28   0   0   0   0   0  27   0   0  29   0   0   0   0  26  22   0  22   0   0   0   0   0   0  25   0  22  27  
 0   0   0   0   0   0   0   0   0   0   0   0   0   0   0   0   0   0   0   0   0   0   0   0   0   0   0   0   0   0   0   0   0   0   0   0   0   0   0   0   0   0   0   0   0  28  28   0  27   0   0   0   0   0   0   0   0   0   0   0   0   0   0  21  22   0  25   0   0   0   0   0   0  27  25  28  26   0   0   0   0  
 0   0   0   0   0   0   0   0   0   0   0   0   0   0   0   0   0   0   0  28   0   0   0   0   0   0   0   0   0   0   0   0   0   0   0   0   0  30   0   0   0   0   0   0   0  21  27  30   0  22   0   0   0   0   0  25   0   0   0   0   0   0   0   0  29   0   0   0   0   0   0   0  28   0  27  23  22  30   0   0   0  
 0   0   0   0   0   0   0   0   0   0   0   0   0   0   0   0   0   0   0   0   0   0   0   0   0   0   0   0   0   0   0   0   0   0   0   0   0   0  21   0   0   0   0   0   0   0  27  30   0   0   0   0   0   0   0   0   0   0   0   0   0   0   0   0  30  21   0   0  22   0   0   0   0  27   0   0  24  22   0   0   0  
 0   0   0   0   0   0   0   0   0   0   0   0   0   0   0   0   0   0   0   0   0   0   0   0   0   0   0   0   0   0   0   0   0   0   0   0   0   0   0   0   0   0   0   0   0  21   0   0  27   0   0   0   0   0   0   0   0  24   0   0   0   0   0   0   0   0  29  25   0   0   0   0  30  24   0   0  28   0  28  26   0  
 0   0   0   0   0   0   0   0   0   0   0   0   0   0   0   0   0   0   0   0   0   0   0   0   0   0   0   0   0   0   0   0   0   0   0   0   0   0   0   0   0   0   0   0   0   0   0   0   0  26   0   0   0   0   0   0   0   0   0   0   0   0   0   0   0   0  30  26  26   0  29   0  24  26  25  22   0  26  21  25   0  
 0   0   0   0   0   0   0   0   0   0   0   0   0   0   0   0   0   0   0   0   0   0   0  30   0   0   0   0   0   0   0   0   0   0   0   0   0   0   0   0   0  28   0   0   0   0   0   0   0  26  25   0   0  24   0   0   0   0   0  26   0   0   0   0   0  26   0  28  28   0   0  30   0  26  28   0  29   0   0  27  28  
 0   0   0   0   0   0   0   0   0   0   0   0   0   0   0   0   0   0   0   0   0   0   0   0   0   0   0   0   0   0   0   0   0   0   0   0   0   0   0   0   0   0   0   0   0   0   0   0  22   0   0  21  23   0   0   0   0   0   0   0   0   0   0   0   0   0  21   0   0  24   0   0   0   0   0  24  23   0   0  23   0  
 0   0   0   0   0   0   0   0   0   0   0   0   0   0   0   0   0   0   0   0   0   0   0   0   0   0   0   0   0   0   0   0   0   0   0   0   0   0   0   0   0   0   0   0   0   0   0   0   0  27   0  22  23  26   0   0   0   0   0   0   0   0   0   0   0   0   0   0   0  29  29  26   0   0   0  25  23   0  22   0  30  
 0   0   0   0   0   0   0   0   0   0   0   0   0   0   0   0   0   0   0   0   0   0   0   0   0   0   0   0   0   0   0   0   0   0   0   0   0   0   0   0   0   0   0   0   0   0   0   0   0   0  26   0   0  29   0   0   0   0   0   0   0   0  26   0   0   0   0   0  25   0  29  27   0   0   0   0  26  29  23  28   0  
