81

 0  12  50  13  43  86  49  90  83   9  42  89  47  84  83  90  86  82  42  86  86  83  88  82  89  85  86   1  47  89  42  87  90  89  85  88  41  85  82  86  87  86  90  82  82  88  81  88  82  90  82  90  87  84  47  82  83  90  85  86  82  84  84  82  86  90  81  85  81  85  81  85  90  88  86  90  88  81  82  81  84  
17   0  15  43  20  47  81  46  82  49   7  47  88  44  86  84  87  84  81  50  85  85  88  85  82  89  81  41  17  41  90  43  86  85  85  83  85  50  83  84  81  86  90  87  84  89  87  83  81  84  87  84  89  87  90  47  82  89  83  89  86  84  87  82  82  87  89  90  90  89  82  82  89  86  88  90  89  85  86  87  87  
42   8   0  87  44   1  85  85  41  90  48   9  89  81  47  83  82  82  88  81  46  86  86  82  83  86  84  87  45   9  84  82  41  84  82  85  86  85  50  82  90  88  84  83  86  88  87  85  90  88  86  86  81  85  81  89  49  89  82  87  81  90  83  90  86  83  84  85  84  82  81  88  81  87  81  83  84  87  84  89  82  
11  44  86   0   9  45   2  47  89  41  81  83  11  43  90  45  84  86  81  82  85  41  83  81  89  88  88  50  81  83  17  43  84  46  87  85  86  83  89  50  86  85  86  83  85  81  87  88  81  84  87  82  84  89  81  84  86  48  83  84  87  83  87  90  83  81  82  84  86  86  82  85  86  89  90  89  82  87  90  81  81  
41   8  50  16   0   6  49   9  44  81  42  88  48   4  41  81  48  84  84  82  84  82  45  85  90  81  89  82  44  84  42   6  47  85  43  85  82  89  89  83  50  89  83  86  83  83  89  86  84  88  83  90  81  85  84  85  89  85  43  81  84  84  89  82  82  87  90  86  88  83  86  81  90  85  86  83  89  86  82  83  83  
83  41  19  42   5   0  81  42  14  87  88  50  88  50  19  83  83  42  89  89  90  89  86  50  85  81  89  90  89  45  86  49  17  87  82  42  89  84  89  88  85  45  89  88  89  88  85  81  86  89  85  82  88  81  87  81  82  81  86  44  86  82  85  81  86  83  83  81  87  87  86  89  82  81  81  87  88  81  87  83  87  
45  81  89   3  43  90   0   9  50  82  87  90  42  88  87  17  47  88  83  88  90  89  85  86  49  87  87  89  81  90  43  85  81   7  45  87  85  89  90  81  87  83  48  90  82  84  89  82  90  85  82  84  86  83  81  88  82  90  84  90  49  84  89  87  83  89  83  85  82  90  88  90  82  85  87  83  89  90  82  84  81  
85  49  85  44  14  44   6   0   1  87  81  85  87  41  86  45  19  50  85  87  89  83  86  86  90  46  90  84  82  84  85  43  87  42   6  49  90  88  90  86  81  90  81  42  84  84  88  83  83  86  85  84  81  87  86  89  87  85  89  87  86  49  89  87  81  82  84  84  81  85  83  90  89  84  87  87  88  83  85  88  84  
89  82  48  81  47   4  47   4   0  88  86  84  86  84  44  83  43  17  88  81  88  86  86  88  88  84  44  84  82  83  85  81  50  83  44  10  88  90  81  84  89  82  90  90  42  89  81  90  84  87  87  86  88  82  85  88  81  86  85  83  84  84  44  84  88  82  82  86  83  83  88  85  84  87  83  83  83  89  88  85  88  
 2  49  82  49  87  83  90  88  81   0   6  45   4  45  89  50  88  82   3  50  86  45  81  86  90  89  88  42  86  86  89  82  84  83  84  85   2  49  87  41  84  85  88  90  87  50  83  82  85  89  82  86  82  86  89  83  86  82  90  83  82  90  85  43  82  82  86  87  85  86  89  88  82  84  90  86  84  82  86  82  86  
48   5  45  86  41  90  81  89  86   3   0   7  44   3  42  83  47  83  47  19  46  87  50  86  90  83  89  87  46  86  81  82  88  86  88  87  46   4  49  85  49  87  81  90  82  90  50  83  85  86  87  88  86  88  82  88  85  89  85  81  85  87  82  88  45  86  90  87  81  87  90  88  87  81  90  87  81  89  86  89  82  
87  41  13  87  90  44  88  86  90  49  19   0  87  45  13  86  89  45  87  49   6  82  90  44  82  83  84  85  82  41  85  87  90  90  84  81  82  43   5  90  86  42  84  86  88  87  90  42  87  83  81  83  88  84  87  90  89  85  88  84  84  81  89  81  85  46  90  85  89  90  87  81  87  83  89  88  86  81  84  86  86  
49  88  87   8  41  90  42  90  90  20  44  84   0  10  46  13  44  86  50  83  84  19  47  83  49  84  82  90  84  85  45  84  88  81  86  85  48  89  85  13  45  85  47  83  88  86  86  87  45  89  82  82  81  89  81  87  82  83  87  88  88  89  86  84  84  84  47  82  87  82  85  88  81  90  84  85  88  86  89  82  84  
82  50  90  47  20  47  83  44  83  42   1  45   9   0  19  42  15  44  83  49  81  43  12  45  83  46  88  88  88  84  87  44  81  87  82  82  83  45  90  42   9  49  86  43  89  81  90  82  85  45  87  84  87  90  83  88  88  82  85  82  87  87  84  82  90  89  83  44  81  89  89  83  86  81  90  82  85  87  90  83  84  
84  87  50  83  46   2  87  86  45  82  50  15  43  14   0  90  48   9  85  83  50  82  47  19  87  86  45  85  82  81  81  83  48  85  90  84  85  87  49  85  45   3  89  84  45  83  82  85  86  87  48  83  89  85  83  87  89  88  86  81  88  81  90  85  82  83  90  81  41  88  83  88  88  82  82  83  90  84  81  89  90  
89  82  86  46  84  84  14  44  87  46  89  86  11  48  83   0   5  50  89  89  90  47  87  83   9  48  86  83  84  90  90  90  81  44  89  84  89  84  84  42  81  84  18  41  87  81  81  84  82  90  90  41  90  84  84  85  85  83  81  89  83  83  87  81  90  82  89  89  84  48  83  90  82  85  90  86  83  83  81  85  87  
85  81  86  87  46  89  50  11  45  84  45  89  42  15  47  16   0   2  82  90  81  81  44  85  47  15  46  83  84  87  89  87  81  86  45  89  81  82  86  87  47  90  44   2  45  90  89  81  84  81  90  88  50  85  89  85  87  90  85  88  83  85  90  89  89  84  89  81  83  83  42  87  82  89  83  87  85  88  88  83  86  
87  90  88  83  85  46  83  44   8  86  84  45  89  45  13  49   8   0  81  85  87  85  81  46  87  42  14  88  81  87  83  88  90  81  88  44  84  81  86  85  89  50  90  48  17  89  87  81  86  81  85  90  82  48  83  83  86  83  82  90  82  90  90  83  90  86  90  85  88  82  88  50  84  83  83  82  83  85  86  90  83  
42  89  88  85  87  81  89  85  87   4  45  87  44  82  82  83  89  90   0   7  48   5  46  83  47  82  85  86  90  88  88  86  89  88  87  86  43  86  83  85  83  90  83  81  83  16  44  89  50  90  86  84  81  83  84  89  86  88  84  83  82  86  83  82  90  85  82  90  89  86  86  90  46  89  89  83  85  90  85  84  85  
86  47  85  85  90  90  81  88  84  47  19  43  90  48  88  81  81  85  10   0  20  42   2  50  85  44  82  82  84  85  84  89  81  89  82  90  90  50  82  83  83  81  81  83  85  44  13  43  84  48  84  83  88  85  88  84  87  83  90  87  85  83  82  83  85  84  90  87  90  84  87  86  87  50  87  85  89  84  83  82  84  
88  90  43  82  83  88  81  89  84  84  49   8  87  81  49  90  83  83  43   3   0  90  42  14  88  83  41  83  88  88  84  85  82  82  89  88  81  85  42  89  88  89  90  82  90  82  41  16  89  84  50  81  87  89  83  89  84  86  87  84  84  84  89  82  90  84  85  86  88  83  84  84  84  87  48  83  87  87  86  81  87  
89  88  81  48  85  83  82  89  84  49  83  84  15  42  87  48  86  84   3  48  88   0   2  46  16  41  86  88  84  88  88  81  85  87  84  89  86  87  83  43  81  89  88  81  89  43  86  87   1  46  85  47  90  82  81  90  86  81  85  82  89  86  82  83  83  90  88  89  85  88  82  88  83  88  87  42  83  88  87  88  87  
84  87  81  87  49  87  88  87  84  83  44  87  47  14  50  81  47  85  44  20  41   4   0  18  44   5  50  86  86  81  81  81  85  88  89  84  87  81  90  83  48  85  89  84  84  90  41  90  48   8  41  87  49  90  82  86  83  81  90  82  83  86  85  83  83  88  85  86  81  90  84  82  88  84  85  86  45  81  89  81  89  
87  82  82  89  86  49  90  82  89  86  81  47  86  46  10  87  82  42  86  49   7  44   6   0  83  43   7  89  89  82  87  85  89  81  83  84  86  83  87  83  83  45  83  87  82  86  81  43  82  44   2  83  83  44  82  84  82  82  82  89  82  87  86  88  89  86  83  83  88  82  83  86  90  85  84  89  83  44  81  89  86  
86  86  82  83  90  83  48  83  88  85  90  81  41  82  83   1  45  81  49  84  86  18  42  88   0  11  48  85  89  90  86  89  89  88  90  81  86  90  86  82  85  86  41  86  84  88  89  90  48  83  83   5  50  84  83  83  90  85  82  90  82  89  83  90  90  85  83  87  84  83  88  84  89  82  89  81  82  81  42  88  82  
83  84  85  82  86  87  84  41  84  87  85  82  83  50  81  47   6  47  82  50  89  48   4  50  12   0  10  81  88  86  88  87  87  85  88  81  86  89  89  87  87  87  81  43  84  81  86  81  90  48  87  49   8  46  82  89  88  88  83  86  84  89  84  82  81  87  90  87  90  87  85  83  81  87  81  90  83  86  84  41  86  
82  89  87  86  81  86  81  85  43  81  88  84  89  90  45  88  48   6  87  85  46  81  45  12  46  20   0  85  84  81  90  83  90  85  83  86  81  88  86  84  84  88  81  90  41  85  84  88  82  86  49  82  49   4  88  88  81  83  81  85  85  90  87  89  84  88  84  81  90  88  88  89  85  88  86  81  87  90  88  81  47  
 7  42  83  50  86  90  86  81  90  46  82  90  89  85  90  90  82  89  84  86  81  82  89  85  87  85  84   0   4  42  14  42  83  46  86  90  19  42  82  44  85  82  81  81  88  46  90  84  89  88  88  85  88  89  20  50  82  46  84  84  87  83  86  50  85  81  81  87  81  86  87  87  83  86  88  89  81  88  88  84  81  
48   3  42  83  46  81  88  89  85  86  44  85  87  88  82  83  88  86  88  89  83  85  85  81  85  85  89  19   0   2  48  12  47  84  43  87  50   3  45  86  46  82  87  90  89  81  46  83  85  85  88  87  87  89  43   9  50  81  49  87  90  89  86  81  49  82  89  85  89  84  90  82  88  84  82  87  88  85  87  84  86  
84  50   1  85  90  42  88  83  82  87  85  44  81  89  86  88  84  88  81  84  82  84  82  81  83  82  85  44  13   0  90  43  15  86  84  46  82  49  13  83  86  48  89  81  85  90  90  47  84  87  90  90  84  89  83  44   3  82  81  50  84  81  89  90  90  46  89  82  82  81  84  90  85  85  88  84  89  87  89  81  89  
41  89  84   6  49  87  41  88  90  88  82  86  47  90  85  81  90  82  86  81  90  83  82  84  87  82  85  17  42  89   0   5  42   5  45  85  44  89  88   2  49  90  42  86  84  89  89  87  48  88  84  90  90  81  45  82  85   4  47  90  44  89  90  81  87  89  41  86  83  88  89  90  87  87  86  86  81  89  85  85  84  
89  50  83  41   6  42  81  48  84  86  82  87  81  47  89  83  85  82  85  84  85  83  87  87  87  82  86  47   2  43   9   0  14  42   5  45  86  46  84  47   2  46  82  44  84  84  88  83  87  49  85  85  88  89  85  46  83  50  16  46  86  47  85  82  90  82  84  47  88  89  87  88  89  87  84  86  86  90  87  89  81  
88  84  48  87  41   6  83  90  47  83  89  82  90  87  48  82  83  87  87  87  87  83  83  83  83  81  83  81  50  15  43  15   0  86  47   5  90  83  43  86  43  14  82  84  41  87  90  86  83  86  48  88  83  83  85  90  46  86  41  15  82  86  41  85  82  83  88  85  41  82  81  82  85  82  87  81  90  88  81  83  83  
83  89  85  46  85  90  17  47  87  88  84  81  82  84  82  47  89  90  88  86  82  81  84  87  88  82  89  50  89  90   3  42  86   0  13  44  88  89  85  47  84  83  13  43  82  85  87  83  81  81  89  47  90  83  83  81  82  46  89  90   4  45  81  83  90  81  81  89  90  48  88  84  81  87  82  85  88  90  88  83  89  
84  88  82  87  49  84  42   3  43  90  89  81  85  85  87  87  50  84  90  81  89  86  84  81  89  85  88  85  41  83  50  13  44  14   0   5  90  86  88  86  50  88  43  15  48  90  84  82  86  90  86  85  41  86  85  85  85  90  42  87  48   6  48  85  83  90  82  89  84  90  45  84  81  85  90  81  89  90  87  86  84  
85  81  86  89  88  45  83  49   2  88  83  84  90  90  88  89  89  41  87  87  81  84  85  81  87  87  81  88  81  49  84  49  13  47  13   0  82  90  81  88  81  50  84  42  18  86  84  83  81  85  82  90  87  44  89  88  89  87  88  48  82  45  20  87  84  90  86  84  89  85  89  47  86  81  84  87  89  86  89  83  90  
42  90  90  89  83  83  83  85  89   8  48  89  46  88  82  85  89  90  43  86  87  85  89  88  85  82  86   9  48  85  50  85  82  88  85  86   0  16  41   9  47  87  49  82  81   1  45  86  46  87  83  88  90  81  41  83  84  89  83  84  83  81  83   5  49  84  43  86  85  81  81  88  44  86  90  81  84  86  90  88  82  
84  45  83  87  90  85  88  87  82  50  11  43  82  43  90  90  86  87  86  41  87  90  85  89  90  86  87  41   9  47  88  42  88  90  87  87  20   0  16  50  19  46  81  49  81  45  19  41  86  46  85  82  90  85  81  41  81  86  83  82  89  85  87  41   8  46  88  43  87  86  84  84  90  44  88  89  90  85  83  89  83  
89  87  50  89  90  81  86  86  83  86  45  13  89  83  48  83  86  81  85  89  49  85  84  84  88  83  86  90  45  12  90  82  48  88  84  83  50   3   0  82  49   4  90  90  45  85  43  17  85  87  48  81  81  88  81  87  41  83  85  89  90  83  86  88  45   4  90  84  48  82  87  87  88  89  49  86  84  81  89  89  84  
90  87  83  45  84  81  81  86  88  48  89  81  18  50  85  49  88  87  81  85  81  44  90  86  82  82  90  47  84  84  20  44  87  47  84  88   9  48  90   0   1  43   6  41  88  46  87  88   7  46  83  48  81  83  85  90  87  48  88  83  83  90  89  48  88  87   8  48  81  50  81  89  83  88  82  43  83  90  85  90  81  
83  81  83  89  42  83  88  86  86  89  50  88  42   7  48  81  42  87  90  86  89  89  41  84  89  90  89  86  45  89  48   6  46  90  48  86  45  11  47  14   0  12  42   5  49  86  49  85  43   2  48  87  44  85  83  89  85  87  44  81  81  86  85  83  42  88  47  14  41  83  46  81  83  82  86  90  49  84  85  83  85  
89  82  89  90  85  49  83  88  86  83  89  43  85  47  13  90  87  42  90  81  86  89  88  49  81  82  86  90  89  45  86  41  20  90  85  42  85  44  19  47  14   0  84  42   6  87  83  50  88  47  17  90  81  41  81  88  83  85  85  50  84  83  81  85  87  43  85  46   6  89  85  42  89  84  90  82  84  50  82  89  90  
83  84  83  83  85  84  47  83  86  81  84  83  43  87  82  12  46  81  82  90  89  81  83  90  47  90  90  84  82  88  49  86  83   5  44  88  44  82  89  14  42  83   0   2  46  87  90  88  43  81  88  11  47  85  81  81  87  89  85  90  48  87  85  89  89  90  48  84  89   4  43  82  83  87  86  85  82  84  48  82  81  
86  81  81  85  84  87  88  47  82  83  81  89  84  44  86  48  15  48  87  85  83  84  89  90  90  45  81  82  89  89  88  44  83  42  11  46  88  47  89  50   5  41  15   0   4  87  83  89  81  44  84  50   5  49  90  86  81  82  84  88  84  42  83  83  87  81  82  49  88  46  18  46  83  89  86  81  90  82  83  50  86  
85  88  82  89  81  83  82  83  41  90  82  87  83  83  44  83  44   3  81  87  82  90  83  81  83  83  47  88  89  86  86  90  47  87  49  11  84  88  45  84  46  16  45   6   0  90  86  82  81  82  48  84  46  19  88  88  89  86  90  86  88  81  45  84  83  86  82  89  48  83  48  15  82  90  86  86  87  90  82  81  44  
84  85  82  81  88  83  85  84  86  45  85  87  85  87  89  84  88  85  13  42  85  47  84  83  85  85  83  45  85  84  88  83  85  85  86  82   4  50  88  42  89  86  90  90  83   0   8  45  13  48  81  49  87  82  82  90  88  90  90  88  88  86  85  41  89  84  87  84  81  82  88  83  13  48  85  42  81  90  89  83  84  
82  81  89  87  88  88  88  81  81  87  44  88  81  88  86  84  81  86  46  13  47  82  41  88  86  88  84  86  46  84  82  90  84  82  84  84  46   9  46  87  43  88  87  85  87   2   0   5  48   3  48  81  50  86  83  82  83  90  81  86  83  82  84  84  48  84  90  84  89  85  83  82  44  15  47  83  42  82  89  84  89  
90  89  85  90  84  81  82  81  88  81  87  47  86  81  89  90  82  88  89  43   7  89  90  45  82  90  84  89  85  44  89  81  83  90  85  83  88  44  18  88  89  49  84  86  89  47  10   0  89  46   4  81  84  49  81  90  89  84  90  85  88  89  81  81  84  44  87  81  88  83  85  85  87  44  18  86  86  44  84  89  89  
87  87  81  88  83  89  84  85  84  81  90  89  42  85  86  89  84  87  42  87  89  14  44  85  41  84  87  84  84  84  45  83  81  82  82  90  47  86  89   2  42  89  44  81  90   1  41  87   0   6  42  12  47  84  81  89  84  84  88  85  90  85  82  82  85  83  45  83  85  87  84  90  50  82  88  12  50  81  42  82  85  
85  89  85  89  89  87  85  90  84  87  83  87  90  49  81  87  84  82  86  47  88  42   1  50  84  46  83  82  83  83  90  41  90  82  85  90  90  49  86  43   5  47  81  48  89  41  12  43   2   0   2  43  19  43  90  89  86  84  85  87  87  85  83  83  83  90  84  49  81  83  82  83  86  46  87  47  10  43  86  47  84  
81  84  90  90  89  86  86  82  87  81  83  90  88  84  48  86  90  85  87  81  48  84  42   7  89  89  50  83  87  87  84  85  49  82  87  90  82  84  48  81  44   1  85  87  48  83  46   2  49   8   0  88  48   2  90  90  89  86  86  85  84  90  88  82  90  83  90  83  41  83  84  88  83  83  48  87  49  15  87  87  50  
83  82  88  85  86  87  90  82  84  84  88  88  83  87  81  43  89  87  82  90  85  42  84  82   7  46  89  88  83  84  83  81  84  42  88  90  87  88  88  42  90  86  14  47  89  42  87  85   8  50  84   0   1  50  81  85  83  83  89  81  82  82  86  82  90  90  87  89  90  46  89  83  84  90  83  48  87  84  11  45  82  
88  85  89  84  82  89  81  84  89  84  89  89  83  89  88  86  50  83  90  84  86  86  50  89  50   2  44  85  83  87  87  86  86  90  45  85  84  83  89  85  42  81  44  10  42  82  45  81  45  12  47   8   0  16  89  81  86  82  90  81  90  82  82  84  81  90  81  87  83  82  46  84  84  89  89  87  44  84  43  11  44  
86  89  89  83  86  86  81  82  81  88  89  87  83  85  83  86  86  50  86  86  90  85  84  50  83  48  15  89  90  83  87  87  82  90  85  43  86  82  89  85  82  44  90  41   8  87  85  48  84  41  14  44  14   0  82  83  81  85  82  83  89  82  89  87  89  82  89  90  90  90  86  50  90  89  82  83  85  48  86  43   5  
41  84  90  83  81  87  82  83  83  83  85  84  84  83  85  82  85  89  90  82  82  86  85  85  89  90  84   1  48  89  50  90  84  85  84  84  42  84  90  86  88  90  86  84  84  90  84  86  87  84  85  90  84  87   0   3  44  12  44  81  46  86  90  18  41  85  43  84  86  88  89  86  45  83  86  81  90  84  86  87  89  
85  48  85  83  83  86  84  84  89  89  89  81  84  86  89  87  83  85  83  87  87  87  88  84  89  86  82  48  12  41  84  45  85  90  84  84  84  48  88  81  81  87  86  86  85  84  87  87  89  87  89  87  84  83   4   0   6  50  11  41  82  49  88  50  18  42  88  47  83  90  88  86  82  49  86  83  85  81  87  81  81  
85  83  48  87  89  90  88  86  89  87  89  83  81  90  89  88  82  82  86  87  86  86  85  81  83  86  85  88  50   4  82  84  41  84  90  82  82  89  41  86  83  83  84  84  90  81  85  87  81  86  88  85  89  84  50   4   0  88  43   8  87  90  49  89  43  11  90  85  43  83  87  84  85  87  42  88  84  89  87  84  90  
88  88  83  46  81  82  89  88  88  82  81  86  90  86  89  81  89  87  84  88  90  90  86  82  89  83  90  42  83  82  19  46  88  43  82  90  81  83  82  42  84  90  88  88  81  82  86  85  81  84  87  83  84  87   2  42  81   0   9  48   3  46  90  43  84  83  20  49  81  44  88  84  86  89  81  50  87  83  83  88  84  
90  84  90  82  48  85  86  89  83  81  87  88  90  87  88  89  85  86  85  85  86  87  87  86  82  90  84  81  44  89  42  16  41  86  46  87  81  83  89  81  49  89  90  87  83  81  82  90  81  87  82  89  89  88  50  17  44   5   0  10  43   2  45  82  46  88  47   8  43  81  44  86  90  82  85  81  47  88  83  82  85  
88  89  88  90  86  48  84  82  85  85  86  82  88  89  81  81  86  83  89  82  83  83  81  87  81  86  84  88  90  45  87  50   5  89  86  50  89  90  82  81  88  49  89  87  86  82  89  86  88  88  83  84  90  82  84  45   5  50   6   0  85  46  18  86  90  42  88  48   2  81  81  46  85  83  81  85  84  42  88  89  83  
81  84  85  81  85  90  41  88  84  85  88  85  89  90  84  88  86  81  87  89  83  86  85  89  83  90  88  85  89  88  46  90  83  11  45  84  85  89  81  90  82  84  46  90  82  82  83  85  87  87  86  84  82  87  46  82  85  17  43  90   0  18  43  82  89  83  48  83  88  16  41  88  88  87  81  81  82  84  49  88  84  
85  81  90  86  82  85  86  46  82  82  85  88  83  90  81  84  89  81  85  90  86  88  84  87  87  88  83  90  83  83  81  41  86  49  14  50  83  89  87  85  89  89  81  47  86  84  88  84  84  88  85  86  82  88  90  46  86  43   4  46  17   0   1  89  84  87  84  45  86  45  16  47  83  87  90  89  87  89  84  44  87  
81  84  83  82  87  85  86  88  50  83  81  90  88  87  88  83  90  84  81  84  85  82  83  81  87  85  81  88  86  84  89  88  41  89  50  12  84  82  87  89  85  84  88  85  44  86  81  88  85  88  84  89  82  82  89  86  45  88  45  19  41   8   0  90  81  83  88  81  49  88  50   7  89  88  81  86  88  88  86  84  49  
86  87  85  89  85  90  89  81  89  49  83  84  88  89  86  85  89  82  84  89  83  83  90  90  85  81  88  41  88  87  89  86  83  81  84  89  12  43  90  50  89  87  89  88  88  42  86  89  86  84  88  90  87  82   3  46  87  48  89  84  88  87  87   0   3  41   2  45  84  43  81  84   7  42  84  42  84  85  86  81  81  
88  85  84  87  87  83  85  82  87  87  47  81  86  81  84  89  84  90  88  83  84  83  83  84  88  87  90  84  49  88  88  90  81  85  88  83  42   2  48  86  48  83  82  81  81  90  44  90  81  87  86  89  88  82  50   5  42  86  50  90  87  89  88  13   0   1  42   4  47  84  47  87  46   9  45  82  44  81  89  89  88  
86  86  88  85  86  90  83  87  84  88  90  45  82  85  90  85  89  88  85  83  86  88  81  86  84  85  85  88  83  49  89  89  84  85  82  84  86  48  11  84  88  46  90  87  81  81  82  45  85  84  82  83  87  85  81  50  19  87  88  45  86  81  81  46   3   0  89  48  13  85  89  50  83  49  11  90  89  47  85  82  82  
86  82  87  86  86  88  85  87  90  83  81  82  45  88  81  82  90  86  82  89  82  85  83  88  90  81  88  82  89  87  48  82  87  89  81  83  50  85  81   1  46  87  46  90  85  87  88  85  50  82  86  86  84  88  48  82  89   3  50  88  46  88  84  17  43  83   0  20  47   7  46  89  46  81  81  13  47  82  44  87  90  
89  86  90  88  88  85  88  83  82  82  90  89  81  48  81  90  89  85  81  82  84  89  83  81  87  83  83  88  88  83  81  45  90  81  87  84  87  48  85  50   8  43  81  46  88  90  84  84  82  41  88  89  90  83  84  50  90  46   6  43  85  43  81  44   1  50   1   0  15  42   3  45  81  47  84  49   5  47  89  45  84  
86  90  90  86  82  89  90  81  82  83  84  90  81  90  46  82  86  87  88  83  85  89  86  83  83  82  90  87  83  84  85  82  44  90  86  87  83  89  46  87  47   9  85  85  50  82  83  85  88  83  42  85  81  87  83  88  46  89  50   8  88  88  50  89  46  11  48   6   0  81  47   4  85  88  41  85  41  15  81  83  49  
85  84  89  87  87  87  82  83  86  90  82  85  88  87  88  43  89  81  90  83  82  84  83  88  85  90  82  86  88  87  90  85  90  47  89  87  90  90  83  46  83  87   8  44  81  86  84  87  87  90  81  50  88  86  86  81  88  50  85  86  20  49  89  48  87  85  12  46  83   0   8  49  81  84  84  42  90  89   4  42  82  
89  85  89  90  81  83  87  89  89  87  84  90  82  82  81  82  50  89  90  85  81  90  85  86  85  86  89  89  82  81  89  83  90  82  50  85  82  89  88  82  44  83  50   1  48  88  90  89  85  90  87  90  48  81  84  85  82  89  47  81  45   3  41  81  44  89  43  19  45  11   0   1  82  89  89  87  41  83  45  18  43  
89  90  86  84  83  88  89  86  87  90  86  83  89  82  85  84  81  50  83  88  83  86  81  85  87  88  88  83  83  86  83  90  85  83  86  46  89  89  88  84  89  46  90  43  10  90  82  82  83  82  83  84  88  49  84  88  89  86  86  46  83  46   7  86  86  44  90  48  19  42  14   0  83  88  87  84  85  46  90  42  17  
84  90  85  88  81  81  88  83  87  86  81  81  81  88  89  89  84  83  47  85  89  82  87  86  81  86  86  81  82  84  81  84  89  82  84  86  50  90  83  86  86  82  81  90  90  16  46  86  50  90  83  81  85  82  43  81  82  81  89  82  86  88  88  13  49  84  44  89  85  86  90  90   0  10  50  19  49  86  49  88  81  
84  87  83  84  87  88  82  90  90  81  81  90  86  84  87  84  90  84  87  48  83  86  81  89  81  90  87  82  82  86  89  87  81  82  87  88  87  48  87  85  81  82  85  83  89  46   1  41  84  43  85  89  88  82  90  44  85  89  84  84  81  88  88  49   2  42  87  50  82  84  82  84  12   0  18  48   6  41  82  46  89  
90  87  81  86  85  86  81  82  84  89  86  88  81  87  89  89  86  82  85  85  49  87  88  87  87  85  86  83  82  83  90  85  83  85  85  88  83  88  50  85  86  88  88  81  86  87  47  20  83  83  49  82  82  90  84  87  47  90  81  84  90  87  86  81  47  19  85  87  45  82  82  86  43  13   0  89  44  12  82  87  50  
81  88  87  88  89  88  84  87  86  89  87  82  88  81  82  90  88  87  89  83  90  42  87  87  87  81  88  90  83  84  84  85  88  89  84  86  83  84  82  46  90  81  89  87  85  43  82  90  12  49  81  44  83  85  90  87  82  48  84  83  89  90  87  47  85  82  18  41  82  47  85  81  12  48  84   0  17  48   2  48  85  
85  82  87  85  82  89  84  88  89  85  81  90  82  89  87  89  86  82  90  87  83  86  50  90  89  86  84  85  81  86  90  90  90  90  82  83  83  90  81  88  42  82  89  84  89  88  48  85  44  14  42  82  46  89  81  89  89  87  41  87  86  85  85  88  48  89  43  19  44  89  48  90  45  16  43  15   0   1  47   2  49  
81  87  88  81  89  84  82  86  87  82  83  81  89  81  82  81  84  87  84  89  85  84  90  48  86  88  84  88  81  82  85  83  84  87  83  90  84  82  81  87  85  48  81  86  87  89  85  49  82  45   2  82  88  41  82  81  85  82  82  49  81  87  89  84  89  41  85  44  14  88  88  44  83  47  10  42   7   0  89  49  14  
84  81  85  89  88  90  82  87  90  83  90  87  85  82  83  84  82  83  87  82  88  89  82  85  47  85  90  84  84  83  87  87  88  86  85  84  84  90  90  89  88  83  41  89  87  82  90  82  41  81  84  10  44  90  81  84  89  87  81  88  42  87  84  84  87  85  41  90  84   8  41  87  47  85  83  13  48  82   0   6  43  
85  86  81  90  81  86  86  88  90  83  84  81  89  84  82  88  82  85  87  83  90  81  88  81  82  41  84  87  83  87  85  83  83  87  85  85  82  87  83  85  84  84  82  43  84  82  87  87  90  50  83  48   5  45  88  89  83  89  84  84  81  43  86  82  88  87  81  47  82  43   7  45  82  49  85  48   6  47   9   0   4  
86  87  86  84  83  90  84  82  81  81  81  87  87  86  87  87  86  82  89  84  88  81  87  90  89  81  49  82  90  87  85  87  81  86  81  85  86  83  82  84  83  89  81  83  42  81  84  82  90  84  41  83  45  16  87  88  81  82  84  81  89  81  50  86  82  84  85  85  47  83  47  14  90  84  44  89  50   5  50  17   0  

 0  21   0  30   0   0   0   0   0   0   0   0   8   0   0   8   0   0   0   0   0   0   0   0   0   0   0   0   0   0   0   0   0   0   0   0   0   0   0   0   0   0   0   0   0   0   0   0   0   0   0   0   0   0   0   0   0   0   0   0   0   0   0   0   0   0   0   0   0   0   0   0   0   0   0   0   0   0   0   0   0  
23   0   0   4   0   0   0   0   0   0   0   0   5   0   0  10   0   0   0   0   0   0   0   0   0   0   0   0   0   0   0   0   0   0   0   0   0   0   0   0   0   0   0   0   0   0   0   0   0   0   0   0   0   0   0   0   0   0   0   0   0   0   0   0   0   0   0   0   0   0   0   0   0   0   0   0   0   0   0   0   0  
 0   0   0   0   0  29   0   0   0   0   0   0   0   0   0   0   0   0   0   0   0   0   0   0   0   0   0   0   0   0   0   0  10   0   0   0   0   0   0   0   0   0   0   0   0   0   0   0   0   0   0   0   0   0   0   0   0   0   0   9   0   0   0   0   0   0   0   0   0   0   0   0   0   0   0   0   0   0   0   0   0  
26   2   0   0   0   0   0   0   0   0   0   0  26   0   0   1   0   0   0   0   0   0   0   0   0   0   0   0   0   0   0   0   0   0   0   0   0   0   0   0   0   0   0   0   0   0   0   0   0   0   0   0   0   0   0   0   0   0   0   0   0   0   0   0   0   0   0   0   0   0   0   0   0   0   0   0   0   0   0   0   0  
 0   0   0   0   0   0   6  24  10   0   0   0   0   0   0   0   0   0   0   0   0   0   0   0   0   0   0   0   0   0   0   0   0   0   2   0   0   0   0   0   0   0   0   0   0   0   0   0   0   0   0   0   0   0   0   0   0   0   0   0   0   0   0   0   0   0   0   0   0   0   0   0   0   0   0   0   0   0   0   0   0  
 0   0  27   0   0   0   0   0   0   0   0   0   0   0   0   0   0   0   0   0   0   0   0   0   0   0   0   0   0   0   0   0  30   0   0   0   0   0   0   0   0   0   0   0   0   0   0   0   0   0   0   0   0   0   0   0   0   0   0   1   0   0   0   0   0   0   0   0   0   0   0   0   0   0   0   0   0   0   0   0   0  
 0   0   0   0   6   0   0  24   6   0   0   0   0   0   0   0   0   0   0   0   0   0   0   0   0   0   0   0   0   0   0   0   0   0   7   0   0   0   0   0   0   0   0   0   0   0   0   0   0   0   0   0   0   0   0   0   0   0   0   0   0   0   0   0   0   0   0   0   0   0   0   0   0   0   0   0   0   0   0   0   0  
 0   0   0   0  30   0  27   0  30   0   0   0   0   0   0   0   0   0   0   0   0   0   0   0   0   0   0   0   0   0   0   0   0   0  25   0   0   0   0   0   0   0   0   0   0   0   0   0   0   0   0   0   0   0   0   0   0   0   0   0   0   0   0   0   0   0   0   0   0   0   0   0   0   0   0   0   0   0   0   0   0  
 0   0   0   0   8   0   6  21   0   0   0   0   0   0   0   0   0   0   0   0   0   0   0   0   0   0   0   0   0   0   0   0   0   0   3   0   0   0   0   0   0   0   0   0   0   0   0   0   0   0   0   0   0   0   0   0   0   0   0   0   0   0   0   0   0   0   0   0   0   0   0   0   0   0   0   0   0   0   0   0   0  
 0   0   0   0   0   0   0   0   0   0   0   0   0   0   0   0   0   0  22   7   0   0   0   0   0   0   0   0   0   0   0   0   0   0   0   0   0   0   0   0   0   0   0   0   0   0   1   0   0   0   0   0   0   0   0   0   0   0   0   0   0   0   0   0   0   0   0   0   0   0   0   0   0   0   0   0   0   0   0   0   0  
 0   0   0   0   0   0   0   0   0   0   0  26   0   0   5   0   0   9   0   0   1   0   0   6   0   0   5   0   0   0   0   0   0   0   0   0   0   0   0   0   0   0   0   0   9   0   0   2   0   0   2   0   0   2   0   0   0   0   0   0   0   0   0   0   0   0   0   0   0   0   0   0   0   0   0   0   0  10   0   0   1  
 0   0   0   0   0   0   0   0   0   0  21   0   0   0  29   0   0   3   0   0   4   0   0   3   0   0   5   0   0   0   0   0   0   0   0   0   0   0   0   0   0   0   0   0   7   0   0  10   0   0   3   0   0   3   0   0   0   0   0   0   0   0   0   0   0   0   0   0   0   0   0   0   0   0   0   0   0   5   0   0   7  
 8   9   0  27   0   0   0   0   0   0   0   0   0   0   0  26   0   0   0   0   0   0   0   0   0   0   0   0   0   0   0   0   0   0   0   0   0   0   0   0   0   0   0   0   0   0   0   0   0   0   0   0   0   0   0   0   0   0   0   0   0   0   0   0   0   0   0   0   0   0   0   0   0   0   0   0   0   0   0   0   0  
 0   0   0   0   0   0   0   0   0   0   0   0   0   0   0   0   0   0   0   0   0   0   0   0   0   0   0   7   0   0   9   5   0   2   0   0   1   0   0   7  21   0   0   0   0   5   0   0   3   0   0   0   0   0   0   0   0   0   0   0   0   0   0   0   0   0   0   0   0   0   0   0   0   0   0   0   0   0   0   0   0  
 0   0   0   0   0   0   0   0   0   0   1  24   0   0   0   0   0  28   0   0   8   0   0  21   0   0   6   0   0   0   0   0   0   0   0   0   0   0   0   0   0   0   0   0   4   0   0   7   0   0   9   0   0   1   0   0   0   0   0   0   0   0   0   0   0   0   0   0   0   0   0   0   0   0   0   0   0   1   0   0  10  
 5   6   0   5   0   0   0   0   0   0   0   0  29   0   0   0   0   0   0   0   0   0   0   0   0   0   0   0   0   0   0   0   0   0   0   0   0   0   0   0   0   0   0   0   0   0   0   0   0   0   0   0   0   0   0   0   0   0   0   0   0   0   0   0   0   0   0   0   0   0   0   0   0   0   0   0   0   0   0   0   0  
 0   0   0   0   0   0   0   0   0   0   0   0   0   0   0   0   0   0   0   0   0   0   0   0   0  25   0   0   0   0   0   0   0   0   0   0   0   0   0   0   0   0   0  25   0   0   0   0   0   0   0   0   9   0   0   0   0   0   0   0   0   0   0   0   0   0   0   0   0   0   0   0   0   0   0   0   0   0   0   0   0  
 0   0   0   0   0   0   0   0   0   0   8   6   0   0  22   0   0   0   0   0   4   0   0   9   0   0  10   0   0   0   0   0   0   0   0   0   0   0   0   0   0   0   0   0   7   0   0   3   0   0   8   0   0   5   0   0   0   0   0   0   0   0   0   0   0   0   0   0   0   0   0   0   0   0   0   0   0   3   0   0   7  
 0   0   0   0   0   0   0   0   0  29   0   0   0   0   0   0   0   0   0  23   0   0   0   0   0   0   0   0   0   0   0   0   0   0   0   0   0   0   0   0   0   0   0   0   0   0   1   0   0   0   0   0   0   0   0   0   0   0   0   0   0   0   0   0   0   0   0   0   0   0   0   0   0   0   0   0   0   0   0   0   0  
 0   0   0   0   0   0   0   0   0   9   0   0   0   0   0   0   0   0  26   0   0   0   0   0   0   0   0   0   0   0   0   0   0   0   0   0   0   0   0   0   0   0   0   0   0   0  26   0   0   0   0   0   0   0   0   0   0   0   0   0   0   0   0   0   0   0   0   0   0   0   0   0   0   0   0   0   0   0   0   0   0  
 0   0   0   0   0   0   0   0   0   0  10   4   0   0   1   0   0   7   0   0   0   0   0   4   0   0   5   0   0   0   0   0   0   0   0   0   0   0   0   0   0   0   0   0   4   0   0  21   0   0   1   0   0   7   0   0   0   0   0   0   0   0   0   0   0   0   0   0   0   0   0   0   0   0   0   0   0   9   0   0   1  
 0   0   0   0   0   0   0   0   0   0   0   0   0   0   0   0   0   0   0   0   0   0  26   0  25   0   0   0   0   0   0   0   0   0   0   0   0   0   0   0   0   0   2   0   0   0   0   0   0   9   0   5   0   0   0   0   0   0   0   0   0   0   0   0   0   0   0   0   0   2   0   0   0   0   0   0   0   0   0   0   0  
 0   0   0   0   0   0   0   0   0   0   0   0   0   0   0   0   0   0   0   0   0  25   0   0   1   0   0   0   0   0   0   0   0   0   0   0   0   0   0   0   0   0   8   0   0   0   0   0   0  28   0  10   0   0   0   0   0   0   0   0   0   0   0   0   0   0   0   0   0   7   0   0   0   0   0   0   0   0   0   0   0  
 0   0   0   0   0   0   0   0   0   0   7  10   0   0  30   0   0   3   0   0   3   0   0   0   0   0  26   0   0   0   0   0   0   0   0   0   0   0   0   0   0   0   0   0   2   0   0   4   0   0   5   0   0   1   0   0   0   0   0   0   0   0   0   0   0   0   0   0   0   0   0   0   0   0   0   0   0   4   0   0   3  
 0   0   0   0   0   0   0   0   0   0   0   0   0   0   0   0   0   0   0   0   0  22   9   0   0   0   0   0   0   0   0   0   0   0   0   0   0   0   0   0   0   0   4   0   0   0   0   0   0   8   0  28   0   0   0   0   0   0   0   0   0   0   0   0   0   0   0   0   0   1   0   0   0   0   0   0   0   0   0   0   0  
 0   0   0   0   0   0   0   0   0   0   0   0   0   0   0   0  23   0   0   0   0   0   0   0   0   0   0   0   0   0   0   0   0   0   0   0   0   0   0   0   0   0   0   9   0   0   0   0   0   0   0   0  26   0   0   0   0   0   0   0   0   0   0   0   0   0   0   0   0   0   0   0   0   0   0   0   0   0   0   0   0  
 0   0   0   0   0   0   0   0   0   0   3  10   0   0   1   0   0   6   0   0   3   0   0  24   0   0   0   0   0   0   0   0   0   0   0   0   0   0   0   0   0   0   0   0   8   0   0   2   0   0   6   0   0  30   0   0   0   0   0   0   0   0   0   0   0   0   0   0   0   0   0   0   0   0   0   0   0   5   0   0   5  
 0   0   0   0   0   0   0   0   0   0   0   0   0   3   0   0   0   0   0   0   0   0   0   0   0   0   0   0   0   0  27   2   0   9   0   0   1   0   0   3   4   0   0   0   0   6   0   0   1   0   0   0   0   0   0   0   0   0   0   0   0   0   0   0   0   0   0   0   0   0   0   0   0   0   0   0   0   0   0   0   0  
 0   0   0   0   0   0   0   0   0   0   0   0   0   0   0   0   0   0   0   0   0   0   0   0   0   0   0   0   0  30   0   0   0   0   0   0   0  30   0   0   0   0   0   0   0   0   0   0   0   0   0   0   0   0   0   0   0   0   0   0   0   0   0   0   5   0   0   0   0   0   0   0   0  10   0   0   0   0   0   0   0  
 0   0   0   0   0   0   0   0   0   0   0   0   0   0   0   0   0   0   0   0   0   0   0   0   0   0   0   0  30   0   0   0   0   0   0   0   0   8   0   0   0   0   0   0   0   0   0   0   0   0   0   0   0   0   0   0   0   0   0   0   0   0   0   0   7   0   0   0   0   0   0   0   0   1   0   0   0   0   0   0   0  
 0   0   0   0   0   0   0   0   0   0   0   0   0   7   0   0   0   0   0   0   0   0   0   0   0   0   0  28   0   0   0  30   0  23   0   0   6   0   0  27   9   0   0   0   0   3   0   0   6   0   0   0   0   0   0   0   0   0   0   0   0   0   0   0   0   0   0   0   0   0   0   0   0   0   0   0   0   0   0   0   0  
 0   0   0   0   0   0   0   0   0   0   0   0   0   5   0   0   0   0   0   0   0   0   0   0   0   0   0   1   0   0  22   0   0   2   0   0   2   0   0   5   5   0   0   0   0   8   0   0   3   0   0   0   0   0   0   0   0   0   0   0   0   0   0   0   0   0   0   0   0   0   0   0   0   0   0   0   0   0   0   0   0  
 0   0   5   0   0  23   0   0   0   0   0   0   0   0   0   0   0   0   0   0   0   0   0   0   0   0   0   0   0   0   0   0   0   0   0   0   0   0   0   0   0   0   0   0   0   0   0   0   0   0   0   0   0   0   0   0   0   0   0  28   0   0   0   0   0   0   0   0   0   0   0   0   0   0   0   0   0   0   0   0   0  
 0   0   0   0   0   0   0   0   0   0   0   0   0   3   0   0   0   0   0   0   0   0   0   0   0   0   0   9   0   0  25   5   0   0   0   0   1   0   0   4  10   0   0   0   0   4   0   0   1   0   0   0   0   0   0   0   0   0   0   0   0   0   0   0   0   0   0   0   0   0   0   0   0   0   0   0   0   0   0   0   0  
 0   0   0   0   3   0   7  24   7   0   0   0   0   0   0   0   0   0   0   0   0   0   0   0   0   0   0   0   0   0   0   0   0   0   0   0   0   0   0   0   0   0   0   0   0   0   0   0   0   0   0   0   0   0   0   0   0   0   0   0   0   0   0   0   0   0   0   0   0   0   0   0   0   0   0   0   0   0   0   0   0  
 0   0   0   0   0   0   0   0   0   0   0   0   0   0   0   0   0   0   0   0   0   0   0   0   0   0   0   0   0   0   0   0   0   0   0   0   0   0   0   0   0   0   0   0   0   0   0   0   0   0   0   0   0   0   0   0   0   0   0   0   4   8  29   0   0   0   0   0   0   0   0   0   0   0   0   0   0   0   0   0   0  
 0   0   0   0   0   0   0   0   0   0   0   0   0   5   0   0   0   0   0   0   0   0   0   0   0   0   0   3   0   0  10   2   0   9   0   0   0   0   0  22   7   0   0   0   0   7   0   0   5   0   0   0   0   0   0   0   0   0   0   0   0   0   0   0   0   0   0   0   0   0   0   0   0   0   0   0   0   0   0   0   0  
 0   0   0   0   0   0   0   0   0   0   0   0   0   0   0   0   0   0   0   0   0   0   0   0   0   0   0   0  26  10   0   0   0   0   0   0   0   0   0   0   0   0   0   0   0   0   0   0   0   0   0   0   0   0   0   0   0   0   0   0   0   0   0   0  22   0   0   0   0   0   0   0   0  10   0   0   0   0   0   0   0  
 0   0   0   0   0   0   0   0   0   0   0   0   0   0   0   0   0   0   0   0   0   0   0   0   0   0   0   0   0   0   0   0   0   0   0   0   0   0   0   0   0   5   0   0   0   0   0   0   0   0   0   0   0   0   0   0   0   0   0   0   0   0   0   0   0  21   7   6   2   0   7   5   0   0   3   6   0   0  10   0   0  
 0   0   0   0   0   0   0   0   0   0   0   0   0   9   0   0   0   0   0   0   0   0   0   0   0   0   0   4   0   0  21  10   0   3   0   0  26   0   0   0  22   0   0   0   0   1   0   0  21   0   0   0   0   0   0   0   0   0   0   0   0   0   0   0   0   0   0   0   0   0   0   0   0   0   0   0   0   0   0   0   0  
 0   0   0   0   0   0   0   0   0   0   0   0   0  28   0   0   0   0   0   0   0   0   0   0   0   0   0   9   0   0   7   2   0   9   0   0   3   0   0  24   0   0   0   0   0   9   0   0   5   0   0   0   0   0   0   0   0   0   0   0   0   0   0   0   0   0   0   0   0   0   0   0   0   0   0   0   0   0   0   0   0  
 0   0   0   0   0   0   0   0   0   0   0   0   0   0   0   0   0   0   0   0   0   0   0   0   0   0   0   0   0   0   0   0   0   0   0   0   0   0   4   0   0   0   0   0   0   0   0   0   0   0   0   0   0   0   0   0   0   0   0   0   0   0   0   0   0   9   8   1  30   0   7   2   0   0   6   1   0   0   9   0   0  
 0   0   0   0   0   0   0   0   0   0   0   0   0   0   0   0   0   0   0   0   0   7  10   0   6   0   0   0   0   0   0   0   0   0   0   0   0   0   0   0   0   0   0   0   0   0   0   0   0   5   0  25   0   0   0   0   0   0   0   0   0   0   0   0   0   0   0   0   0  21   0   0   0   0   0   0   0   0   0   0   0  
 0   0   0   0   0   0   0   0   0   0   0   0   0   0   0   0  25   0   0   0   0   0   0   0   0   7   0   0   0   0   0   0   0   0   0   0   0   0   0   0   0   0   0   0   0   0   0   0   0   0   0   0  10   0   0   0   0   0   0   0   0   0   0   0   0   0   0   0   0   0   0   0   0   0   0   0   0   0   0   0   0  
 0   0   0   0   0   0   0   0   0   0   5   6   0   0   2   0   0   1   0   0   4   0   0   8   0   0   7   0   0   0   0   0   0   0   0   0   0   0   0   0   0   0   0   0   0   0   0   9   0   0   3   0   0  22   0   0   0   0   0   0   0   0   0   0   0   0   0   0   0   0   0   0   0   0   0   0   0   7   0   0   5  
 0   0   0   0   0   0   0   0   0   0   0   0   0   8   0   0   0   0   0   0   0   0   0   0   0   0   0   1   0   0   9   7   0   9   0   0   4   0   0   3   2   0   0   0   0   0   0   0  26   0   0   0   0   0   0   0   0   0   0   0   0   0   0   0   0   0   0   0   0   0   0   0   0   0   0   0   0   0   0   0   0  
 0   0   0   0   0   0   0   0   0   7   0   0   0   0   0   0   0   0   9  30   0   0   0   0   0   0   0   0   0   0   0   0   0   0   0   0   0   0   0   0   0   0   0   0   0   0   0   0   0   0   0   0   0   0   0   0   0   0   0   0   0   0   0   0   0   0   0   0   0   0   0   0   0   0   0   0   0   0   0   0   0  
 0   0   0   0   0   0   0   0   0   0   2   1   0   0   4   0   0   2   0   0  23   0   0  10   0   0  10   0   0   0   0   0   0   0   0   0   0   0   0   0   0   0   0   0   5   0   0   0   0   0  23   0   0   6   0   0   0   0   0   0   0   0   0   0   0   0   0   0   0   0   0   0   0   0   0   0   0   6   0   0   7  
 0   0   0   0   0   0   0   0   0   0   0   0   0   3   0   0   0   0   0   0   0   0   0   0   0   0   0   9   0   0   5   3   0   4   0   0   1   0   0  30   4   0   0   0   0  29   0   0   0   0   0   0   0   0   0   0   0   0   0   0   0   0   0   0   0   0   0   0   0   0   0   0   0   0   0   0   0   0   0   0   0  
 0   0   0   0   0   0   0   0   0   0   0   0   0   0   0   0   0   0   0   0   0   3  21   0   8   0   0   0   0   0   0   0   0   0   0   0   0   0   0   0   0   0   2   0   0   0   0   0   0   0   0   9   0   0   0   0   0   0   0   0   0   0   0   0   0   0   0   0   0   7   0   0   0   0   0   0   0   0   0   0   0  
 0   0   0   0   0   0   0   0   0   0   6   7   0   0   9   0   0   9   0   0   2   0   0   4   0   0   2   0   0   0   0   0   0   0   0   0   0   0   0   0   0   0   0   0   5   0   0  27   0   0   0   0   0  24   0   0   0   0   0   0   0   0   0   0   0   0   0   0   0   0   0   0   0   0   0   0   0  21   0   0   3  
 0   0   0   0   0   0   0   0   0   0   0   0   0   0   0   0   0   0   0   0   0   4   3   0  27   0   0   0   0   0   0   0   0   0   0   0   0   0   0   0   0   0  30   0   0   0   0   0   0   8   0   0   0   0   0   0   0   0   0   0   0   0   0   0   0   0   0   0   0  10   0   0   0   0   0   0   0   0   0   0   0  
 0   0   0   0   0   0   0   0   0   0   0   0   0   0   0   0   8   0   0   0   0   0   0   0   0  28   0   0   0   0   0   0   0   0   0   0   0   0   0   0   0   0   0   1   0   0   0   0   0   0   0   0   0   0   0   0   0   0   0   0   0   0   0   0   0   0   0   0   0   0   0   0   0   0   0   0   0   0   0   0   0  
 0   0   0   0   0   0   0   0   0   0   7  10   0   0   9   0   0   3   0   0   8   0   0   2   0   0  22   0   0   0   0   0   0   0   0   0   0   0   0   0   0   0   0   0  27   0   0  10   0   0  25   0   0   0   0   0   0   0   0   0   0   0   0   0   0   0   0   0   0   0   0   0   0   0   0   0   0   2   0   0  10  
 0   0   0   0   0   0   0   0   0   0   0   0   0   0   0   0   0   0   0   0   0   0   0   0   0   0   0   0   0   0   0   0   0   0   0   0   0   0   0   0   0   0   0   0   0   0   0   0   0   0   0   0   0   0   0  24   4   3   2   0   0   0   0  24   0   0   0   0   0   0   0   0   2   0   0   0   0   0   0   0   0  
 0   0   0   0   0   0   0   0   0   0   0   0   0   0   0   0   0   0   0   0   0   0   0   0   0   0   0   0   0   0   0   0   0   0   0   0   0   0   0   0   0   0   0   0   0   0   0   0   0   0   0   0   0   0  29   0  29   9  26   0   0   0   0   9   0   0   0   0   0   0   0   0   9   0   0   0   0   0   0   0   0  
 0   0   0   0   0   0   0   0   0   0   0   0   0   0   0   0   0   0   0   0   0   0   0   0   0   0   0   0   0   0   0   0   0   0   0   0   0   0   0   0   0   0   0   0   0   0   0   0   0   0   0   0   0   0   6  28   0   6   1   0   0   0   0   7   0   0   0   0   0   0   0   0   1   0   0   0   0   0   0   0   0  
 0   0   0   0   0   0   0   0   0   0   0   0   0   0   0   0   0   0   0   0   0   0   0   0   0   0   0   0   0   0   0   0   0   0   0   0   0   0   0   0   0   0   0   0   0   0   0   0   0   0   0   0   0   0   7   9   9   0  29   0   0   0   0   3   0   0   0   0   0   0   0   0  10   0   0   0   0   0   0   0   0  
 0   0   0   0   0   0   0   0   0   0   0   0   0   0   0   0   0   0   0   0   0   0   0   0   0   0   0   0   0   0   0   0   0   0   0   0   0   0   0   0   0   0   0   0   0   0   0   0   0   0   0   0   0   0  10  22   1  22   0   0   0   0   0   1   0   0   0   0   0   0   0   0   3   0   0   0   0   0   0   0   0  
 0   0   6   0   0  10   0   0   0   0   0   0   0   0   0   0   0   0   0   0   0   0   0   0   0   0   0   0   0   0   0   0  21   0   0   0   0   0   0   0   0   0   0   0   0   0   0   0   0   0   0   0   0   0   0   0   0   0   0   0   0   0   0   0   0   0   0   0   0   0   0   0   0   0   0   0   0   0   0   0   0  
 0   0   0   0   0   0   0   0   0   0   0   0   0   0   0   0   0   0   0   0   0   0   0   0   0   0   0   0   0   0   0   0   0   0   0   4   0   0   0   0   0   0   0   0   0   0   0   0   0   0   0   0   0   0   0   0   0   0   0   0   0  30  10   0   0   0   0   0   0   0   0   0   0   0   0   0   0   0   0   0   0  
 0   0   0   0   0   0   0   0   0   0   0   0   0   0   0   0   0   0   0   0   0   0   0   0   0   0   0   0   0   0   0   0   0   0   0   6   0   0   0   0   0   0   0   0   0   0   0   0   0   0   0   0   0   0   0   0   0   0   0   0  26   0  24   0   0   0   0   0   0   0   0   0   0   0   0   0   0   0   0   0   0  
 0   0   0   0   0   0   0   0   0   0   0   0   0   0   0   0   0   0   0   0   0   0   0   0   0   0   0   0   0   0   0   0   0   0   0  21   0   0   0   0   0   0   0   0   0   0   0   0   0   0   0   0   0   0   0   0   0   0   0   0   5  28   0   0   0   0   0   0   0   0   0   0   0   0   0   0   0   0   0   0   0  
 0   0   0   0   0   0   0   0   0   0   0   0   0   0   0   0   0   0   0   0   0   0   0   0   0   0   0   0   0   0   0   0   0   0   0   0   0   0   0   0   0   0   0   0   0   0   0   0   0   0   0   0   0   0  27   2  10   4   2   0   0   0   0   0   0   0   0   0   0   0   0   0  23   0   0   0   0   0   0   0   0  
 0   0   0   0   0   0   0   0   0   0   0   0   0   0   0   0   0   0   0   0   0   0   0   0   0   0   0   0   6  10   0   0   0   0   0   0   0  30   0   0   0   0   0   0   0   0   0   0   0   0   0   0   0   0   0   0   0   0   0   0   0   0   0   0   0   0   0   0   0   0   0   0   0  29   0   0   0   0   0   0   0  
 0   0   0   0   0   0   0   0   0   0   0   0   0   0   0   0   0   0   0   0   0   0   0   0   0   0   0   0   0   0   0   0   0   0   0   0   0   0  23   0   0   2   0   0   0   0   0   0   0   0   0   0   0   0   0   0   0   0   0   0   0   0   0   0   0   0   1   2  30   0   6  10   0   0  25   6   0   0   9   0   0  
 0   0   0   0   0   0   0   0   0   0   0   0   0   0   0   0   0   0   0   0   0   0   0   0   0   0   0   0   0   0   0   0   0   0   0   0   0   0   5   0   0   2   0   0   0   0   0   0   0   0   0   0   0   0   0   0   0   0   0   0   0   0   0   0   0   2   0  28   8   0   3   4   0   0   5  23   0   0   2   0   0  
 0   0   0   0   0   0   0   0   0   0   0   0   0   0   0   0   0   0   0   0   0   0   0   0   0   0   0   0   0   0   0   0   0   0   0   0   0   0  10   0   0   2   0   0   0   0   0   0   0   0   0   0   0   0   0   0   0   0   0   0   0   0   0   0   0   9  21   0   1   0  23   7   0   0   2   8   0   0   9   0   0  
 0   0   0   0   0   0   0   0   0   0   0   0   0   0   0   0   0   0   0   0   0   0   0   0   0   0   0   0   0   0   0   0   0   0   0   0   0   0   7   0   0  21   0   0   0   0   0   0   0   0   0   0   0   0   0   0   0   0   0   0   0   0   0   0   0  27   7  10   0   0   6  29   0   0   1   5   0   0   2   0   0  
 0   0   0   0   0   0   0   0   0   0   0   0   0   0   0   0   0   0   0   0   0   1   9   0   7   0   0   0   0   0   0   0   0   0   0   0   0   0   0   0   0   0  28   0   0   0   0   0   0   8   0   2   0   0   0   0   0   0   0   0   0   0   0   0   0   0   0   0   0   0   0   0   0   0   0   0   0   0   0   0   0  
 0   0   0   0   0   0   0   0   0   0   0   0   0   0   0   0   0   0   0   0   0   0   0   0   0   0   0   0   0   0   0   0   0   0   0   0   0   0   3   0   0   4   0   0   0   0   0   0   0   0   0   0   0   0   0   0   0   0   0   0   0   0   0   0   0   8   7  30   4   0   0  28   0   0   1   2   0   0   4   0   0  
 0   0   0   0   0   0   0   0   0   0   0   0   0   0   0   0   0   0   0   0   0   0   0   0   0   0   0   0   0   0   0   0   0   0   0   0   0   0   1   0   0   2   0   0   0   0   0   0   0   0   0   0   0   0   0   0   0   0   0   0   0   0   0   0   0   1   3   2  28   0  27   0   0   0   7   8   0   0   3   0   0  
 0   0   0   0   0   0   0   0   0   0   0   0   0   0   0   0   0   0   0   0   0   0   0   0   0   0   0   0   0   0   0   0   0   0   0   0   0   0   0   0   0   0   0   0   0   0   0   0   0   0   0   0   0   0   9   3   4   6   2   0   0   0   0  30   0   0   0   0   0   0   0   0   0   0   0   0   0   0   0   0   0  
 0   0   0   0   0   0   0   0   0   0   0   0   0   0   0   0   0   0   0   0   0   0   0   0   0   0   0   0   9   4   0   0   0   0   0   0   0  10   0   0   0   0   0   0   0   0   0   0   0   0   0   0   0   0   0   0   0   0   0   0   0   0   0   0  24   0   0   0   0   0   0   0   0   0   0   0   0   0   0   0   0  
 0   0   0   0   0   0   0   0   0   0   0   0   0   0   0   0   0   0   0   0   0   0   0   0   0   0   0   0   0   0   0   0   0   0   0   0   0   0   5   0   0   5   0   0   0   0   0   0   0   0   0   0   0   0   0   0   0   0   0   0   0   0   0   0   0  25   5   3   5   0   1   7   0   0   0   6   0   0   2   0   0  
 0   0   0   0   0   0   0   0   0   0   0   0   0   0   0   0   0   0   0   0   0   0   0   0   0   0   0   0   0   0   0   0   0   0   0   0   0   0   4   0   0   5   0   0   0   0   0   0   0   0   0   0   0   0   0   0   0   0   0   0   0   0   0   0   0   5  30   1   6   0   4   5   0   0   9   0   0   0  24   0   0  
 0   0   0   0   0   0   0   0   0   0   0   0   0   0   0   0   0   0   0   0   0   0   0   0   0   0   0   0   0   0   0   0   0   0   0   0   0   0   0   0   0   0   0   0   0   0   0   0   0   0   0   0   0   0   0   0   0   0   0   0   0   0   0   0   0   0   0   0   0   0   0   0   0   0   0   0   0   0   0  28   0  
 0   0   0   0   0   0   0   0   0   0   6   1   0   0   3   0   0   9   0   0   3   0   0   8   0   0  10   0   0   0   0   0   0   0   0   0   0   0   0   0   0   0   0   0   3   0   0   8   0   0  29   0   0   8   0   0   0   0   0   0   0   0   0   0   0   0   0   0   0   0   0   0   0   0   0   0   0   0   0   0  29  
 0   0   0   0   0   0   0   0   0   0   0   0   0   0   0   0   0   0   0   0   0   0   0   0   0   0   0   0   0   0   0   0   0   0   0   0   0   0   3   0   0   8   0   0   0   0   0   0   0   0   0   0   0   0   0   0   0   0   0   0   0   0   0   0   0   2  10   9   5   0   8  10   0   0   8  29   0   0   0   0   0  
 0   0   0   0   0   0   0   0   0   0   0   0   0   0   0   0   0   0   0   0   0   0   0   0   0   0   0   0   0   0   0   0   0   0   0   0   0   0   0   0   0   0   0   0   0   0   0   0   0   0   0   0   0   0   0   0   0   0   0   0   0   0   0   0   0   0   0   0   0   0   0   0   0   0   0   0  25   0   0   0   0  
 0   0   0   0   0   0   0   0   0   0  10   6   0   0   8   0   0   6   0   0   3   0   0   1   0   0   1   0   0   0   0   0   0   0   0   0   0   0   0   0   0   0   0   0   2   0   0   8   0   0   7   0   0   3   0   0   0   0   0   0   0   0   0   0   0   0   0   0   0   0   0   0   0   0   0   0   0  22   0   0   0  
