81

 0  12  41   9  47  81  48  86  81  12  42  85  48  84  83  81  86  83  50  81  86  81  88  82  90  84  85  18  43  86  49  82  86  89  87  86  47  90  81  90  83  86  82  87  87  83  85  88  89  82  85  90  85  81  47  89  87  82  84  85  86  82  88  86  90  90  90  82  85  83  89  86  82  83  89  83  89  83  88  82  81  
12   0   7  50   1  49  84  50  83  41  18  47  85  44  90  81  84  88  83  46  84  88  81  87  82  88  86  46   3  47  85  44  81  89  89  88  88  42  83  90  90  90  85  87  81  84  81  86  85  88  88  82  82  86  86  44  83  87  85  87  81  85  84  82  85  85  87  87  82  83  82  86  81  83  85  83  89  86  87  86  87  
43   7   0  88  48  13  85  81  42  88  45  15  90  83  42  84  83  83  86  84  43  86  87  83  85  82  84  87  45   4  81  86  44  86  90  86  82  83  48  81  87  82  86  83  87  84  85  81  84  86  85  86  90  81  81  89  47  89  86  88  84  89  82  86  88  88  88  88  85  84  88  81  85  90  86  88  84  86  90  90  85  
 1  48  86   0   5  48   7  49  90  49  84  87   6  50  85  46  82  87  87  86  87  50  88  87  89  83  85  50  87  86   7  41  90  43  88  89  87  82  82  44  88  81  82  90  90  84  84  87  86  86  90  87  88  83  82  89  81  42  83  86  85  90  90  87  89  89  81  83  84  83  83  84  83  88  88  83  81  84  84  85  82  
44  15  44  20   0  20  49  12  42  82  45  81  50  18  47  84  43  87  83  84  83  89  50  86  85  89  87  82  42  82  50  10  47  84  48  87  88  82  90  84  50  86  86  82  87  84  90  90  90  81  84  81  82  90  84  84  85  87  44  83  89  89  89  82  83  85  81  87  81  86  87  86  81  89  84  90  90  90  83  83  86  
86  41   1  48  10   0  87  46  11  90  85  49  90  47   6  89  81  42  90  85  88  83  90  47  85  90  84  86  82  46  86  46   7  82  86  48  84  85  89  89  89  50  83  81  82  82  87  81  89  83  90  83  90  84  88  81  87  83  89  49  81  87  88  85  82  88  82  84  89  89  85  84  84  88  90  90  84  88  85  87  88  
42  87  82  14  47  81   0   7  42  86  87  88  48  90  85  11  45  87  82  83  86  85  82  89  45  84  83  86  85  86  46  84  82   7  41  82  83  82  89  82  90  89  45  82  83  89  85  83  89  89  89  81  87  89  83  81  87  81  86  83  47  81  89  83  88  83  81  85  86  90  87  84  81  87  81  84  87  85  90  90  85  
90  41  82  41  18  49   1   0   1  84  89  86  90  42  89  47  17  48  85  88  90  82  89  84  83  49  83  83  88  84  84  41  86  46   1  44  84  82  86  89  90  88  86  50  84  84  81  81  83  88  88  84  81  82  86  90  84  83  82  89  85  44  84  88  84  84  86  81  88  88  88  83  84  89  82  87  90  84  84  81  82  
82  88  49  90  41   4  45  19   0  86  83  81  87  85  43  81  45  12  88  90  86  84  88  85  87  89  42  86  89  84  82  88  41  88  48  18  89  84  82  87  81  86  85  83  47  86  86  81  90  83  87  81  84  81  82  83  90  87  84  90  81  86  49  88  86  82  86  89  83  84  83  85  87  90  82  89  87  88  84  89  87  
17  41  81  41  89  81  84  85  90   0  20  43   8  42  82  47  90  82  17  48  84  43  88  84  84  90  85  45  81  84  82  81  82  84  83  87   8  48  82  49  81  86  84  82  81  49  88  88  90  84  83  89  85  85  88  82  85  83  82  90  86  84  82  47  90  81  88  89  88  90  90  82  88  86  84  86  89  83  90  87  86  
45  12  44  89  44  84  88  83  82  12   0   3  46  11  43  86  43  83  46  10  49  81  42  81  86  81  84  85  49  87  83  85  87  83  90  90  42  19  45  83  41  87  90  87  87  83  46  85  86  86  88  87  86  84  86  81  82  86  89  82  85  83  88  83  41  81  90  90  89  88  82  90  85  89  81  83  84  83  88  86  83  
85  47   8  87  85  41  90  89  89  49  11   0  87  42  15  88  85  49  82  48   4  87  90  41  90  81  86  84  83  48  86  83  81  86  84  88  81  46  14  88  85  43  82  84  84  84  83  46  87  85  84  87  89  89  89  88  86  81  84  89  81  82  82  87  85  43  86  87  88  89  90  89  86  82  86  89  86  84  86  85  83  
50  90  89  16  49  87  42  90  83  20  45  87   0  14  41   1  43  81  47  84  86   1  41  88  41  86  82  88  86  89  49  87  87  90  86  85  47  89  82   3  50  89  48  82  81  81  88  84  47  88  87  86  89  85  82  81  90  87  84  87  82  82  82  90  87  84  43  82  88  89  81  87  82  86  88  82  85  81  82  87  85  
85  44  82  48   1  42  82  50  88  42   7  47  10   0   1  44  16  45  88  45  87  50  16  45  85  41  89  85  88  84  88  47  86  87  82  87  85  48  84  45  15  50  89  50  90  87  83  90  90  47  85  81  82  90  90  89  81  85  86  88  84  87  85  87  83  88  85  44  82  87  85  81  86  81  81  86  88  83  88  83  87  
82  86  43  86  46  11  89  88  47  90  47   2  41  16   0  85  43  16  86  87  42  87  46  19  81  81  47  85  84  85  83  84  41  90  86  82  85  85  45  84  45  16  85  81  43  85  87  83  84  82  48  85  87  86  87  86  82  84  83  81  83  83  82  89  87  88  86  84  45  84  87  90  87  87  88  86  89  87  83  82  90  
81  84  86  45  86  85  15  47  90  50  85  81  18  43  90   0  19  44  81  87  88  50  86  87   5  46  87  84  86  82  81  86  84  43  81  85  88  83  82  41  85  83   9  48  83  87  84  82  89  81  87  48  81  83  90  87  84  86  83  81  82  84  90  83  81  84  89  90  83  48  90  90  81  81  85  87  82  81  82  89  82  
84  84  87  85  46  82  44   8  46  89  41  83  48  18  49  19   0  17  89  82  90  85  42  82  46   4  43  88  90  87  83  82  81  84  42  81  87  85  89  81  44  85  44  12  45  88  87  88  85  85  86  84  50  87  89  87  82  82  84  84  88  88  85  88  89  90  87  81  82  88  44  89  89  82  89  83  89  90  82  84  87  
85  82  87  83  87  49  87  41  12  90  84  49  81  46  19  46   7   0  86  86  90  83  87  46  83  42   1  86  87  84  82  82  81  83  86  45  82  84  87  90  90  41  83  43  17  90  81  85  85  82  84  85  89  47  81  82  87  85  81  89  84  89  84  87  87  86  90  86  85  86  89  45  85  86  81  81  83  88  88  81  84  
43  81  87  88  88  89  87  87  89   1  49  85  49  89  89  83  81  81   0  19  48  17  42  88  47  84  86  84  87  87  84  84  84  88  82  87  50  88  83  86  86  86  84  82  83  14  46  84  49  84  83  81  82  83  89  87  90  90  85  86  81  89  84  85  87  86  84  88  88  90  85  86  47  81  82  85  84  89  86  87  83  
88  43  87  87  86  88  90  89  88  48  15  47  84  46  85  81  88  81   4   0  17  49   5  42  81  43  84  81  88  83  83  83  86  85  88  90  82  48  81  90  86  82  81  83  81  48   4  45  81  48  84  90  82  86  82  83  87  90  88  90  87  86  88  84  88  83  86  90  87  82  82  82  88  43  81  89  82  89  86  85  82  
82  85  49  81  87  82  88  85  86  89  41  18  84  82  47  83  85  85  49  15   0  82  48  11  88  84  50  86  88  81  83  88  85  85  82  83  81  90  43  90  90  87  87  86  83  84  45  10  86  89  45  87  90  81  85  86  88  84  84  82  82  82  83  83  88  86  89  85  84  83  89  81  84  82  47  90  85  90  85  90  85  
81  88  82  48  86  82  81  87  85  43  84  84   7  46  83  50  81  84   6  45  84   0  17  46   7  49  85  90  88  89  86  85  87  85  83  88  89  89  83  49  85  85  88  90  88  45  89  83  15  44  82  48  90  88  90  84  81  89  84  88  85  82  88  84  82  90  84  90  82  83  90  89  87  87  84  47  86  83  84  82  87  
82  89  84  88  49  89  90  89  85  83  45  85  45   4  44  84  45  83  47   2  49   6   0  10  42  14  46  82  81  86  86  88  88  82  84  83  88  83  86  83  47  88  90  88  84  87  41  81  47  19  45  82  41  81  90  85  85  86  89  85  84  84  89  83  88  85  87  90  87  87  90  90  87  88  83  82  43  87  87  89  83  
83  83  86  90  90  42  82  83  88  86  90  41  84  50  10  85  85  50  84  47   8  48   2   0  82  48   7  85  81  85  82  84  84  88  85  87  90  82  85  89  81  47  89  89  84  82  86  48  83  49  15  85  86  42  90  81  90  82  88  85  90  85  83  87  89  89  83  81  85  90  88  85  86  83  82  87  86  50  87  89  89  
84  88  85  89  83  86  42  82  85  87  85  84  50  87  83  14  43  85  49  81  86  19  43  89   0   3  48  82  81  83  88  90  83  81  87  90  83  84  88  84  84  88  48  81  83  89  81  88  47  87  83  16  44  90  82  86  82  86  87  82  86  86  82  90  87  88  88  85  81  84  81  86  84  85  86  89  82  88  42  83  88  
82  87  83  86  90  83  90  48  88  84  84  89  82  45  88  46   4  42  84  44  85  44  11  50   1   0  11  86  84  81  90  89  88  85  81  89  89  86  83  90  82  87  85  41  86  83  90  88  81  42  86  46  16  43  86  86  84  89  82  86  82  88  83  86  81  82  82  86  86  85  82  84  81  81  81  86  86  86  83  48  88  
86  89  83  85  82  87  89  82  45  90  86  86  88  89  42  87  44   5  81  81  46  84  43  17  43  16   0  81  88  89  85  90  86  84  87  82  82  89  87  81  87  86  82  81  44  81  86  81  87  82  41  90  45   1  87  83  84  83  82  82  81  89  85  87  84  83  86  89  85  89  87  88  82  83  87  88  86  88  85  81  41  
14  49  85  45  88  84  85  82  86  41  87  90  87  82  82  83  90  89  86  86  86  90  87  84  81  90  85   0  12  48   1  49  87  50  81  84  20  48  88  48  82  89  89  81  88  42  88  88  81  85  82  86  87  86   6  43  83  45  83  81  82  82  81  47  83  90  82  85  85  86  85  90  81  87  90  87  86  86  84  89  87  
48  20  43  88  42  85  84  87  90  87  42  85  81  84  84  90  84  87  88  83  84  82  82  87  88  85  81   7   0  12  46   5  50  83  45  87  50  17  45  82  41  86  83  85  81  89  45  86  82  89  85  87  86  86  47   4  48  82  47  84  87  87  84  82  43  85  83  81  86  90  85  85  84  90  81  88  84  87  86  86  84  
89  42   5  88  82  48  81  85  82  86  82  45  90  83  82  90  90  82  81  84  88  86  85  87  82  88  86  49  16   0  81  45   6  81  89  47  85  43   6  86  83  43  88  83  81  85  83  49  87  82  88  86  82  86  83  50   8  81  90  42  85  84  86  81  83  47  87  86  81  88  81  83  86  87  85  86  90  81  82  88  87  
42  87  81  16  48  83  46  90  84  86  88  89  50  89  88  90  90  83  89  82  88  81  81  84  83  85  83   2  49  89   0   2  48  17  50  82  50  89  88  10  41  81  43  85  81  87  89  85  44  86  87  82  88  88  41  88  84   9  44  84  45  81  84  86  89  83  41  83  81  81  81  87  87  84  90  81  82  89  89  89  89  
90  44  83  45  15  45  82  46  90  82  83  90  81  47  82  86  89  89  84  87  83  85  86  82  85  89  87  44   3  44   5   0   7  49  11  42  82  48  87  47  20  45  83  42  82  82  87  90  82  41  87  82  83  81  81  44  89  50   4  46  82  44  86  83  84  89  81  50  89  84  86  85  85  81  84  84  88  90  83  86  88  
90  88  41  83  42   3  84  88  46  90  87  85  90  83  43  85  82  82  83  83  85  83  84  86  90  90  85  85  50  20  49  14   0  81  44   8  81  90  45  85  50  20  88  86  46  89  85  86  83  81  44  87  89  86  83  87  46  82  43   4  86  88  47  88  86  86  84  90  42  87  89  88  90  85  83  85  89  88  84  81  87  
90  88  89  48  82  84  12  43  86  82  87  89  82  87  87  45  83  82  85  84  87  81  81  90  84  85  84  43  90  88   3  48  89   0   1  49  87  89  86  48  82  90   1  41  86  81  86  89  89  86  90  48  87  88  88  89  87  46  86  86   1  44  84  89  90  83  90  84  84  49  90  90  82  82  89  85  90  89  84  83  85  
85  89  83  83  47  85  42  10  49  85  90  83  90  86  89  88  49  85  87  89  89  81  82  89  81  81  82  81  48  82  49  11  48  11   0   1  83  82  87  87  47  81  50  13  48  86  84  89  90  81  87  85  47  86  82  88  84  84  41  86  44   5  49  88  84  85  82  87  87  86  50  85  88  88  90  85  85  82  81  84  87  
86  81  90  81  87  50  86  48  11  83  84  85  88  83  83  90  87  48  82  86  83  84  90  86  82  85  84  84  88  47  83  50   5  45  10   0  81  90  89  83  90  47  82  48   4  84  85  83  86  84  81  81  83  48  89  88  89  90  83  41  83  50  19  87  90  86  84  84  87  87  84  45  87  84  82  84  88  90  81  89  89  
48  83  87  81  90  89  89  87  87  10  49  87  49  81  87  90  81  82  47  83  88  83  85  85  81  87  86  19  44  81  46  86  88  87  90  87   0  12  47  20  42  84  44  88  88   5  43  90  50  82  90  89  87  83  48  81  88  90  86  87  86  89  83   1  45  83  45  86  86  88  81  82  47  89  83  85  90  82  88  81  82  
87  47  87  85  82  83  84  88  82  46  17  41  81  42  81  83  83  90  84  47  85  88  90  82  86  88  84  48  13  50  85  43  90  84  90  90  16   0   4  49  20  45  82  46  87  48   2  44  89  47  86  90  84  88  84  50  83  86  89  87  83  86  84  50  15  41  85  48  81  83  85  89  89  46  88  87  84  81  88  84  82  
87  83  50  90  85  81  89  86  89  81  47   7  89  89  42  83  88  85  88  88  43  89  90  89  82  86  83  89  48  16  90  86  42  86  90  90  47  18   0  86  42  16  88  83  45  89  44  20  82  84  49  84  81  89  87  90  43  86  81  89  88  84  82  89  41  10  83  83  41  81  88  87  86  89  43  88  87  81  90  84  81  
85  84  87  46  90  89  82  84  82  44  81  88  20  47  84  44  89  82  83  84  86  43  81  89  81  83  86  43  90  86   2  50  84  45  86  90  15  47  81   0  12  46  16  42  86  48  81  83   9  47  82  50  82  84  84  83  87  48  83  85  90  81  90  41  88  86   1  50  81  44  90  81  87  83  82  48  84  84  86  85  86  
85  82  89  81  43  83  89  85  84  90  45  86  45  14  43  86  46  86  86  87  87  89  45  87  83  86  89  81  47  83  42   3  46  88  46  81  43  13  50  15   0   9  42   4  47  81  44  87  50   9  43  89  43  87  84  90  88  86  49  87  90  89  85  89  42  81  48   2  49  88  47  85  90  85  88  85  45  82  85  87  87  
90  89  84  86  87  41  86  85  83  90  81  45  90  42   7  85  81  43  90  82  86  86  86  50  84  90  85  88  90  45  86  42  20  90  81  47  90  49  16  45  15   0  81  46  13  84  85  44  81  48   8  87  82  42  81  86  82  84  89  42  83  83  83  86  89  46  83  43  12  86  82  41  85  87  81  90  83  47  82  90  88  
88  85  83  83  89  83  44  90  90  84  81  82  47  83  89   4  47  88  87  87  89  81  81  81  45  88  90  85  81  90  49  85  85  14  50  86  48  82  88  11  42  86   0  13  45  84  85  86  49  82  84  16  46  83  88  89  81  85  82  90  44  87  86  90  83  88  47  81  81   3  45  90  89  86  87  85  82  88  48  83  85  
83  90  81  84  82  86  86  43  82  87  83  81  81  50  84  46   1  41  83  90  84  81  87  89  82  49  86  88  85  85  90  42  88  46   5  48  85  43  90  48   7  48  13   0  17  89  88  84  81  42  90  43  19  42  90  81  87  83  83  90  83  43  86  86  81  81  90  47  89  44  16  47  89  90  86  88  88  87  87  44  81  
87  89  85  81  81  82  85  89  43  88  87  88  83  84  47  85  45   6  90  88  84  85  88  82  86  83  41  86  87  86  86  84  45  89  49   5  87  83  47  90  45   9  50   1   0  87  87  83  83  82  47  90  49   7  83  83  85  85  89  85  86  82  47  86  83  83  88  81  42  81  47   6  87  82  83  81  89  81  81  86  42  
83  86  81  87  85  82  90  86  83  41  84  89  84  89  90  86  87  87  19  49  89  45  82  87  81  81  87  46  90  85  88  84  85  90  83  81  20  49  88  47  82  85  81  87  87   0   4  50   4  46  87  50  87  86  81  88  84  85  83  89  90  88  90  42  88  82  83  83  81  84  81  84  11  46  85  42  89  89  81  90  84  
90  86  89  88  87  81  82  85  88  83  44  90  85  83  89  87  85  90  50  20  44  86  41  87  83  84  81  82  42  84  89  87  88  82  88  86  49  14  45  88  43  88  85  88  82   7   0  15  44   2  41  83  48  88  87  88  88  84  89  83  86  85  86  90  45  82  85  90  90  81  88  87  50  18  42  88  42  86  85  90  86  
90  87  85  82  85  90  89  83  84  82  84  50  86  81  90  83  85  84  84  43   1  86  90  43  90  87  82  81  88  41  83  82  85  88  86  83  83  41  19  84  89  48  90  89  84  42  16   0  90  41  19  90  84  45  86  83  85  87  85  85  89  84  88  83  88  48  85  89  84  90  83  82  87  43  20  87  83  43  81  81  81  
82  86  81  81  86  89  84  86  86  89  89  81  43  85  82  85  90  83  41  81  86  20  48  90  45  81  83  89  87  81  48  86  84  89  90  90  49  85  83  10  45  90  41  81  82  10  41  83   0   1  45  15  48  85  90  88  82  81  84  84  86  82  90  82  84  81  43  89  87  88  86  86  44  85  90  19  46  88  45  90  88  
86  90  83  84  86  88  89  84  88  82  90  83  83  48  88  81  90  86  89  45  90  44   4  49  85  49  82  81  84  84  81  43  90  81  86  85  81  42  81  44  13  47  88  50  81  45   1  47  15   0   3  46  19  50  85  90  89  84  89  87  81  85  89  84  85  90  82  41  87  89  87  83  90  47  82  47   4  41  84  41  88  
83  90  83  86  84  85  83  82  83  81  86  86  81  89  45  83  85  82  86  90  41  86  50  18  83  87  42  88  85  86  82  84  46  86  86  84  85  89  46  89  41   5  88  81  47  89  44   1  44  11   0  85  48   6  90  90  90  87  83  89  88  81  85  87  85  87  83  82  41  81  84  85  89  87  48  88  48   6  90  90  50  
85  84  87  88  82  90  90  88  84  88  88  89  86  82  83  46  87  86  87  89  87  50  82  89   9  44  85  87  86  81  87  85  83  50  81  82  86  89  82  41  83  83   8  46  81  48  85  84  13  45  88   0   2  42  89  86  83  86  90  83  81  85  81  86  87  84  89  88  86  43  82  81  83  84  86  50  83  90  12  45  90  
90  85  84  85  86  90  90  90  85  89  86  86  85  85  82  84  45  83  84  84  90  87  41  81  50  19  41  85  85  87  82  89  86  87  42  85  84  88  90  85  46  82  50  12  50  84  41  85  48   4  49   6   0   6  81  86  83  89  90  88  86  86  86  85  85  88  82  83  81  89  43  82  89  82  87  90  41  86  47  15  46  
90  90  87  90  87  81  82  85  81  82  87  86  85  88  84  84  87  41  85  84  88  85  84  47  81  44   9  88  84  90  84  81  85  87  81  43  89  84  83  86  87  49  87  45   3  82  81  50  87  46  13  43  18   0  86  86  82  90  81  82  87  81  82  81  89  89  88  85  87  83  87  49  87  85  85  81  81  42  87  48   4  
41  86  86  90  81  83  90  90  87  85  89  84  83  82  90  84  87  84  87  86  85  82  89  85  81  86  82   4  46  88  48  90  83  84  82  83  44  83  86  86  84  83  85  81  85  87  82  90  85  89  88  90  89  83   0   7  48  14  42  83  41  83  83  20  41  89  49  84  84  85  89  87  42  89  89  82  82  87  81  84  83  
85  50  86  87  88  82  84  90  88  89  81  84  82  85  83  82  89  85  90  90  84  85  90  83  87  84  88  44  15  41  87  45  86  89  90  85  87  44  85  84  87  87  86  85  85  85  90  90  83  88  90  83  90  88  11   0  14  42   3  49  86  49  82  41   4  43  86  49  81  83  86  86  90  50  83  84  84  87  83  85  84  
81  84  47  87  83  88  83  85  82  85  90  83  85  87  85  84  89  86  90  90  82  87  89  89  85  83  82  83  48   7  82  85  43  86  90  85  89  81  41  87  89  84  88  83  84  90  85  82  90  89  87  81  88  88  45   4   0  83  44   7  83  83  43  81  41   2  90  87  47  88  87  86  85  83  47  84  83  81  90  87  88  
85  85  89  47  81  87  90  82  87  85  84  90  85  88  84  88  82  83  87  83  85  87  81  83  87  85  86  50  87  89  18  46  81  43  90  84  84  89  86  41  90  82  84  82  90  90  90  85  83  89  83  85  84  84   4  43  90   0   8  41  20  42  84  41  86  84  13  48  89  42  81  90  90  84  88  41  89  88  87  86  87  
86  86  90  81  44  88  85  88  82  90  86  88  86  86  81  90  87  83  87  88  81  86  87  88  86  82  84  86  44  87  50  20  48  86  41  90  87  89  90  82  50  89  83  86  87  83  88  82  81  86  87  87  81  84  49  13  43  19   0   4  44   1  50  85  50  86  47   6  49  82  47  85  84  82  88  85  48  89  87  86  87  
83  81  90  82  82  49  87  90  87  86  89  84  87  87  82  90  85  83  85  89  89  84  90  87  86  82  87  82  89  46  88  48   3  87  86  41  83  86  83  85  85  47  84  85  85  88  90  88  88  88  82  89  87  90  89  49  20  44   7   0  89  46  17  89  87  49  82  49   5  85  90  47  82  90  86  85  87  46  88  88  87  
81  86  83  83  85  81  41  90  89  89  90  84  88  90  81  85  83  87  85  89  84  88  85  83  87  84  89  88  86  87  49  81  81  19  41  84  82  87  90  83  86  84  45  89  89  90  84  89  81  81  89  89  87  87  44  81  84  20  49  85   0  20  43  83  82  86  43  86  87  11  49  86  90  88  88  90  89  83  47  81  81  
90  87  88  90  89  87  84  48  86  83  81  87  90  82  88  85  83  88  86  87  88  84  82  81  88  86  88  90  89  82  90  41  81  50  13  44  87  87  82  88  87  82  81  42  89  83  90  83  88  83  89  90  83  90  82  48  83  47  11  48   9   0  20  85  87  81  86  47  83  45  18  45  85  88  81  86  87  87  86  49  84  
84  82  90  90  85  83  86  89  45  88  85  87  84  82  86  84  88  89  86  82  81  89  87  87  87  81  85  84  83  81  89  84  43  81  45   9  90  82  89  84  86  84  81  88  42  82  90  86  82  89  84  83  84  84  88  88  45  89  46   2  49   6   0  83  81  87  85  89  42  81  46   8  88  90  81  85  88  82  81  89  48  
86  88  86  87  86  81  88  88  88  49  89  81  81  81  88  89  82  89  81  85  84  85  81  85  85  88  85  47  86  81  85  90  87  89  89  88  17  47  81  43  88  84  88  88  85  41  89  90  85  89  85  85  82  83   5  44  81  42  82  81  83  81  88   0   4  46  17  43  85  48  88  83  13  46  89  48  85  89  85  89  82  
84  87  88  87  83  85  87  85  87  83  45  84  90  89  82  81  87  82  85  87  86  86  88  89  90  85  89  82  43  87  90  81  81  81  87  87  41   3  49  83  50  88  88  85  90  83  50  88  85  87  88  87  82  85  44   1  44  90  43  86  90  83  82  14   0   1  47  18  42  82  48  85  50   8  49  85  41  83  85  85  83  
89  89  85  83  82  85  90  88  90  81  86  45  90  87  90  84  90  87  82  82  90  83  89  83  89  87  84  81  87  50  87  89  87  87  86  81  86  41  11  87  90  42  86  82  81  88  88  48  83  86  85  89  88  84  87  44  13  84  81  46  87  84  86  45   4   0  84  50   3  90  82  44  84  41   6  86  81  49  85  87  83  
89  89  82  82  83  90  88  83  84  87  86  83  43  89  90  81  83  81  85  84  84  84  81  81  86  85  83  84  87  82  43  83  87  89  83  82  49  85  88  18  46  89  49  89  87  86  85  84  45  85  86  83  82  90  41  90  90  11  49  87  45  81  84   1  48  90   0  20  49   2  44  83  42  87  81   1  41  83  47  89  82  
90  81  81  87  85  88  84  85  87  83  87  90  90  50  82  90  88  87  85  87  81  87  90  84  81  88  83  85  90  81  86  50  90  81  85  82  87  49  88  42   2  43  89  47  90  83  81  88  83  45  84  86  86  88  83  47  86  45   6  48  89  43  86  41   8  44   9   0   9  44   5  49  89  50  83  45  19  41  85  45  90  
88  90  87  88  84  88  82  90  88  85  88  82  81  82  45  82  88  86  81  88  83  82  85  84  84  86  83  88  83  90  88  81  44  81  83  83  84  82  50  88  47  11  88  86  43  85  81  82  86  81  45  81  87  87  89  84  41  86  45  13  89  88  50  86  50  19  44  15   0  87  48  11  88  81  47  81  43  15  82  83  41  
87  86  86  86  87  84  89  81  89  86  90  83  86  81  84  41  83  87  88  86  81  89  84  82  84  82  81  86  88  83  81  81  81  47  82  88  84  87  81  46  90  81   3  47  84  82  83  84  88  81  86  41  85  88  88  83  86  50  84  89   2  50  88  50  90  84   6  48  85   0  18  43  82  81  87  47  90  89   6  44  84  
82  84  82  86  81  82  86  81  86  89  87  90  84  85  88  85  43  82  85  82  90  86  85  82  88  87  86  88  83  90  83  89  89  86  44  85  89  84  82  87  49  86  41   1  43  83  83  82  83  84  88  86  45  82  83  81  88  84  45  87  42   3  48  82  46  86  45   3  46   2   0  20  89  83  81  87  47  86  43   1  46  
87  86  86  87  85  81  86  83  90  81  82  88  81  84  87  82  88  45  89  82  87  81  88  84  88  82  90  84  90  83  83  85  86  82  81  47  88  87  87  85  88  41  81  41   3  86  88  82  89  90  88  82  87  49  88  90  90  83  87  50  82  45  16  87  89  50  84  46   2  48  17   0  89  90  83  82  83  48  86  47   6  
81  90  82  87  86  90  84  89  81  84  83  83  83  86  87  90  82  90  50  90  85  86  89  87  82  88  89  87  83  89  84  89  90  85  90  89  45  90  81  88  84  82  83  88  84   3  42  87  42  87  85  84  82  85  44  82  86  81  89  86  82  87  81  10  44  82  46  83  81  83  89  83   0  15  48   7  48  85  49  87  85  
83  90  85  85  84  84  86  82  82  85  83  86  81  85  81  85  86  84  87  45  87  87  90  90  85  90  86  86  88  81  81  85  84  82  81  83  87  41  88  83  87  84  83  83  86  45   6  43  84  48  86  87  85  87  85  48  83  89  84  86  82  88  88  49   8  47  85  43  83  89  82  81  13   0  16  50  18  46  87  43  85  
84  89  84  83  86  83  89  81  82  82  87  82  81  82  85  82  87  90  84  89  49  81  85  81  85  85  81  82  90  87  81  88  86  84  82  87  83  88  50  83  88  86  84  89  86  82  48   5  85  84  41  81  81  82  84  81  48  85  83  87  88  82  82  90  42   5  86  81  44  85  84  86  44   8   0  81  49   2  87  81  44  
90  88  84  81  83  82  88  81  84  90  89  86  87  82  87  83  85  81  83  88  88  47  84  85  83  86  83  86  83  81  81  89  84  85  89  90  89  86  89  47  86  85  85  90  88  48  84  83  12  42  88  41  81  84  89  85  88  43  87  90  89  87  86  44  88  84   2  44  88  49  83  87  20  46  81   0   7  45   8  50  89  
84  84  82  86  85  82  81  84  81  87  87  86  86  87  81  83  82  87  85  82  87  87  48  90  87  84  84  83  84  84  84  88  84  82  81  88  86  88  86  87  48  82  86  87  86  85  45  82  45   6  48  82  43  83  89  82  89  84  47  89  84  87  87  87  45  90  47   1  41  83  50  88  44   6  48   7   0  15  47  11  43  
85  90  90  87  90  90  89  81  88  90  83  82  82  84  88  89  89  84  87  89  87  84  87  47  83  83  89  84  84  83  84  87  85  86  88  90  83  89  87  89  90  47  90  85  88  90  82  42  88  48   5  83  86  41  85  83  82  90  86  42  87  83  90  87  86  50  82  46  12  84  84  48  83  45  19  46   3   0  86  49   9  
84  82  89  81  88  89  86  85  85  84  90  83  86  85  82  86  83  87  88  82  81  82  81  82  46  87  83  90  82  87  81  84  86  81  81  81  84  82  84  83  88  90  44  89  83  81  87  81  47  87  87  12  43  88  81  82  86  83  83  83  44  83  84  83  84  87  47  83  82  17  48  84  41  81  87  10  48  88   0   5  49  
84  86  83  83  85  89  87  81  90  88  84  83  90  86  81  90  87  85  86  89  88  87  89  87  83  42  84  84  86  87  87  84  90  86  86  90  90  86  88  83  85  81  82  49  89  90  84  84  84  50  82  50   3  43  87  83  84  85  86  82  82  41  82  82  87  81  85  45  84  45   4  41  88  46  83  45   4  43  16   0  17  
85  83  88  88  81  90  81  88  90  85  84  87  82  82  85  84  85  81  81  81  88  89  82  90  89  86  47  89  88  86  84  81  81  84  88  84  84  86  82  86  81  89  84  83  46  87  84  85  86  89  42  85  46  17  90  81  83  83  87  90  89  87  44  85  86  84  84  81  47  90  50   5  89  88  41  81  49  20  50   3   0  

 0   0   0   0   0   0   0   0   0   0   0   0   0   0   0   0   0   0   0   0   0   0   0   0   0   0   0  29   4   0  10   0   0   0   0   0   0   0   0   0   0   0   0   0   0   0   0   0   0   0   0   0   0   0   5   3   0  10   0   0   0   0   0   1   0   0   0   0   0   0   0   0   0   0   0   0   0   0   0   0   0  
 0   0  22   0   0   0   0   0   0   0   0   5   0   0   3   0   0   0   0   0   0   0   0   0   0   0   0   0   0   0   0   0   0   0   0   0   0   0   0   0   0   0   0   0   0   0   0   0   0   0   0   0   0   0   0   0   0   0   0   0   0   0   0   0   0   0   0   0   0   0   0   0   0   0   0   0   0   0   0   0   0  
 0  22   0   0   0   0   0   0   0   0   0  26   0   0  10   0   0   0   0   0   0   0   0   0   0   0   0   0   0   0   0   0   0   0   0   0   0   0   0   0   0   0   0   0   0   0   0   0   0   0   0   0   0   0   0   0   0   0   0   0   0   0   0   0   0   0   0   0   0   0   0   0   0   0   0   0   0   0   0   0   0  
 0   0   0   0   0   0   0   0   0   0   0   0  29   0   0   0   0   0   1   0   0   6   0   0   0   0   0   0   0   0   0   0   0   0   0   0   0   0   0   4   0   0   0   0   0   0   0   0   0   0   0   0   0   0   0   0   0   0   0   0   0   0   0   0   0   0   0   0   0   0   0   0   0   0   0   0   0   0   0   0   0  
 0   0   0   0   0  22   0   2   7   0   0   0   0   0   0   0   0   0   0   0   0   0   0   0   0   0   0   0   0   0   0   0   0   0   0   4   0   0   0   0   0   0   0   0   0   0   0   0   0   0   0   0   0   0   0   0   0   0   0   0   0   0   0   0   0   0   0   0   0   0   0   0   0   0   0   0   0   0   0   0   0  
 0   0   0   0  24   0   0   6  30   0   0   0   0   0   0   0   0   0   0   0   0   0   0   0   0   0   0   0   0   0   0   0   0   0   0   6   0   0   0   0   0   0   0   0   0   0   0   0   0   0   0   0   0   0   0   0   0   0   0   0   0   0   0   0   0   0   0   0   0   0   0   0   0   0   0   0   0   0   0   0   0  
 0   0   0   0   0   0   0   0   0   0   0   0   0   0   0  29   0   0   0   0   0   0   0   0   0   0   0   0   0   0   0   1   0  21   6   0   0   0   0   0   0   0   1   5   5   0   0   0   0   0   0   0   0   0   0   0   0   0   0   0   0   0   0   0   0   0   0   0   0   0   0   0   0   0   0   0   0   0   0   0   0  
 0   0   0   0   3   5   0   0  30   0   0   0   0   0   0   0   0   0   0   0   0   0   0   0   0   0   0   0   0   0   0   0   0   0   0  10   0   0   0   0   0   0   0   0   0   0   0   0   0   0   0   0   0   0   0   0   0   0   0   0   0   0   0   0   0   0   0   0   0   0   0   0   0   0   0   0   0   0   0   0   0  
 0   0   0   0   6  28   0  27   0   0   0   0   0   0   0   0   0   0   0   0   0   0   0   0   0   0   0   0   0   0   0   0   0   0   0  29   0   0   0   0   0   0   0   0   0   0   0   0   0   0   0   0   0   0   0   0   0   0   0   0   0   0   0   0   0   0   0   0   0   0   0   0   0   0   0   0   0   0   0   0   0  
 0   0   0   0   0   0   0   0   0   0  25   0   0   2   0   0   0   0   0   0   0   0   0   0   0   0   0   0   0   0   0   0   0   0   0   0   0   0   0   0   0   0   0   0   0   0   0   0   0   0   0   0   0   0   0   0   0   0   0   0   0   0   0   0   0   0   0   0   0   0   0   0   0   0   0   0   0   0   0   0   0  
 0   0   0   0   0   0   0   0   0  27   0   0   0  22   0   0   0   0   0   0   0   0   0   0   0   0   0   0   0   0   0   0   0   0   0   0   0   0   0   0   0   0   0   0   0   0   0   0   0   0   0   0   0   0   0   0   0   0   0   0   0   0   0   0   0   0   0   0   0   0   0   0   0   0   0   0   0   0   0   0   0  
 0   8  25   0   0   0   0   0   0   0   0   0   0   0  30   0   0   0   0   0   0   0   0   0   0   0   0   0   0   0   0   0   0   0   0   0   0   0   0   0   0   0   0   0   0   0   0   0   0   0   0   0   0   0   0   0   0   0   0   0   0   0   0   0   0   0   0   0   0   0   0   0   0   0   0   0   0   0   0   0   0  
 0   0   0  25   0   0   0   0   0   0   0   0   0   0   0   0   0   0   3   0   0  28   0   0   0   0   0   0   0   0   0   0   0   0   0   0   0   0   0  26   0   0   0   0   0   0   0   0   0   0   0   0   0   0   0   0   0   0   0   0   0   0   0   0   0   0   0   0   0   0   0   0   0   0   0   0   0   0   0   0   0  
 0   0   0   0   0   0   0   0   0   8  23   0   0   0   0   0   0   0   0   0   0   0   0   0   0   0   0   0   0   0   0   0   0   0   0   0   0   0   0   0   0   0   0   0   0   0   0   0   0   0   0   0   0   0   0   0   0   0   0   0   0   0   0   0   0   0   0   0   0   0   0   0   0   0   0   0   0   0   0   0   0  
 0   6   4   0   0   0   0   0   0   0   0  21   0   0   0   0   0   0   0   0   0   0   0   0   0   0   0   0   0   0   0   0   0   0   0   0   0   0   0   0   0   0   0   0   0   0   0   0   0   0   0   0   0   0   0   0   0   0   0   0   0   0   0   0   0   0   0   0   0   0   0   0   0   0   0   0   0   0   0   0   0  
 0   0   0   0   0   0  29   0   0   0   0   0   0   0   0   0   0   0   0   0   0   0   0   0   0   0   0   0   0   0   0   5   0  10   6   0   0   0   0   0   0   0  28   4   9   0   0   0   0   0   0   0   0   0   0   0   0   0   0   0   0   0   0   0   0   0   0   0   0   0   0   0   0   0   0   0   0   0   0   0   0  
 0   0   0   0   0   0   0   0   0   0   0   0   0   0   0   0   0  29   0   0   0   0   0   0   0   0   0   0   0   0   0   0   0   0   0   0   0   0   0   0   0   0   0   0   0   0   0   0   0   0   0   0   0   0   0   0   0   0   0   0   0   0   0   0   0   0   0   0   0   0   0   0   0   0   0   0   0   0   0   0   0  
 0   0   0   0   0   0   0   0   0   0   0   0   0   0   0   0  23   0   0   0   0   0   0   0   0   0   0   0   0   0   0   0   0   0   0   0   0   0   0   0   0   0   0   0   0   0   0   0   0   0   0   0   0   0   0   0   0   0   0   0   0   0   0   0   0   0   0   0   0   0   0   0   0   0   0   0   0   0   0   0   0  
 0   0   0  10   0   0   0   0   0   0   0   0   7   0   0   0   0   0   0   0   0  26   0   0   0   0   0   0   0   0   0   0   0   0   0   0   0   0   0   1   0   0   0   0   0   0   0   0   0   0   0   0   0   0   0   0   0   0   0   0   0   0   0   0   0   0   0   0   0   0   0   0   0   0   0   0   0   0   0   0   0  
 0   0   0   0   0   0   0   0   0   0   0   0   0   0   0   0   0   0   0   0  30   0  10   6   0   0   0   0   0   0   0   0   0   0   0   0   0   0   0   0   0   0   0   0   0   0   0   0   0   0   0   0   0   0   0   0   0   0   0   0   0   0   0   0   0   0   0   0   0   0   0   0   0   0   0   0   0   0   0   0   0  
 0   0   0   0   0   0   0   0   0   0   0   0   0   0   0   0   0   0   0  30   0   0  10  29   0   0   0   0   0   0   0   0   0   0   0   0   0   0   0   0   0   0   0   0   0   0   0   0   0   0   0   0   0   0   0   0   0   0   0   0   0   0   0   0   0   0   0   0   0   0   0   0   0   0   0   0   0   0   0   0   0  
 0   0   0   6   0   0   0   0   0   0   0   0  25   0   0   0   0   0  23   0   0   0   0   0   0   0   0   0   0   0   0   0   0   0   0   0   0   0   0  10   0   0   0   0   0   0   0   0   0   0   0   0   0   0   0   0   0   0   0   0   0   0   0   0   0   0   0   0   0   0   0   0   0   0   0   0   0   0   0   0   0  
 0   0   0   0   0   0   0   0   0   0   0   0   0   0   0   0   0   0   0   9   3   0   0  22   0   0   0   0   0   0   0   0   0   0   0   0   0   0   0   0   0   0   0   0   0   0   0   0   0   0   0   0   0   0   0   0   0   0   0   0   0   0   0   0   0   0   0   0   0   0   0   0   0   0   0   0   0   0   0   0   0  
 0   0   0   0   0   0   0   0   0   0   0   0   0   0   0   0   0   0   0   4  30   0  30   0   0   0   0   0   0   0   0   0   0   0   0   0   0   0   0   0   0   0   0   0   0   0   0   0   0   0   0   0   0   0   0   0   0   0   0   0   0   0   0   0   0   0   0   0   0   0   0   0   0   0   0   0   0   0   0   0   0  
 0   0   0   0   0   0   0   0   0   0   0   0   0   0   0   0   0   0   0   0   0   0   0   0   0  26   0   0   0   0   0   0   0   0   0   0   0   0   0   0   0   0   0   0   0   0   0   0   0   0   0  25   0   0   0   0   0   0   0   0   0   0   0   0   0   0   0   0   0   0   0   0   0   0   0   0   0   0   0   0   0  
 0   0   0   0   0   0   0   0   0   0   0   0   0   0   0   0   0   0   0   0   0   0   0   0  21   0   0   0   0   0   0   0   0   0   0   0   0   0   0   0   0   0   0   0   0   0   0   0   0   0   0  10   0   0   0   0   0   0   0   0   0   0   0   0   0   0   0   0   0   0   0   0   0   0   0   0   0   0   0   0   0  
 0   0   0   0   0   0   0   0   0   0   0   0   0   0   0   0   0   0   0   0   0   0   0   0   0   0   0   0   0   0   0   0   0   0   0   0   0   0   0   0   0   0   0   0   0   0   0   0   0   0   0   0   0   0   0   0   0   0   0   0   0   0   0   0   0   0   0   0   0   0   0   0   0   0   0   0   0   0   0   0   0  
30   0   0   0   0   0   0   0   0   0   0   0   0   0   0   0   0   0   0   0   0   0   0   0   0   0   0   0   6   0   6   0   0   0   0   0   0   0   0   0   0   0   0   0   0   0   0   0   0   0   0   0   0   0  25   3   0   5   0   0   0   0   0   7   0   0   0   0   0   0   0   0   0   0   0   0   0   0   0   0   0  
10   0   0   0   0   0   0   0   0   0   0   0   0   0   0   0   0   0   0   0   0   0   0   0   0   0   0  10   0   0  10   0   0   0   0   0   0   0   0   0   0   0   0   0   0   0   0   0   0   0   0   0   0   0   9  21   0   3   0   0   0   0   0  10   0   0   0   0   0   0   0   0   0   0   0   0   0   0   0   0   0  
 0   0   0   0   0   0   0   0   0   0   0   0   0   0   0   0   0   0   0   0   0   0   0   0   0   0   0   0   0   0   0   0   0   0   0   0   0   0  30   0   0   0   0   0   0   0   0   0   0   0   0   0   0   0   0   0  27   0   0   0   0   0   0   0   0   8   0   0   0   0   0   0   0   0   0   0   0   0   0   0   0  
 5   0   0   0   0   0   0   0   0   0   0   0   0   0   0   0   0   0   0   0   0   0   0   0   0   0   0   8   9   0   0   0   0   0   0   0   0   0   0   0   0   0   0   0   0   0   0   0   0   0   0   0   0   0   1   5   0  21   0   0   0   0   0   9   0   0   0   0   0   0   0   0   0   0   0   0   0   0   0   0   0  
 0   0   0   0   0   0  10   0   0   0   0   0   0   0   0   3   0   0   0   0   0   0   0   0   0   0   0   0   0   0   0   0   0   6  21   0   0   0   0   0   0   0  10   2   4   0   0   0   0   0   0   0   0   0   0   0   0   0   0   0   0   0   0   0   0   0   0   0   0   0   0   0   0   0   0   0   0   0   0   0   0  
 0   0   0   0   0   0   0   0   0   0   0   0   0   0   0   0   0   0   0   0   0   0   0   0   0   0   0   0   0   0   0   0   0   0   0   0   0   0   0   0   0   0   0   0   0   0   0   0   0   0   0   0   0   0   0   0   0   0   0  21   0   0   0   0   0   0   0   0   0   0   0   0   0   0   0   0   0   0   0   0   0  
 0   0   0   0   0   0  28   0   0   0   0   0   0   0   0   8   0   0   0   0   0   0   0   0   0   0   0   0   0   0   0   7   0   0   3   0   0   0   0   0   0   0  10   5   1   0   0   0   0   0   0   0   0   0   0   0   0   0   0   0   0   0   0   0   0   0   0   0   0   0   0   0   0   0   0   0   0   0   0   0   0  
 0   0   0   0   0   0   8   0   0   0   0   0   0   0   0   6   0   0   0   0   0   0   0   0   0   0   0   0   0   0   0  26   0   8   0   0   0   0   0   0   0   0   7  24   7   0   0   0   0   0   0   0   0   0   0   0   0   0   0   0   0   0   0   0   0   0   0   0   0   0   0   0   0   0   0   0   0   0   0   0   0  
 0   0   0   0   5   5   0   2  25   0   0   0   0   0   0   0   0   0   0   0   0   0   0   0   0   0   0   0   0   0   0   0   0   0   0   0   0   0   0   0   0   0   0   0   0   0   0   0   0   0   0   0   0   0   0   0   0   0   0   0   0   0   0   0   0   0   0   0   0   0   0   0   0   0   0   0   0   0   0   0   0  
 0   0   0   0   0   0   0   0   0   0   0   0   0   0   0   0   0   0   0   0   0   0   0   0   0   0   0   0   0   0   0   0   0   0   0   0   0  22   0   0   2   0   0   0   0   0   0   0   0   0   0   0   0   0   0   0   0   0   0   0   0   0   0   0   9   0   0   0   0   0   0   0   0   0   0   0   0   0   0   0   0  
 0   0   0   0   0   0   0   0   0   0   0   0   0   0   0   0   0   0   0   0   0   0   0   0   0   0   0   0   0   0   0   0   0   0   0   0  21   0   0   0  23   0   0   0   0   0   0   0   0   0   0   0   0   0   0   0   0   0   0   0   0   0   0   0  25   0   0   0   0   0   0   0   0   0   0   0   0   0   0   0   0  
 0   0   0   0   0   0   0   0   0   0   0   0   0   0   0   0   0   0   0   0   0   0   0   0   0   0   0   0   0  25   0   0   0   0   0   0   0   0   0   0   0   0   0   0   0   0   0   0   0   0   0   0   0   0   0   0   2   0   0   0   0   0   0   0   0  24   0   0   0   0   0   0   0   0   0   0   0   0   0   0   0  
 0   0   0   2   0   0   0   0   0   0   0   0  23   0   0   0   0   0   2   0   0   4   0   0   0   0   0   0   0   0   0   0   0   0   0   0   0   0   0   0   0   0   0   0   0   0   0   0   0   0   0   0   0   0   0   0   0   0   0   0   0   0   0   0   0   0   0   0   0   0   0   0   0   0   0   0   0   0   0   0   0  
 0   0   0   0   0   0   0   0   0   0   0   0   0   0   0   0   0   0   0   0   0   0   0   0   0   0   0   0   0   0   0   0   0   0   0   0   4  23   0   0   0   0   0   0   0   0   0   0   0   0   0   0   0   0   0   0   0   0   0   0   0   0   0   0   7   0   0   0   0   0   0   0   0   0   0   0   0   0   0   0   0  
 0   0   0   0   0   0   0   0   0   0   0   0   0   0   0   0   0   0   0   0   0   0   0   0   0   0   0   0   0   0   0   0   0   0   0   0   0   0   0   0   0   0   0   0   0   0   2   7   0   0  22   0   0   0   0   0   0   0   0   0   0   0   0   0   0   0   0   0   0   0   0   0   0   1   5   0   0   0   0   0   0  
 0   0   0   0   0   0   3   0   0   0   0   0   0   0   0  25   0   0   0   0   0   0   0   0   0   0   0   0   0   0   0   7   0   3   3   0   0   0   0   0   0   0   0  22  10   0   0   0   0   0   0   0   0   0   0   0   0   0   0   0   0   0   0   0   0   0   0   0   0   0   0   0   0   0   0   0   0   0   0   0   0  
 0   0   0   0   0   0   3   0   0   0   0   0   0   0   0   6   0   0   0   0   0   0   0   0   0   0   0   0   0   0   0   5   0   3  22   0   0   0   0   0   0   0  26   0  29   0   0   0   0   0   0   0   0   0   0   0   0   0   0   0   0   0   0   0   0   0   0   0   0   0   0   0   0   0   0   0   0   0   0   0   0  
 0   0   0   0   0   0   2   0   0   0   0   0   0   0   0   6   0   0   0   0   0   0   0   0   0   0   0   0   0   0   0   1   0   7   6   0   0   0   0   0   0   0  10  26   0   0   0   0   0   0   0   0   0   0   0   0   0   0   0   0   0   0   0   0   0   0   0   0   0   0   0   0   0   0   0   0   0   0   0   0   0  
 0   0   0   0   0   0   0   0   0   0   0   0   0   0   0   0   0   0   0   0   0   0   0   0   0   0   0   0   0   0   0   0   0   0   0   0   0   0   0   0   0   0   0   0   0   0   0   0  22   0   0   0   0   0   0   0   0   0   0   0   0   0   0   0   0   0   0   0   0   0   0   0  28   0   0   0   0   0   0   0   0  
 0   0   0   0   0   0   0   0   0   0   0   0   0   0   0   0   0   0   0   0   0   0   0   0   0   0   0   0   0   0   0   0   0   0   0   0   0   0   0   0   0   4   0   0   0   0   0   8   0   0   6   0   0   0   0   0   0   0   0   0   0   0   0   0   0   0   0   0   0   0   0   0   0  25   5   0   0   0   0   0   0  
 0   0   0   0   0   0   0   0   0   0   0   0   0   0   0   0   0   0   0   0   0   0   0   0   0   0   0   0   0   0   0   0   0   0   0   0   0   0   0   0   0   4   0   0   0   0   7   0   0   0  29   0   0   0   0   0   0   0   0   0   0   0   0   0   0   0   0   0   0   0   0   0   0   5  26   0   0   0   0   0   0  
 0   0   0   0   0   0   0   0   0   0   0   0   0   0   0   0   0   0   0   0   0   0   0   0   0   0   0   0   0   0   0   0   0   0   0   0   0   0   0   0   0   0   0   0   0  22   0   0   0   0   0   0   0   0   0   0   0   0   0   0   0   0   0   0   0   0   0   0   0   0   0   0   7   0   0   0   0   0   0   0   0  
 0   0   0   0   0   0   0   0   0   0   0   0   0   0   0   0   0   0   0   0   0   0   0   0   0   0   0   0   0   0   0   0   0   0   0   0   0   0   0   0   0   0   0   0   0   0   0   0   0   0   0   0   0   0   0   0   0   0   0   0   0   0   0   0   0   0   0   0   0   0   0   0   0   0   0   0   0   0   0   0   0  
 0   0   0   0   0   0   0   0   0   0   0   0   0   0   0   0   0   0   0   0   0   0   0   0   0   0   0   0   0   0   0   0   0   0   0   0   0   0   0   0   0  27   0   0   0   0   4  25   0   0   0   0   0   0   0   0   0   0   0   0   0   0   0   0   0   0   0   0   0   0   0   0   0   5   5   0   0   0   0   0   0  
 0   0   0   0   0   0   0   0   0   0   0   0   0   0   0   0   0   0   0   0   0   0   0   0  26  10   0   0   0   0   0   0   0   0   0   0   0   0   0   0   0   0   0   0   0   0   0   0   0   0   0   0   0   0   0   0   0   0   0   0   0   0   0   0   0   0   0   0   0   0   0   0   0   0   0   0   0   0   0   0   0  
 0   0   0   0   0   0   0   0   0   0   0   0   0   0   0   0   0   0   0   0   0   0   0   0   0   0   0   0   0   0   0   0   0   0   0   0   0   0   0   0   0   0   0   0   0   0   0   0   0   0   0   0   0  26   0   0   0   0   0   0   0   0   0   0   0   0   0   0   0   0   0   0   0   0   0   0   0   0   0   0   0  
 0   0   0   0   0   0   0   0   0   0   0   0   0   0   0   0   0   0   0   0   0   0   0   0   0   0   0   0   0   0   0   0   0   0   0   0   0   0   0   0   0   0   0   0   0   0   0   0   0   0   0   0  30   0   0   0   0   0   0   0   0   0   0   0   0   0   0   0   0   0   0   0   0   0   0   0   0   0   0   0   0  
 8   0   0   0   0   0   0   0   0   0   0   0   0   0   0   0   0   0   0   0   0   0   0   0   0   0   0  27   6   0   4   0   0   0   0   0   0   0   0   0   0   0   0   0   0   0   0   0   0   0   0   0   0   0   0  29   0  22   0   0   0   0   0  30   0   0   0   0   0   0   0   0   0   0   0   0   0   0   0   0   0  
10   0   0   0   0   0   0   0   0   0   0   0   0   0   0   0   0   0   0   0   0   0   0   0   0   0   0   6  29   0   1   0   0   0   0   0   0   0   0   0   0   0   0   0   0   0   0   0   0   0   0   0   0   0  29   0   0   6   0   0   0   0   0   6   0   0   0   0   0   0   0   0   0   0   0   0   0   0   0   0   0  
 0   0   0   0   0   0   0   0   0   0   0   0   0   0   0   0   0   0   0   0   0   0   0   0   0   0   0   0   0  29   0   0   0   0   0   0   0   0   4   0   0   0   0   0   0   0   0   0   0   0   0   0   0   0   0   0   0   0   0   0   0   0   0   0   0   2   0   0   0   0   0   0   0   0   0   0   0   0   0   0   0  
 8   0   0   0   0   0   0   0   0   0   0   0   0   0   0   0   0   0   0   0   0   0   0   0   0   0   0   3   6   0  22   0   0   0   0   0   0   0   0   0   0   0   0   0   0   0   0   0   0   0   0   0   0   0  23  10   0   0   0   0   0   0   0   4   0   0   0   0   0   0   0   0   0   0   0   0   0   0   0   0   0  
 0   0   0   0   0   0   0   0   0   0   0   0   0   0   0   0   0   0   0   0   0   0   0   0   0   0   0   0   0   0   0   0   0   0   0   0   0   0   0   0   0   0   0   0   0   0   0   0   0   0   0   0   0   0   0   0   0   0   0   0   0   0   0   0   0   0   8  30   0   0   1   0   0   0   0   4   8   0   0   0   0  
 0   0   0   0   0   0   0   0   0   0   0   0   0   0   0   0   0   0   0   0   0   0   0   0   0   0   0   0   0   0   0   0  29   0   0   0   0   0   0   0   0   0   0   0   0   0   0   0   0   0   0   0   0   0   0   0   0   0   0   0   0   0   0   0   0   0   0   0   0   0   0   0   0   0   0   0   0   0   0   0   0  
 0   0   0   0   0   0   0   0   0   0   0   0   0   0   0   0   0   0   0   0   0   0   0   0   0   0   0   0   0   0   0   0   0   0   0   0   0   0   0   0   0   0   0   0   0   0   0   0   0   0   0   0   0   0   0   0   0   0   0   0   0  28  10   0   0   0   0   0   0   0   0   0   0   0   0   0   0   0   0   0   0  
 0   0   0   0   0   0   0   0   0   0   0   0   0   0   0   0   0   0   0   0   0   0   0   0   0   0   0   0   0   0   0   0   0   0   0   0   0   0   0   0   0   0   0   0   0   0   0   0   0   0   0   0   0   0   0   0   0   0   0   0  27   0  27   0   0   0   0   0   0   0   0   0   0   0   0   0   0   0   0   0   0  
 0   0   0   0   0   0   0   0   0   0   0   0   0   0   0   0   0   0   0   0   0   0   0   0   0   0   0   0   0   0   0   0   0   0   0   0   0   0   0   0   0   0   0   0   0   0   0   0   0   0   0   0   0   0   0   0   0   0   0   0   3  25   0   0   0   0   0   0   0   0   0   0   0   0   0   0   0   0   0   0   0  
10   0   0   0   0   0   0   0   0   0   0   0   0   0   0   0   0   0   0   0   0   0   0   0   0   0   0   5   2   0  10   0   0   0   0   0   0   0   0   0   0   0   0   0   0   0   0   0   0   0   0   0   0   0  27   5   0   9   0   0   0   0   0   0   0   0   0   0   0   0   0   0   0   0   0   0   0   0   0   0   0  
 0   0   0   0   0   0   0   0   0   0   0   0   0   0   0   0   0   0   0   0   0   0   0   0   0   0   0   0   0   0   0   0   0   0   0   0   2  21   0   0   7   0   0   0   0   0   0   0   0   0   0   0   0   0   0   0   0   0   0   0   0   0   0   0   0   0   0   0   0   0   0   0   0   0   0   0   0   0   0   0   0  
 0   0   0   0   0   0   0   0   0   0   0   0   0   0   0   0   0   0   0   0   0   0   0   0   0   0   0   0   0   3   0   0   0   0   0   0   0   0  25   0   0   0   0   0   0   0   0   0   0   0   0   0   0   0   0   0   8   0   0   0   0   0   0   0   0   0   0   0   0   0   0   0   0   0   0   0   0   0   0   0   0  
 0   0   0   0   0   0   0   0   0   0   0   0   0   0   0   0   0   0   0   0   0   0   0   0   0   0   0   0   0   0   0   0   0   0   0   0   0   0   0   0   0   0   0   0   0   0   0   0   0   0   0   0   0   0   0   0   0   0   3   0   0   0   0   0   0   0   0  10   0   0   2   0   0   0   0  25   1   0   0   0   0  
 0   0   0   0   0   0   0   0   0   0   0   0   0   0   0   0   0   0   0   0   0   0   0   0   0   0   0   0   0   0   0   0   0   0   0   0   0   0   0   0   0   0   0   0   0   0   0   0   0   0   0   0   0   0   0   0   0   0  23   0   0   0   0   0   0   0   8   0   0   0  21   0   0   0   0   7  23   0   0   0   0  
 0   0   0   0   0   0   0   0   0   0   0   0   0   0   0   0   0   0   0   0   0   0   0   0   0   0   0   0   0   0   0   0   0   0   0   0   0   0   0   0   0   0   0   0   0   0   0   0   0   0   0   0   0   0   0   0   0   0   0   0   0   0   0   0   0   0   0   0   0   0   0   0   0   0   0   0   0  26   0   0   0  
 0   0   0   0   0   0   0   0   0   0   0   0   0   0   0   0   0   0   0   0   0   0   0   0   0   0   0   0   0   0   0   0   0   0   0   0   0   0   0   0   0   0   0   0   0   0   0   0   0   0   0   0   0   0   0   0   0   0   0   0   0   0   0   0   0   0   0   0   0   0   0   0   0   0   0   0   0   0  22   6   0  
 0   0   0   0   0   0   0   0   0   0   0   0   0   0   0   0   0   0   0   0   0   0   0   0   0   0   0   0   0   0   0   0   0   0   0   0   0   0   0   0   0   0   0   0   0   0   0   0   0   0   0   0   0   0   0   0   0   0   9   0   0   0   0   0   0   0   7  21   0   0   0   0   0   0   0   3  10   0   0   0   0  
 0   0   0   0   0   0   0   0   0   0   0   0   0   0   0   0   0   0   0   0   0   0   0   0   0   0   0   0   0   0   0   0   0   0   0   0   0   0   0   0   0   0   0   0   0   0   0   0   0   0   0   0   0   0   0   0   0   0   0   0   0   0   0   0   0   0   0   0   0   0   0   0   0   0   0   0   0   0   0   0  23  
 0   0   0   0   0   0   0   0   0   0   0   0   0   0   0   0   0   0   0   0   0   0   0   0   0   0   0   0   0   0   0   0   0   0   0   0   0   0   0   0   0   0   0   0   0  25   0   0   8   0   0   0   0   0   0   0   0   0   0   0   0   0   0   0   0   0   0   0   0   0   0   0   0   0   0   0   0   0   0   0   0  
 0   0   0   0   0   0   0   0   0   0   0   0   0   0   0   0   0   0   0   0   0   0   0   0   0   0   0   0   0   0   0   0   0   0   0   0   0   0   0   0   0  10   0   0   0   0  22   7   0   0  10   0   0   0   0   0   0   0   0   0   0   0   0   0   0   0   0   0   0   0   0   0   0   0  23   0   0   0   0   0   0  
 0   0   0   0   0   0   0   0   0   0   0   0   0   0   0   0   0   0   0   0   0   0   0   0   0   0   0   0   0   0   0   0   0   0   0   0   0   0   0   0   0  10   0   0   0   0   5  28   0   0   1   0   0   0   0   0   0   0   0   0   0   0   0   0   0   0   0   0   0   0   0   0   0  27   0   0   0   0   0   0   0  
 0   0   0   0   0   0   0   0   0   0   0   0   0   0   0   0   0   0   0   0   0   0   0   0   0   0   0   0   0   0   0   0   0   0   0   0   0   0   0   0   0   0   0   0   0   0   0   0   0   0   0   0   0   0   0   0   0   0   9   0   0   0   0   0   0   0  23   5   0   0   3   0   0   0   0   0  27   0   0   0   0  
 0   0   0   0   0   0   0   0   0   0   0   0   0   0   0   0   0   0   0   0   0   0   0   0   0   0   0   0   0   0   0   0   0   0   0   0   0   0   0   0   0   0   0   0   0   0   0   0   0   0   0   0   0   0   0   0   0   0   3   0   0   0   0   0   0   0   4  24   0   0   6   0   0   0   0  29   0   0   0   0   0  
 0   0   0   0   0   0   0   0   0   0   0   0   0   0   0   0   0   0   0   0   0   0   0   0   0   0   0   0   0   0   0   0   0   0   0   0   0   0   0   0   0   0   0   0   0   0   0   0   0   0   0   0   0   0   0   0   0   0   0   0   0   0   0   0   0   0   0   0  21   0   0   0   0   0   0   0   0   0   0   0   0  
 0   0   0   0   0   0   0   0   0   0   0   0   0   0   0   0   0   0   0   0   0   0   0   0   0   0   0   0   0   0   0   0   0   0   0   0   0   0   0   0   0   0   0   0   0   0   0   0   0   0   0   0   0   0   0   0   0   0   0   0   0   0   0   0   0   0   0   0   0  24   0   0   0   0   0   0   0   0   0  25   0  
 0   0   0   0   0   0   0   0   0   0   0   0   0   0   0   0   0   0   0   0   0   0   0   0   0   0   0   0   0   0   0   0   0   0   0   0   0   0   0   0   0   0   0   0   0   0   0   0   0   0   0   0   0   0   0   0   0   0   0   0   0   0   0   0   0   0   0   0   0   6   0   0   0   0   0   0   0   0  25   0   0  
 0   0   0   0   0   0   0   0   0   0   0   0   0   0   0   0   0   0   0   0   0   0   0   0   0   0   0   0   0   0   0   0   0   0   0   0   0   0   0   0   0   0   0   0   0   0   0   0   0   0   0   0   0   0   0   0   0   0   0   0   0   0   0   0   0   0   0   0   0   0   0  22   0   0   0   0   0   0   0   0   0  
