80

  0   10   24   47   35   22  132  151  100  101   81  179  191  190  206  192  200  232  266  260   92   91  133  311  310   60   63   51   53   68   49   82  100   76   82  104   90  130  126  135  138  154  159  210  229  191  212  202  150  141  148  114  114  128  121  116   82   69   96   83  293  251  255  247  281  264  283   14   20   22   21  119  118   87  128  111   95  254  244  259  
 10    0   19   38   31   27  127  142  108  110   90  183  193  192  197  182  191  223  257  251   83   82  124  308  308   51   56   44   44   60   41   81   96   73   78  102   84  128  123  134  135  144  150  202  221  183  204  194  143  135  139  120  121  134  128  123   75   62   89   75  290  246  249  241  272  255  274   23   29   19   30  113  110   80  120  103   86  253  242  258  
 24   19    0   42   46   26  139  129  125  125  105  201  211  210  196  180  190  222  255  250   81   81  123  322  323   50   66   53   49   64   49   98  108   88   92  118   95  144  138  150  150  141  147  205  223  183  204  197  126  116  127  138  138  152  146  141   82   68   98   77  305  255  259  249  272  253  274   35   43   36   44   95   94   63  104   87   72  269  257  274  
 47   38   42    0   29   63  100  117  130  136  118  184  188  188  160  145  153  185  219  213   46   45   87  284  286   17   26   16    8   23    9   72   71   56   57   85   55  111  103  120  114  108  113  165  184  145  166  157  133  132  114  139  141  149  147  140   40   27   57   37  268  214  218  207  234  217  236   60   64   32   65  108   97   73  107   91   70  235  221  241  
 35   31   46   29    0   56   97  146  101  107   91  159  166  165  181  169  174  206  241  234   73   71  111  277  277   46   32   23   30   43   25   51   65   42   48   71   56   98   92  104  105  133  137  180  200  164  186  171  159  156  143  110  111  120  117  111   51   41   63   59  260  217  220  213  254  239  255   45   44   13   45  132  124   97  134  117   98  222  211  228  
 22   27   26   63   56    0  154  154  109  107   85  197  209  208  221  205  215  247  280  275  106  105  148  333  332   74   83   71   70   86   68  103  122   98  104  126  111  152  147  156  160  167  173  228  247  208  228  220  145  132  152  124  124  141  132  127  101   88  116  100  315  273  276  267  297  278  299   19   28   44   28  112  115   84  125  109   96  276  266  280  
132  127  139  100   97  154    0  172  153  168  162  138  128  128  131  133  124  153  185  175   94   92   97  184  188  103   74   86   92   81   91   66   32   59   51   41   45   41   31   55   27  114  114  109  131  111  130  100  213  221  170  151  155  148  156  149   62   74   45   79  169  120  123  118  188  183  188  141  139  110  140  198  179  164  186  174  153  141  125  149  
151  142  129  117  146  154  172    0  246  250  231  292  291  291  122   98  120  140  165  166   83   85   79  338  349  100  129  128  117  112  122  181  159  162  157  183  141  203  192  216  196   74   79  157  163  123  134  153   62   86    3  256  257  265  263  257  123  119  134  102  329  243  249  230  190  164  195  163  171  146  171   75   51   76   47   55   58  310  291  318  
100  108  125  130  101  109  153  246    0   17   30  108  130  128  270  263  263  295  329  321  172  170  207  290  281  147  126  121  131  141  125   89  129  105  114  112  135  124  128  117  141  229  233  259  281  252  273  250  250  240  243   17   15   37   24   22  141  137  144  156  268  265  265  267  338  327  338   92   82  100   82  219  218  187  228  211  194  221  219  221  
101  110  125  136  107  107  168  250   17    0   22  122  146  144  281  273  274  306  341  332  180  178  216  307  297  153  134  129  138  149  132  103  142  117  126  126  146  140  143  134  157  238  243  272  294  263  284  263  251  239  247   31   27   50   35   36  151  145  155  164  285  281  281  282  350  339  350   91   82  104   82  219  219  188  229  212  196  238  236  238  
 81   90  105  118   91   85  162  231   30   22    0  136  157  156  269  259  262  294  329  321  164  162  202  312  304  135  120  113  121  133  116   96  134  107  117  122  135  138  140  134  154  223  228  263  284  251  273  254  229  217  228   47   45   67   53   51  138  131  144  149  291  279  280  279  340  327  340   70   61   86   61  198  198  167  209  192  176  245  241  246  
179  183  201  184  159  197  138  292  108  122  136    0   28   26  269  271  262  289  320  309  209  207  228  201  185  198  164  169  180  181  175  112  136  131  135  111  152   97  108   83  112  248  250  241  263  248  267  234  317  314  290   92   95   72   88   87  169  174  161  190  177  209  207  217  319  318  317  178  169  166  169  291  281  255  291  274  254  128  133  125  
191  193  211  188  166  209  128  291  130  146  157   28    0    2  256  261  249  275  304  292  208  206  222  173  157  201  166  173  184  182  180  116  132  133  135  108  150   89  100   76  101  241  242  225  246  236  253  218  320  321  288  115  119   97  113  110  168  175  157  189  149  185  182  194  301  303  299  191  183  175  183  297  284  261  294  278  257  100  105   97  
190  192  210  188  165  208  128  291  128  144  156   26    2    0  257  261  250  276  305  294  207  205  222  175  160  200  166  172  183  182  179  116  132  132  135  108  150   89  100   76  102  241  242  226  247  236  254  219  320  320  288  113  117   95  111  108  168  174  157  189  151  187  184  196  303  304  301  190  181  174  182  296  284  260  293  278  257  102  107   99  
206  197  196  160  181  221  131  122  270  281  269  269  256  257    0   25    7   26   60   54  115  116   74  241  259  147  149  158  154  139  158  182  144  165  156  167  136  172  162  186  156   58   51   44   42   20   12   45  184  206  122  273  276  274  279  272  131  140  126  123  239  138  145  122   76   58   79  220  223  189  224  190  164  174  165  165  154  235  214  245  
192  182  180  145  169  205  133   98  263  273  259  271  261  261   25    0   24   45   76   73   99  101   58  260  276  131  139  146  140  126  145  177  141  159  150  165  130  174  163  188  160   39   33   65   66   33   37   64  159  182   98  267  270  269  273  266  122  128  120  110  256  158  165  143   97   74  100  205  209  176  210  167  141  152  141  142  132  248  228  259  
200  191  190  153  174  215  124  120  263  274  262  262  249  250    7   24    0   32   67   60  109  110   68  238  255  141  143  152  147  132  151  175  137  158  149  159  129  165  155  179  149   53   47   41   43   14   14   41  182  203  120  266  269  267  272  265  124  133  119  117  235  135  142  119   82   65   84  213  216  183  217  187  161  169  162  161  149  230  209  240  
232  223  222  185  206  247  153  140  295  306  294  289  275  276   26   45   32    0   35   29  140  141   99  245  264  172  175  184  179  164  184  207  168  190  181  190  160  193  183  207  177   82   76   52   38   43   23   57  202  225  141  297  300  297  303  296  156  165  151  149  245  141  148  124   52   33   56  245  248  215  249  211  185  197  185  186  176  246  224  256  
266  257  255  219  241  280  185  165  329  341  329  320  304  305   60   76   67   35    0   13  174  175  133  257  279  206  209  218  214  199  218  241  202  224  215  223  195  225  216  238  208  114  108   79   59   78   56   86  226  251  166  331  334  331  337  330  191  200  185  183  260  155  162  138   28    2   34  279  283  249  284  238  213  227  212  215  207  267  246  278  
260  251  250  213  234  275  175  166  321  332  321  309  292  294   54   73   60   29   13    0  169  170  128  245  267  201  202  211  208  192  212  232  192  215  206  213  186  214  205  228  197  111  104   67   46   70   48   75  228  252  167  322  325  321  327  321  183  193  177  177  248  143  149  126   24   12   29  273  276  243  277  238  213  225  212  214  205  254  233  265  
 92   83   81   46   73  106   94   83  172  180  164  209  208  207  115   99  109  140  174  169    0    2   42  273  280   32   48   51   42   31   48   99   76   79   74   99   58  121  110  133  116   61   67  126  143  102  122  119  120  129   81  179  181  186  187  180   39   37   52   19  260  190  195  181  191  172  193  106  110   78  111  106   85   75   93   81   61  234  218  242  
 91   82   81   45   71  105   92   85  170  178  162  207  206  205  116  101  110  141  175  170    2    0   43  272  279   31   46   49   41   29   46   96   74   77   72   97   56  119  109  131  114   63   68  127  143  103  123  119  121  130   83  178  180  184  185  178   38   35   50   16  259  190  195  180  191  173  194  105  109   77  110  107   87   76   94   82   62  233  216  241  
133  124  123   87  111  148   97   79  207  216  202  228  222  222   74   58   68   99  133  128   42   43    0  259  270   74   82   88   82   68   87  125   93  106   98  118   78  133  122  147  123   22   26   90  104   62   82   84  133  149   78  212  215  217  219  212   66   71   69   52  250  167  173  155  150  131  152  147  151  118  152  129  104  105  108  102   87  231  212  240  
311  308  322  284  277  333  184  338  290  307  312  201  173  175  241  260  238  245  257  245  273  272  259    0   28  287  258  269  276  265  275  231  214  235  230  207  229  182  185  181  173  266  262  197  206  227  231  197  390  402  337  279  283  264  279  275  246  259  229  261   24  104   97  121  239  257  234  318  313  290  314  379  357  347  364  354  334   73   71   78  
310  308  323  286  277  332  188  349  281  297  304  185  157  160  259  276  255  264  279  267  280  279  270   28    0  291  260  271  279  270  278  229  216  235  231  206  232  180  185  177  173  279  276  215  226  243  249  213  398  409  348  268  272  252  267  264  250  262  233  267   20  124  117  141  262  278  258  316  310  289  311  385  365  352  372  361  340   60   66   61  
 60   51   50   17   46   74  103  100  147  153  135  198  201  200  147  131  141  172  206  201   32   31   74  287  291    0   34   29   17   21   23   85   77   68   67   95   59  120  111  130  120   93   99  156  174  134  154  148  120  122   97  156  158  165  163  157   41   29   58   29  272  212  216  204  223  204  225   74   79   49   80   98   84   63   93   78   56  241  226  248  
 63   56   66   26   32   83   74  129  126  134  120  164  166  166  149  139  143  175  209  202   48   46   82  258  260   34    0   12   19   17   18   52   44   34   32   61   29   86   78   96   87  104  108  148  168  133  154  140  154  156  126  132  134  139  139  132   19   11   33   31  242  190  194  184  222  207  223   75   76   42   77  132  118   97  127  112   91  209  195  215  
 51   44   53   16   23   71   86  128  121  129  113  169  173  172  158  146  152  184  218  211   51   49   88  269  271   29   12    0   12   20    7   57   56   40   41   69   41   95   88  104   98  110  115  159  179  142  164  151  148  148  125  129  131  137  137  130   31   19   45   36  253  202  206  197  232  216  233   64   65   31   66  124  112   89  122  106   85  219  206  225  
 53   44   49    8   30   70   92  117  131  138  121  180  184  183  154  140  147  179  214  208   42   41   82  276  279   17   19   12    0   16    6   68   64   51   51   79   48  105   97  114  107  103  108  158  177  139  160  150  137  137  114  140  141  148  147  140   33   19   49   31  261  206  210  200  228  212  230   66   69   36   70  113  101   78  110   95   73  228  214  234  
 68   60   64   23   43   86   81  112  141  149  133  181  182  182  139  126  132  164  199  192   31   29   68  265  270   21   17   20   16    0   19   69   56   50   47   75   38   99   90  110   99   90   95  142  161  123  145  134  139  143  109  148  150  155  155  149   20    8   37   16  251  192  197  185  213  197  215   81   84   50   85  119  103   84  112   97   76  220  205  227  
 49   41   49    9   25   68   91  122  125  132  116  175  180  179  158  145  151  184  218  212   48   46   87  275  278   23   18    7    6   19    0   64   62   47   48   76   47  102   94  111  105  108  113  161  180  143  164  152  141  141  120  134  136  143  141  135   34   21   49   35  259  207  211  201  232  216  234   62   65   31   66  117  105   82  115   99   78  226  212  232  
 82   81   98   72   51  103   66  181   89  103   96  112  116  116  182  177  175  207  241  232   99   96  125  231  229   85   52   57   68   69   64    0   39   20   27   27   48   50   48   53   61  147  150  170  191  163  184  161  205  204  178   91   94   92   96   89   60   62   57   80  213  184  186  183  248  239  248   87   81   62   82  181  169  145  179  163  142  173  163  177  
100   96  108   71   65  122   32  159  129  142  134  136  132  132  144  141  137  168  202  192   76   74   93  214  216   77   44   56   64   56   62   39    0   27   19   25   19   45   35   57   43  114  116  130  152  124  145  121  193  198  157  130  133  130  135  128   38   48   25   59  197  152  155  149  209  200  209  109  107   78  108  174  158  139  166  152  131  164  150  171  
 76   73   88   56   42   98   59  162  105  117  107  131  133  132  165  159  158  190  224  215   79   77  106  235  235   68   34   40   51   50   47   20   27    0   10   30   30   56   50   64   63  128  131  155  177  146  168  146  188  189  159  108  111  111  114  107   41   43   39   60  218  179  182  176  233  222  233   84   80   54   82  165  151  129  161  146  124  181  169  186  
 82   78   92   57   48  104   51  157  114  126  117  135  135  135  156  150  149  181  215  206   74   72   98  230  231   67   32   41   51   47   48   27   19   10    0   28   21   54   46   63   58  120  123  146  167  137  159  137  186  188  155  117  120  119  123  116   35   40   30   55  213  171  174  168  224  213  224   91   88   60   89  164  150  129  159  144  123  178  165  184  
104  102  118   85   71  126   41  183  112  126  122  111  108  108  167  165  159  190  223  213   99   97  118  207  206   95   61   69   79   75   76   27   25   30   28    0   42   26   21   35   35  138  140  149  171  147  167  140  214  217  180  110  114  108  115  108   60   67   50   81  189  157  159  157  228  221  228  111  107   84  108  193  178  157  187  172  151  151  140  157  
 90   84   95   55   56  111   45  141  135  146  135  152  150  150  136  130  129  160  195  186   58   56   78  229  232   59   29   41   48   38   47   48   19   30   21   42    0   63   54   75   61   99  102  128  149  117  138  119  175  180  138  138  140  140  144  137   19   30   10   40  214  161  165  157  204  193  205  101  100   68  101  156  139  121  148  134  112  182  168  189  
130  128  144  111   98  152   41  203  124  140  138   97   89   89  172  174  165  193  225  214  121  119  133  182  180  120   86   95  105   99  102   50   45   56   54   26   63    0   11   14   18  152  153  148  170  152  171  140  238  242  201  119  123  112  122  116   83   92   69  103  163  141  142  143  227  223  226  136  131  110  132  218  202  182  211  197  175  125  114  130  
126  123  138  103   92  147   31  192  128  143  140  108  100  100  162  163  155  183  216  205  110  109  122  185  185  111   78   88   97   90   94   48   35   50   46   21   54   11    0   25   14  141  142  139  161  141  161  131  228  233  190  124  128  119  128  122   73   82   59   93  168  138  139  139  219  214  218  132  128  104  129  209  192  174  201  187  166  131  119  137  
135  134  150  120  104  156   55  216  117  134  134   83   76   76  186  188  179  207  238  228  133  131  147  181  177  130   96  104  114  110  111   53   57   64   63   35   75   14   25    0   30  166  167  161  183  165  184  153  249  252  213  111  115  102  113  107   94  102   82  115  161  148  148  151  240  237  239  139  133  115  134  228  213  192  222  207  186  120  111  124  
138  135  150  114  105  160   27  196  141  157  154  112  101  102  156  160  149  177  208  197  116  114  123  173  173  120   87   98  107   99  105   61   43   63   58   35   61   18   14   30    0  141  141  131  153  136  154  123  235  241  194  137  140  130  140  134   80   91   65  100  155  124  126  126  210  207  209  146  141  117  143  217  200  182  208  195  173  121  108  128  
154  144  141  108  133  167  114   74  229  238  223  248  241  241   58   39   53   82  114  111   61   63   22  266  279   93  104  110  103   90  108  147  114  128  120  138   99  152  141  166  141    0    7   84   94   52   68   79  133  152   73  235  237  239  241  234   88   93   90   74  258  169  176  156  134  113  137  167  172  139  173  134  109  116  111  108   96  243  224  253  
159  150  147  113  137  173  114   79  233  243  228  250  242  242   51   33   47   76  108  104   67   68   26  262  276   99  108  115  108   95  113  150  116  131  123  140  102  153  142  167  141    7    0   78   88   46   61   74  138  158   78  238  241  242  245  238   92   97   93   79  255  165  171  151  127  106  130  173  177  144  178  141  115  122  117  115  102  242  222  251  
210  202  205  165  180  228  109  157  259  272  263  241  225  226   44   65   41   52   79   67  126  127   90  197  215  156  148  159  158  142  161  170  130  155  146  149  128  148  139  161  131   84   78    0   22   33   34    9  217  236  156  259  262  257  264  257  129  141  119  128  195   94  101   78   80   77   79  223  224  191  225  218  192  196  195  191  177  194  173  205  
229  221  223  184  200  247  131  163  281  294  284  263  246  247   42   66   43   38   59   46  143  143  104  206  226  174  168  179  177  161  180  191  152  177  167  171  149  170  161  183  153   94   88   22    0   42   30   31  224  246  163  281  284  279  286  279  149  160  140  147  207  103  110   86   57   57   57  242  244  210  245  228  203  209  205  203  189  210  188  221  
191  183  183  145  164  208  111  123  252  263  251  248  236  236   20   33   14   43   78   70  102  103   62  227  243  134  133  142  139  123  143  163  124  146  137  147  117  152  141  165  136   52   46   33   42    0   22   31  184  204  123  254  257  254  259  253  114  124  108  108  223  126  133  110   90   76   91  205  207  173  208  186  161  167  163  160  147  217  196  227  
212  204  204  166  186  228  130  134  273  284  273  267  253  254   12   37   14   23   56   48  122  123   82  231  249  154  154  164  160  145  164  184  145  168  159  167  138  171  161  184  154   68   61   34   30   22    0   37  196  217  134  275  278  275  280  274  135  145  129  129  229  127  134  111   68   55   71  226  228  195  229  201  175  184  177  176  164  227  206  238  
202  194  197  157  171  220  100  153  250  263  254  234  218  219   45   64   41   57   86   75  119  119   84  197  213  148  140  151  150  134  152  161  121  146  137  140  119  140  131  153  123   79   74    9   31   31   37    0  212  231  152  250  254  248  255  248  120  132  110  120  194   95  101   79   88   84   88  214  215  182  216  212  187  189  190  185  170  190  169  201  
150  143  126  133  159  145  213   62  250  251  229  317  320  320  184  159  182  202  226  228  120  121  133  390  398  120  154  148  137  139  141  205  193  188  186  214  175  238  228  249  235  133  138  217  224  184  196  212    0   27   62  263  264  276  271  265  155  147  170  135  379  299  305  287  252  225  256  159  169  154  169   33   36   63   27   42   63  354  337  362  
141  135  116  132  156  132  221   86  240  239  217  314  321  320  206  182  203  225  251  252  129  130  149  402  409  122  156  148  137  143  141  204  198  189  188  217  180  242  233  252  241  152  158  236  246  204  217  231   27    0   85  254  254  269  262  257  161  150  177  142  389  315  321  304  276  249  280  148  158  149  158   24   45   60   41   48   68  362  346  369  
148  139  127  114  143  152  170    3  243  247  228  290  288  288  122   98  120  141  166  167   81   83   78  337  348   97  126  125  114  109  120  178  157  159  155  180  138  201  190  213  194   73   78  156  163  123  134  152   62   85    0  253  254  262  260  254  120  116  132   99  328  242  248  229  191  165  195  161  168  143  169   73   49   73   46   53   56  308  289  316  
114  120  138  139  110  124  151  256   17   31   47   92  115  113  273  267  266  297  331  322  179  178  212  279  268  156  132  129  140  148  134   91  130  108  117  110  138  119  124  111  137  235  238  259  281  254  275  250  263  254  253    0    4   20    8    5  146  143  147  163  256  259  259  262  338  329  338  106   97  111   97  233  230  200  240  223  205  209  208  208  
114  121  138  141  111  124  155  257   15   27   45   95  119  117  276  270  269  300  334  325  181  180  215  283  272  158  134  131  141  150  136   94  133  111  120  114  140  123  128  115  140  237  241  262  284  257  278  254  264  254  254    4    0   23    8    9  149  145  150  165  260  263  263  266  341  332  341  106   97  112   97  233  231  201  241  224  206  213  212  212  
128  134  152  149  120  141  148  265   37   50   67   72   97   95  274  269  267  297  331  321  186  184  217  264  252  165  139  137  148  155  143   92  130  111  119  108  140  112  119  102  130  239  242  257  279  254  275  248  276  269  262   20   23    0   16   15  151  149  150  169  241  250  249  254  336  329  336  122  113  122  113  247  242  213  253  235  217  192  193  191  
121  128  146  147  117  132  156  263   24   35   53   88  113  111  279  273  272  303  337  327  187  185  219  279  267  163  139  137  147  155  141   96  135  114  123  115  144  122  128  113  140  241  245  264  286  259  280  255  271  262  260    8    8   16    0    7  153  150  153  170  256  261  261  265  343  335  343  114  104  118  104  241  237  208  248  231  213  208  208  207  
116  123  141  140  111  127  149  257   22   36   51   87  110  108  272  266  265  296  330  321  180  178  212  275  264  157  132  130  140  149  135   89  128  107  116  108  137  116  122  107  134  234  238  257  279  253  274  248  265  257  254    5    9   15    7    0  146  143  146  163  252  256  256  259  336  328  336  109  100  112  100  235  232  202  242  225  207  204  203  204  
 82   75   82   40   51  101   62  123  141  151  138  169  168  168  131  122  124  156  191  183   39   38   66  246  250   41   19   31   33   20   34   60   38   41   35   60   19   83   73   94   80   88   92  129  149  114  135  120  155  161  120  146  149  151  153  146    0   14   17   21  231  173  177  167  203  189  204   94   95   62   96  137  120  103  128  115   93  201  186  208  
 69   62   68   27   41   88   74  119  137  145  131  174  175  174  140  128  133  165  200  193   37   35   71  259  262   29   11   19   19    8   21   62   48   43   40   67   30   92   82  102   91   93   97  141  160  124  145  132  147  150  116  143  145  149  150  143   14    0   30   20  244  187  191  181  213  198  215   82   84   50   85  126  111   91  120  105   84  212  198  219  
 96   89   98   57   63  116   45  134  144  155  144  161  157  157  126  120  119  151  185  177   52   50   69  229  233   58   33   45   49   37   49   57   25   39   30   50   10   69   59   82   65   90   93  119  140  108  129  110  170  177  132  147  150  150  153  146   17   30    0   35  214  157  161  152  195  184  196  107  107   74  108  153  135  119  143  130  109  185  169  192  
 83   75   77   37   59  100   79  102  156  164  149  190  189  189  123  110  117  149  183  177   19   16   52  261  267   29   31   36   31   16   35   80   59   60   55   81   40  103   93  115  100   74   79  128  147  108  129  120  135  142   99  163  165  169  170  163   21   20   35    0  248  183  188  175  197  181  199   97  100   66  101  119  100   86  108   95   74  220  204  227  
293  290  305  268  260  315  169  329  268  285  291  177  149  151  239  256  235  245  260  248  260  259  250   24   20  272  242  253  261  251  259  213  197  218  213  189  214  163  168  161  155  258  255  195  207  223  229  194  379  389  328  256  260  241  256  252  231  244  214  248    0  105   98  122  244  260  240  299  294  272  295  366  345  333  352  342  321   49   50   54  
251  246  255  214  217  273  120  243  265  281  279  209  185  187  138  158  135  141  155  143  190  190  167  104  124  212  190  202  206  192  207  184  152  179  171  157  161  141  138  148  124  169  165   94  103  126  127   95  299  315  242  259  263  250  261  256  173  187  157  183  105    0    7   17  140  154  136  261  259  229  260  294  270  266  275  268  249  118   98  129  
255  249  259  218  220  276  123  249  265  281  280  207  182  184  145  165  142  148  162  149  195  195  173   97  117  216  194  206  210  197  211  186  155  182  174  159  165  142  139  148  126  176  171  101  110  133  134  101  305  321  248  259  263  249  261  256  177  191  161  188   98    7    0   24  147  161  142  264  262  233  263  299  276  271  281  273  255  113   92  123  
247  241  249  207  213  267  118  230  267  282  279  217  194  196  122  143  119  124  138  126  181  180  155  121  141  204  184  197  200  185  201  183  149  176  168  157  157  143  139  151  126  156  151   78   86  110  111   79  287  304  229  262  266  254  265  259  167  181  152  175  122   17   24    0  124  138  120  257  256  225  257  283  259  256  263  257  239  133  112  144  
281  272  272  234  254  297  188  190  338  350  340  319  301  303   76   97   82   52   28   24  191  191  150  239  262  223  222  232  228  213  232  248  209  233  224  228  204  227  219  240  210  134  127   80   57   90   68   88  252  276  191  338  341  336  343  336  203  213  195  197  244  140  147  124    0   29    6  294  297  263  298  262  236  249  236  238  228  256  235  267  
264  255  253  217  239  278  183  164  327  339  327  318  303  304   58   74   65   33    2   12  172  173  131  257  278  204  207  216  212  197  216  239  200  222  213  221  193  223  214  237  207  113  106   77   57   76   55   84  225  249  165  329  332  329  335  328  189  198  184  181  260  154  161  138   29    0   35  277  281  247  282  237  211  225  210  213  205  266  245  277  
283  274  274  236  255  299  188  195  338  350  340  317  299  301   79  100   84   56   34   29  193  194  152  234  258  225  223  233  230  215  234  248  209  233  224  228  205  226  218  239  209  137  130   79   57   91   71   88  256  280  195  338  341  336  343  336  204  215  196  199  240  136  142  120    6   35    0  296  298  265  299  266  241  252  240  242  232  252  231  263  
 14   23   35   60   45   19  141  163   92   91   70  178  191  190  220  205  213  245  279  273  106  105  147  318  316   74   75   64   66   81   62   87  109   84   91  111  101  136  132  139  146  167  173  223  242  205  226  214  159  148  161  106  106  122  114  109   94   82  107   97  299  261  264  257  294  277  296    0   10   33   10  128  128   97  138  121  107  259  250  263  
 20   29   43   64   44   28  139  171   82   82   61  169  183  181  223  209  216  248  283  276  110  109  151  313  310   79   76   65   69   84   65   81  107   80   88  107  100  131  128  133  141  172  177  224  244  207  228  215  169  158  168   97   97  113  104  100   95   84  107  100  294  259  262  256  297  281  298   10    0   34    1  137  137  106  147  130  115  253  244  257  
 22   19   36   32   13   44  110  146  100  104   86  166  175  174  189  176  183  215  249  243   78   77  118  290  289   49   42   31   36   50   31   62   78   54   60   84   68  110  104  115  117  139  144  191  210  173  195  182  154  149  143  111  112  122  118  112   62   50   74   66  272  229  233  225  263  247  265   33   34    0   35  126  120   91  130  113   95  234  223  239  
 21   30   44   65   45   28  140  171   82   82   61  169  183  182  224  210  217  249  284  277  111  110  152  314  311   80   77   66   70   85   66   82  108   82   89  108  101  132  129  134  143  173  178  225  245  208  229  216  169  158  169   97   97  113  104  100   96   85  108  101  295  260  263  257  298  282  299   10    1   35    0  137  137  106  148  131  115  254  245  258  
119  113   95  108  132  112  198   75  219  219  198  291  297  296  190  167  187  211  238  238  106  107  129  379  385   98  132  124  113  119  117  181  174  165  164  193  156  218  209  228  217  134  141  218  228  186  201  212   33   24   73  233  233  247  241  235  137  126  153  119  366  294  299  283  262  237  266  128  137  126  137    0   26   36   27   26   45  338  322  345  
118  110   94   97  124  115  179   51  218  219  198  281  284  284  164  141  161  185  213  213   85   87  104  357  365   84  118  112  101  103  105  169  158  151  150  178  139  202  192  213  200  109  115  192  203  161  175  187   36   45   49  230  231  242  237  232  120  111  135  100  345  270  276  259  236  211  241  128  137  120  137   26    0   31   10    7   27  319  303  327  
 87   80   63   73   97   84  164   76  187  188  167  255  261  260  174  152  169  197  227  225   75   76  105  347  352   63   97   89   78   84   82  145  139  129  129  157  121  182  174  192  182  116  122  196  209  167  184  189   63   60   73  200  201  213  208  202  103   91  119   86  333  266  271  256  249  225  252   97  106   91  106   36   31    0   41   25   20  304  289  310  
128  120  104  107  134  125  186   47  228  229  209  291  294  293  165  141  162  185  212  212   93   94  108  364  372   93  127  122  110  112  115  179  166  161  159  187  148  211  201  222  208  111  117  195  205  163  177  190   27   41   46  240  241  253  248  242  128  120  143  108  352  275  281  263  236  210  240  138  147  130  148   27   10   41    0   17   37  327  310  335  
111  103   87   91  117  109  174   55  211  212  192  274  278  278  165  142  161  186  215  214   81   82  102  354  361   78  112  106   95   97   99  163  152  146  144  172  134  197  187  207  195  108  115  191  203  160  176  185   42   48   53  223  224  235  231  225  115  105  130   95  342  268  273  257  238  213  242  121  130  113  131   26    7   25   17    0   22  315  299  322  
 95   86   72   70   98   96  153   58  194  196  176  254  257  257  154  132  149  176  207  205   61   62   87  334  340   56   91   85   73   76   78  142  131  124  123  151  112  175  166  186  173   96  102  177  189  147  164  170   63   68   56  205  206  217  213  207   93   84  109   74  321  249  255  239  228  205  232  107  115   95  115   45   27   20   37   22    0  293  277  301  
254  253  269  235  222  276  141  310  221  238  245  128  100  102  235  248  230  246  267  254  234  233  231   73   60  241  209  219  228  220  226  173  164  181  178  151  182  125  131  120  121  243  242  194  210  217  227  190  354  362  308  209  213  192  208  204  201  212  185  220   49  118  113  133  256  266  252  259  253  234  254  338  319  304  327  315  293    0   21   11  
244  242  257  221  211  266  125  291  219  236  241  133  105  107  214  228  209  224  246  233  218  216  212   71   66  226  195  206  214  205  212  163  150  169  165  140  168  114  119  111  108  224  222  173  188  196  206  169  337  346  289  208  212  193  208  203  186  198  169  204   50   98   92  112  235  245  231  250  244  223  245  322  303  289  310  299  277   21    0   32  
259  258  274  241  228  280  149  318  221  238  246  125   97   99  245  259  240  256  278  265  242  241  240   78   61  248  215  225  234  227  232  177  171  186  184  157  189  130  137  124  128  253  251  205  221  227  238  201  362  369  316  208  212  191  207  204  208  219  192  227   54  129  123  144  267  277  263  263  257  239  258  345  327  310  335  322  301   11   32    0  

  0    7    0    6   21    1    0    0    1    1    0    4    1    3    1   14   40    0    0    0    0    0    7    0    0    1    0   56    3    1    2    5    2    1    0    1   31    1    0   16    0    1    1    1   23    0    0    3    0   82    1    3   10    0    1    0    1    1    1    0   51    0    0    0    0    0    1    0    0   67    0    0    0   30   43    1    0    1    1    1  
  1    0   11    1    1    1   60    0    1    9    0   22    0    0   54    0    1   49   50    1   29    0    0   24   49    7    1    0    1    0    2    2    0    1    0   53    0   12    0    1   18   98   16    1    1    1    1    0    0    0   29   53    0    1    0   59   64    6    3    1   45   18    1    3    1    0    0   44    1   81    0   74    0    0    0   27    1    0   26    0  
 36    1    0    0   30    0    1    1    9    0    0    0    1    5    0    2    0    0    2   11   99   30    0   59    0    0   42   13    1    0    0    1    0    1    6    3   99    7   21    0    1    0    0    0    1    1   43    3    0   16   26    8    1    0    0    1    0    0    1    1    0   19    1    0    0    0    3    0   17    1    8    0   51    0    1   46   25    0   21    1  
 59    0    0    0    1    5    0    1    0    1   15    1    0   84    0   21    0    1    1   24    1    6    2    0    0    0    0    0   42    9    0    1    4    0    2   37    1    1   10    1    0    0    0    4    0    0    0    1    0    7    0    1    0    1    1    3    0    1    1    0   27    0   10   27    5    3   58    1   26    0    0    1    1   14   11    1    1   26    1    1  
  1    9    0    0    0    0    7    0    0    0    1   51    0    1    1    1    1    1    2    4    1    7    1    1    1    1    2    1    0    0   63    1    6    1   91    0   23    0    1    1    0    1    0   23    0    0    1   78    0    1    0    0    0    1    1   10    0   35    1    0    0   43   11   98    1    0    0    0    1    0    0    6    1    0    0    1    1    1   84    1  
  0    0    0    0    1    0    0    1    4    7   29   27    0    0    1    1    0    0    1    1   18    1    0    1    0   23    1    5    1    0    0    9    3    1   75    1    1    2    3    0    0    1   12    7    0    9    1    1    0    0    0   31    0   48    1    1   64   28    9    0    1    0   41    1   52   10    1    0    0   28    1    1    1   57    1    1   38    0    1   26  
 25    0   15   28   27    0    0    1    3    1   63    0    0   12    1    1    1    1    4    1    0    9    0    0   13    8    0    0    0    1    2    0   10    0    1   20    0    0    1    3    6    0    1    0    4    0    0    0   14    0    7    0    1    1   15    1    0    2    0    0    0    0   23    1    0    0    0    0   12   97    1    1    2    1    0    0    1    1    0    4  
  0    1    0    5    0    1   20    0    0    0   33    0    0    4    5    0   16   93    0    3    1   32    1    0    0    0    1    1    0    1    1    0    1    8   34    2   26    1    1    6   85    0    0    0    0    0    0   41    0    1    0    1   10    1   23    0    9   45   90   49   32   97    0   47    0    0   45    1    0    1    3    0    2   70    0    1    0   60    0    1  
 12   23   87    1   29    0    1    6    0    5    4    0    1   54    8    1    1   19    1   28    0   27    1    0   19   66    1    1   13   22    0    0   24    4    1    1    0    0    8    5    2    0    1   11   13    0    0    1    1    0    0    1   14    0    3   21    0    0    5    0    1    1    1    0    0   14    0   61    0    1   42    0    0   15    1   21    0    0    1    0  
  0    1   43    0    1    0    1    1   37    0    0    0    1   45    0    0    1    1    1   57    1    1    0    0    0    0    0    1   40   57    8    1   12    0    3    1    1    1    0    1    0    0    1    1    1   11    0    1    0   21    4   14    0    1    0    1    3    4    1   29    0   34    1   11    1    0   19   41   95    1   25    0    1    0    1    8    4    0    1    1  
 17   13    0    0   72    4    1    0    0    1    0   23    0    1    0   52   14    0    1    1    0   54   65    1    0    1    5    0   76   54    1    1    1    1    6    1    1    1    0    1    1    0    1    2    1    1    1    1    1    1   10    0    1    0   58   78    0   37    1   79    0    1    1    1    1    1    0   23    0    1    0    2    1    1    0    1    0    0   22   23  
  1    1    0   58   58    1    1    1    2   10    1    0    1    0    0    1    0    0    0    1    0   18    2    1    0   60    0    9    0    1   69    1    8    1    0    0    0   12    8    0    0   46    1   21    0    0    0    0   15    0    0    0    1    0    0    3    0   14    0    0   18    4    0    1    0   90    0    0    0    0    0   67    1   29    0    1    0    1    2    1  
  0   19    0   25    0    0    0    1    0    0    0    1    0    3    1    3    1    0    0    0    0    6    0   21    2    1    1    1   65    0   72   13    0    0    1    1    0   25    1    1    0   17    1    0    0    1   83    0    2    0   10   44   34   86    1    1    0    0    1    1    4    1    0    9    0    0    0   34    0   24    1    5    0    0   28   44   32    6    5    0  
  0    0   80    3    1    4   70    0   17    0    1    0   48    0    0    1   12    1    0    0   63    0    0    0   48    1    0   17   25    3    0    0    0   30    1    1    0    0   84    1    1   46    0    1    1    1    0    0   99    2    1   15    0    0    1    0    0   19    7    1   41    1    0   89   31    1    1    1    0    1    4    0    1   60    1    1   62    0    5    1  
  1   65    1   15    1    0    1    0    1    0    1   15    0    0    0    1    1   97    0    0    1    2    1    0   40    1    3    0    0   83    1    1    1    1   50    0    1    1    1    0    0    1    1   14    1    1    1   22    1    1    5    0   54   99    9    0    1    1    1   19   25    0    0    3    1    1    0    1    4    1    2    1    0    1    5    0   16    0    1    0  
 49   13    1    1    0    0    0    0    6    8    1    2   22    1   38    0    0    1   48    5    1    0    1    1    1   22   40   13    0    1   10    0    0    1    1    0    1   98    0   42    1    0    0   17    1    9    0    0   93    0    1    0    3    1    0    1   36    0    0    0    0    0    1    0    0    1   17    1   14    2    0    1    1    1    1    8    0    1    1    1  
 16    0    1    4   70    1   14    0    0    1    0    8   32    2    1    9    0    1   92   47   84    5    1   31    3    1    1    1    0    1   25    0    8   34   63    0    1    1    0   33    0    0   67    0    1    0    1    1   96    1    2    3    1    0   99    0   12    0    0    1    1    1    1   10    1    1    4   16    0   57   37    0    2    1    0    1   58    0    1    1  
  1    1   72    2    1    1    0   17    1    0    1    1    1    3    1   68    1    0    0    1    0   33    0   22   46    1    1    1    1   68    1    0   22    1    1   14    0    0    2    0    1    0    0    1    1   72    0    0    0    0    0    1    1    1    0    1    1    1    0    1    6    1    7    7    1   25    0    0    1    0    1    0    5    0   59    0    1    1    0    0  
 98    0    0    1    0    1   71    1   49    0   50    1    1    0    1    1    0    0    0    9    1   72    0    0    0    1    1   19    1    7   69    0    1   34   15   49    1   10    1    1    1    1    1    1    1    0    0    0    1    0    0    1    0    4    0   55   35    1    1    3    0   18    0    1    0   15    0    1    1    1    1    1    0    0    0   35    0    3   24   10  
  1    1    1    0    1    1    0   19    0    0    1   16    0   25   68    0    0    1   51    0    1    0    1    1    1    1    0    1    0    1    1    5    7    1   74    0    1    1    0   42   58   58   22    1   10    1    0   14   33    0    0    1    3    1    0   14    0    1    0   20    0    0   18    3    0    0    6    0    0    1    1    0    0    0   21   72    7   10    1    0  
  0   78    1    0    1    1    1    1   83    1    0    1    0   22    0    0   10    0    0   13    0    1   22    4   58    0    1   89   62   55   70    1    0    1    1   43    0    1    1    0    0    0    0    1    0    0   15    6   56    1    0    1    0    1   11    0    0   79    1    1    1    1    0    1    1    0    1    1   22    1    1    1    0    0   20   28   92    1    1   20  
 61    0    0    3    1    0    6    0    0    1    1    1    0    2    1    1    0   13   23    0    3    0    0   38    1    1    0    0    1    3    0    0    9    1    1    1   76    1    1   61    1    0   13    0    3    0    1    0    0    1    0    0    1    2    0    1    1    0    0    0    0    1    1   60    0    0    1   10    0    0    0    1    0    1   51   29    0    0    0    0  
  1    0   24    1   99    0    1    1   56    1   15    1    5    0    1    9    0   18    1    0   44    0    0    0    0    1    0    1    0   76    1   62    0    3    0    0   16    0    1    1    0   61    0    1   23    1   16    1    0    1    0    0    0   46    0    1    0    0    0   39    1   79   36    0    4    1   47    1    1   15    1    4   15    0    5    0   63    0   17   97  
  0    0   28   24   14   80    0   67   25    0   78    0    0    0   76    0    0    1    1    1    0    1   11    0    1    1    1    0    0    1    5    1    0    1    0    0    0   35   45    1    1    1   17    0    0    1    0    0   16    5    0   84    0    0    1   78    0    0   36    1   72    1   13    0    1    1    0    1    1    1    3    1   23    0    0    0    0    1    2    0  
  0    0    2    3   31    1    1    1    0   16    6    1    0    1    1   31    1    0    6    1   14    1    1    1    0    1    0    0    1   58   49   45    1    0    1    1    1    0    1    0   19    0    1   12    0    8   34   27    1   45   84    1    0   71    0   20    0   34   67    0    1   25    1    0    0    0   50    1    1   27    0    0    1   13    0    1    0    0    0    0  
  0   41    0    8    1    1   32    0   10    1    0    0    0    0    0    0    1    1    0    0    1    1    1    0    0    0    0    1    0    0    7   87   56    1    1    1    0   21   34   40    0    1    0    1    0    0    1    0   72    0   26    1    1    0    1    0    0   56    1   43    0    4    0    0    1    1    6    1    0   89    0    1   17    4    1    0    0    1    0    4  
  1    1    1    0    7   27    0    0    0    0    0    0    1    1    1   33    1    9    1    1    2    0    1    1    1   36    0    0    4    0    0   56   89    1   23    0    3    4    0    0    0   68    0    1    1    1    1    6    0   90    1    0    0    5    1    1   28    1   80    1    1    1    0    0    1   98    0    1    0   42    1   95   16    1    4    0    0    0    0    1  
  1    1   19    0    1    0    1   64    2    1   65    1    1    1    1    0    1    1    0    0    0    0    1    0    1   12   11    0    1   12    4   89    1    1    1    1    1    1    0    0    1    1    1    0   12    7    0    0   13    1   13    1    0   11    2    0    0    2    0    0    1   78    1    1    1    0    0   75    1    1    1    1    0   42    1    1    5    0   86    0  
  1   84   56    1    0    1    3    1    0   48   20    0    1   61    0    0    1    1    1    0    1    1    0    0    1    0   20    0    0    0    0    1    1    0    0    1    1    0    0    0    0    0    1    1    1   38    0   20    1   43   43    1   62    0   98    0   40    0   35    1    0    1    0    0    1    5    0    1    9    0    1    0    0   58    1    0    3    0    2   23  
 10    1   50    1    1    0    0    1    1    1    1   84   52    2   20   11    0    0    5    0    2    1    1    1    1    0    1    0    1    0    1    1    1    1    0    1   17    1    1   48    1    1    0    1   51    1    0    0    0   45   66    0    1   69   70    0    1    1    1    1    1    1    2    8    1    1    1    0   12    3    1    3    1   31    0   53    1    1    1   34  
  0   44   28    0    1    1    1    0   26   18    1    1    0    1    1    0   53    0    1    1    1    1    0   92    0    1    8   41    0    1    0    1    0   53    2    1    0    0    1    1    1    2    0   61   30    4    0   41   13    0    0    0   67   22    2    0    0   17    0    1    7    0    5    1    1    0   10    5    1    1   27    3    0    1   19    0    8    0    1    1  
  1   64    0    1    0   67    7    6    1    1    0    0   60    1   88    1    0    1    0    0    1    0   83    0   12    1   23    1    1    1    1    0    3   53    1    0    5    0    1    0   39    0    0   40    1    0    3   29    1    0   20    1    1    5   93   85    0    0    1    2    1   58    2    3    1   22    1    5   28    1    1    1    0    3    1    1    1   45   51    0  
  0    8    2    1    0    0    0    0    1    1   33   21   38   72    0   44    1   36    1    0    0   51    0    7    2    1   79    1   26   26    1    0    0   84   39    0    0   73   41    1    0    0    0    0    0   59    0    2   36    0    1   24    3    0    0    1    0   41    1    0   90    0    1   60    0   89    1    0    0    0   18    1    0   80    0    0    1    1   68    0  
  1    0   40    2    1    1    1    0    4    0    0    0    0    0    0   36    7   48    2    0    1    1    0   59    1    0    0    4    1    1   10   85    3    0    0    0    2    1    0    0    6    1    0    0    0    1    1    0    3   14    1    0    1   26    1    1   53    0    3    0    1   85    2   14    0   19    0    1    1    1    0    1    0    1    0   24    0    0   23    1  
  1    0    0    0    1    0    1    0    0   59    0   18   92    0    7    0   25    0    1    0    0    1    1    1    1    0    0    0    9    0   34    1    0    7    0    0    0    1   28    2    1    1   67   86    1    0   11   41   15    2    0    8   38    1    0    0    1    1    3    1    0    1    0   99    1    1    0    0    0    0    7    4    1   14   10    0   11    1    1    1  
 28   18    1    0    1    1    1   18    1    1    0    0    5    1    3    0    1    0    1    0    1    3    1   24    1    0   12    0    1    0    1   61    0   99    2    0    1    1    9    1   11   13    0    1    0    1   88   23    1   89    4   16   11    1    0   80    3    1    0    1   15    1   23    0    1    0    1    0    0    1   79   23    1    0   48    1    1    1   16    0  
 15    1    1    0    0    1   10    7    3    0    1    1    5    1    2    0   34    5   10    0    0    3   46    1    0    0    1   66   21    1    0   47    0    1    8    1    0    1    0   72    1    1    1    1    1    4    2    1    0    0    6    1    1    1   47    1    1    0    0    0    1    2    6    0    1   20    6    0   21    0   26    1    0    0    0   20    0   13    1    0  
  3    0    0    0    1   43   53    1    1    1    0   78   30   17    0    0    8    0    1    4    1    1    8    1    5    0    1    1   75    0    1    0    1   52    0    0    1    0   11    0    0   19    3   41    0   50    0    1   13    1    0    1    0   68    0    0    0    0   74    1    1    0    1    1   54    1   10    7   33   92    1    1    1    0    0   32    1   49    0    1  
  1    1   16   40    1    1    0   36    1    0    1    7    0    0    0    0    0   55   50   33    0    0    1    1    1    0    1    1    0    1    2    1    0   26    0    1    6    5    0    1    1    0    6    0    1    0    3   38    0   28   41    1   46    0    6    1    0    1    0    1    1    1    0   66    0    0    1    1    1   12    0    0    2    1    0   11    1    0    0   35  
  0    0    0    1    0    0    1   41    0    0   38    2    0    0   91    0    0   22    2    1    0   17    1   28    0    0    1   20   82    9    0    1   33    0    0   46    0    6    1    0   28   29    0   78    0    0    0    1    1    0   18    1    0    1    0   57    1   38    1    1    1   83    0   15    1    1    0    1    0    1    0   65   50    1   13    0    0    0    1   50  
  1    6    1    1    0    1    9    1    0   28    1    4   26   34    0    0   49    0   84    0    3    0    1    0   49    1    0    1    0    1    1    1    0    1    1   93    1   27    0   12    0   54    0    0    1   51    0    0    0    1    0    1    0    0    1    1    0    3    1    0   77    1    1   26    1    0   99    3    0   56   10   27   31   21    1   24    5    1    0    1  
  0    1   33    8   97    1    3   21    1   91    0   54    0    0    1    1   89    1    6    0    0   12    2   12    1    1    1    1   94   44    1    1    0    1    1    0    2    0    1    1    1    0    0    0   75    1    1    0    1    1    1   24    0    0    0    1    0    1    0   54    1    0    1    2   84    4    0    1    1    1    1   11    0    1    0    1    1    1    1    1  
  0    1    0    1    0   11   72    0    0    2   14    1    1    1    0   26    1    1   13    0    0   47    0    2    0    1    1   10    0    1    0    0    1    0   71   40    0    1    0    0    1    3    0   93    0    9    1    1    4    1   14   65    1   29    1   10   82    0   59   20    0    1    0    0    1    1    1    0    0    1    0   41    1   27    1    0    0    1    0    1  
  1    1   48    1   42    1    1   29    2    6    0    1    6    1    1    0    1   69   32    1    0    0    0    0   23    1    1    1   18    1    1    0   79    0    1   35    1    0   67    1    1   82    0    0   16   52    0    1   25    1    6    1    0    0    1   86    1   15   48    0    1    1    1    0    1    1    0    1    2    1    1    7    1   12   29    1    3    0    0    1  
  5    0   46    0    2    1    0   14    1    0    0    0   48   63    5    0    0    1    1    1   56    1   82   34    1    1    0    0    0    1    0   15    1    0    0   69    5    0    1    0    0    1    0    2    0    1    1    1   14    0    0    0    1    0   13    1    1    1    0    0   26   17   12    2    1    0    1   32    1   14    1    1    1   32    1    0    1    0    0    0  
  0   54   42    0    0    1    1    1   22    1    1    0   10   39    0    5    1    1    1    1   86    0    0    0    0    1    1    1   12   11   67    0   23    9    0    0    0    1    0    2    1    0    1    1    1    0    1    1    1    0    0    1    0    0    1    0    5    4   25    1    0    1   10    1    0   70    1    1    0    4   20   20    0    1   33    3   48    1    0    1  
  0    0    0    0    1    1   10   20    1   41    0    0    1    1    0    1    0    0    0    1    0    0    1    1    1   47    1    0    0    1    0    0   16    5    0    0    0    5    0    1    2   93   59    0    0    0    0    0    0    0    7    1    1    0   61    0    3    0    0    1    1    0    0   69    0    1   81    1   74    0    1    1    0    0    1    1    7    3    0    1  
 63    1    1   59   64    1    0   24   57    3   11    2   12    1    1    0    1    1    1    0    1    1   91    1   18    1    0    0    9    1    8    1    1    1    0    1    0    1    0    1    1    0    1   24   10    3    0    0    1    1    1    6    1    0    8   15    1   97    0    1    0    3    6    0    1    1   12    0   35    0    0   99    0    1    1    1    0    1    0    0  
  0    0    3    1   49   14    0    0    0    0    1    2    0    1    0    1    0   75    0   59   31    1    3   35    1   17    0   32    8    1    0   21    0    0    1    4    1    1   15    0    1    0    0    0    1    1    0    0    0    0    0    1    0    0   41    1    0    1    1   12    1    1    6    0    0    0    1    1    0   42    0    0    7    7    0   12    1    1   62    0  
  0    1   14   22    0   52    1   15    0    0   39    1    6    0    0    0    0    1    0   68   57   13    1    1   23    1    1    0   59    1    0    0   15    0   35   42    0    0    0   16    1   74    0    1    1    1   10    0    4    0    0    0   84    1   14    0    1    0    1    0    0    1    7    0   54   61    1    1    1    0    0    1    5    0    0   85    1    0    1   39  
  8    1    1    1    1   80    0   27    0    0    1    1    0    1    0    0   11    1    0    0    0   13    0   70    0    2    1    0    1    1    1   34    1    1   75   12    2    1   26    1    1    1   55    0    0    1    0    0    0    0    0    0    1   17   13   14   81    1    4    1    1   66    1    1   57   50    0    0    0    0    2    0    0    1    6   73    0   35    0    1  
  0    1    0    1    1    1    8    1   90    1    0    0    1    5    0    2   96    0    1    1    0    1    1    1    5    1    0    0    0    0   44    0   69   17   47    0    0    0    1    0    0    2    1   38    1    0   17    0    0    1    1    0    0    1    0    4    1    0    1    0    0    0    1    0   87    1    0    3    1    1    8    0   75    0    1    0    0    1    0    0  
  1    0    0   10    1    1   64   51   12    0    1    1    2    1    1    0    0    1    0    6    0    0    0    0   82    0    0    1    1    2   53    0    8    0    1    1   48    1    1   14    6   22    1    0    1    1    0   20   12    1   85    7    0    0    1   14    0    9   13    5   26    0    1    0    3    1    1    1    0    1    0    1   11    1    2    0    3    1    0    1  
 91    1    2   28    1    0    3    2    1    6    1    1    0    0    1    0    0    0    1    2    1    3    1    0    0    0    1    1   12   19    0    1    1    0   95    0    0    1    4    1    1    1    0    0    7    0   46    0   16   15    1    0    0    0    0    1    1   10    1    1   34   17    1   12   13    0    1    1    1    0    0    1    1   14    1    0   65    1    0    0  
  0    0    9    1   29   33    0    0    1    0    0   15    1    1    8    4    1    1    0   13    1    0    1    0   64    1    0    1    0    0    0   41   42    0    0    0    1    1    0    0    0    0    1    1    1    0    0    0    2    1    0   20    2    1    0    2    1    0    2    0    0    1   11    0   32   37   82    5    0    1   70    1    3    0    1    2    0    1   96    0  
  5    0   66    4   14    0    1    0   13    1   94    0   36    1    1   25    0    0    0   27    1    0    1    0    0    1   66    0    0    0    1    1   35    1    0    1    1   24    1    1    1    0    1    1    0    0    1    1    5    0    0    0    0    0   22    0    1    1    0   92    3   13    0    4    0    1    1    0    1    1    1   41    0    1    1   71    0    0   16   29  
  0    0    6    0    0    0    1    0    1    0    0    1    2    1    2    0    0    0    0    1    1   15    0    4    0    0    0    1    1   32    1    0    0   71    0   85   11    0    1    1    1    1   38    1    1   26    1   47    1   13    0    0    0    1    0    1    0    0   21   21    5    0    1   77   41    1    0    1    1    1    0    0   79    1   15    0    1    0    1    4  
  1    1    0    0    3   72    1    0    1   92   40    5    0    8    2   78    1    0    0    1    1   83    1    0    1    3   44    1    0    0    0    0    1    1   46    0    1    0    6    0    0   66    0    1    0    0    0    1    0    1    1   54    6    1    8    0    0    0   33    1    1    1    0    4   47    1    1    1    1    1    0    0    0   97   13    0    1    1    0   24  
  1   37    1   15    0    1    7    3   62   12    1    0    1   67    1   12    0    0    1    0    0   93    1   15    0    6    0    4    0    1    4    0   18    2   14    0    0    3    3    0    1    0    0    5    0   16    1    1    0    0    1    0    2   19    1    1    0    1    0    0    0    0    1    0    0    1   90    0    0    0    0    0   13    0    0    1    1    1    2   28  
  0   33    9    1    0    1    1    1   88    1    1    1   15    0    1   10    1   10    0    0   51    0    1    1    1    0    0    1    1    1    0    0    0    0   43    0    1    1    6    0    1    1    0    1   96    1    0   79    0    1    1    1   35    1    1   63    0    0    0    0    0   15   20    0    1    1    1   30   10    0    0   45    0    1    0    0    1    1    0    1  
 12    1   17    1    1    0    1   19    1    0    1    1    1    1    0    0    0    0    5    6   64   41    1    1    1    0   20    0    1    1    0    0   70    0    3    1    2    0   45    1    9    0    0    1    5    1    1   53    1   89   28    0    1    3    3    0    1    1    0    1    0    1   64    0   22    1    0    8    1    0    1    0   14    0   19    1    5    1    1    5  
  0   33    1    3    1   12    1    0    0   67   26    0    1    1    7    1    1    1   13    1    0   17    9    5    1    1    0    1    0   23    1    3    3   32    0   23    1    1    0   38    1    1    0    9    0    1    1    0    0    1    0    0   28    9   14    1    0    0    1    0   38    0    0    1   40    9    7    0    0    3    0    0    1    1    0   50    0   52    0    0  
 16    1    1    1    0    2    1    1    0   11   90    1    1   46    1    0    0    0    1    0    1    1   79    0    0    0    1    1    0    0    0    3    1    1    0    3    0    0   75    5    0    8    1    0    0    1    1    1   78    1    1    0   29    0   29    1    0    0    0   18    1    0    0    0    0    0    0    1    1    0    1    0    1    0    0   20   30    0   50   20  
  0    1    1    0    0    0    5   53   16    1    0    1    0    8    5   13   46    1    1   18   38    1    0   75    3    1   21    1    0    0    1    1    0    1    0    0    0    1    1    1    1    0    1    5    3    0    1    1    1    0    0    1   23    5    1   16    1    1   58   15    1    0    1    0    9    0    1    0    0    1    9    1    0   23    0    1    1    1    0    0  
  0    0   19   91    0    0   75    0    0    1    0    1    1    0    0    1    1    6   50    0   30   19    0    1    0    0   12    0    1    0   16    1   68    0    0    1   78   49    1    1    1    0   59    0    1   96   29    1    0    0   13    0    0   76    1    0    0   11    1    0    1   23    0    0    0    1    2    0    1    0   13    1    0    0    1    0   76    1    0    0  
 44    0    0    0   69   27    1    2   87    0    1    1    0    1    2    0    1    2    3   15    0    0    1    1    0    0    0    0    1   45   11    1    1   29    1   63    1    0    0    1   12    1    1    3   17    3    3    1    1    4    0    0    0    0    9    1    1   73    1    0    2    3    1    1    0    0    1    0   56    1    1    1    0    1    1   21    0    1    8    7  
  1    9    1   50    0   26    0    1    0   20    2    0    1    1    1   97    1    1   72    1    1    1    1    1   89    0    9    2    1    1    1    1    0   32    2   68   46    0    0    0    0    1   82   12   28    1    0   15    0   32    0    1    1   53    1    0    0    1    1    0   65    0   26    1   44   76    0    1    0    5   50    0   20    0   65    0    0    3    0    0  
  1    1   52   32    3   13   25    0    3    1    0    1    0    0    1    1    8    1    0    0    0   77   22    0    1    0    2    0    0   14    1    1    0   61   16    1    0    0   58    0   15   31    3    1    1    0   37    1    3   28   77    1    0   53    1   11   24    0    0   14    0    1   16    5   56    9    1    0   79    0   20    1    5    0    1    0   23    2    0    0  
 21    0    0    1    1   25   24    3    0   78   30    1   17    0    0    0    0    0    1   96    5    0   84    0    1    1    4    1    0   11   30    0    0   17    0    0    0    1    0    0   20    2    1   43   93    1    0    7    1    0    0    1    1    1    0    1    1    1    1    1    1    1    1   92    1    1    0    0    0    0    0    1    0   77    0    0    0    2    1    1  
  4    0    0    0    0    0    1    0    1    1   70    7    1    0    0    0    0   37    0   78    1    2    1    1   38    1    2    7   68    1    0    0    1    1    0    0    0   16    1    0    1    1    0   24   33    1   42   12    0    7    0    2    5    1   12    2    7    0    1   37    5    1    0   22   16    1    1    0    1    0    0    1   22    1    5   24    0   20    5    0  
  0    1    1    1   27    4    0    1   28    1    1    1   63    7    0    0    0    1    5    1    6    0    0    0    7    1    1    1    0    0    0   77   72    0    1    0    1    1    0    1    4    0    0    1    4    1    0   70   77    0    0    0    1   29    1    1    0   35    0    1    0    4    0    9    0    4    1    0    1    0    0   32    1   17    1    0    0   64   42    5  
  1    0    2   91    0    0    1    0    0    0    0    1   81    0    1   18    1    1   93    1    1    0    0    7   65    1    0    0    0    3    0    0    0    1   16   45    0    0   16   13    0    0    0    0    1    2    1    0    1    1    1    1   86    0    0    0    1    1   12    1    0    1    0    2    1   12    8    2    0   73   42    0   57    0    1   20    1    1    1    1  
  7    0    9    1    1   40    0    1    3   40    0    0    1    1    1    1    7    0    1    0    1    0    4   13    0   78    0    0    0    1    0    1    1   10    0    1    0    0    1    9    0    1   19    0    5    0    0   59    1    5    1    1   10    2   66    1    5    1    7    1    0   52    0    1    0    1    1    0    9    0    6    0    0   18    1    1    0    2    8    0  
 44   11    0    0    1   79    1    2    1    0    1    0   13    2    1    0    0    1   18   17    0    2    1    0    1    7    0    6    0    0    0    0   20    1    0    5    0   44    0    0   22   18   68    0    1    1    1    0    3   15    0   27    1    1    1   18    0    0   26    1   58   12    1   13    0   88    1   10    3   86   25    0   55    0    1    0    0    1   29    1  
  1    0   11   21    0   10    1   54   99    0   26    0    1    1    0    1    0    9    0    3    1    0    0    1    1    1    1    0    0   11    1    1    0    1    2    1    0   67    1   18    4    1    0    1    1    1   16    1    0    1    8   95    6    1    0    1   26    0   15    0   57    8    4   16   54   61    4    0   61    0    1    0   11    1    0    2    1    1    0    7  
  0    6    0    1    0    1   12   16    1    0    0    1    1    0    0   16   29    0    0    0   84    3    0    1    0   11    1    4    1    1   29    1   59    0    1    1    1    0    0    0   48    2   67   40    0    0    0    3   23   70    0    0    1    0   11   28    0    2   14    1    1    0    1    1    0    1    0    1    1   11    0   10    0    0    1    0    0   14    0   61  
  1    0   13   38   29    1    3   67    3    3    1    0    1    0    1    1    1    1    1    0    1    7    1    1    1   12    1   17    0   12    0    0   36   23    1   15    0   67    0    0   69    0    1    1    0    0    1    0    8    0    0    0   50    0    0    0   24    1    2    1    1    5    1    0    0   92    0    0    1    0    0    1   10    1   55   37    0    5   51    0  
  0   39    0   59    1    0    1    0   22    0   75    1    0    0    1   93   62    0    0    0    1    1   75    0   36    2    0   75    1    8    2    0    0   92    1   48    0   14   18    0    1    1    1    2    1    1   55    1    1   46    4   51    1    1    0    0    2    0    0    0    1    1    0    0   28    0   65    1   18    0   51    0    1    0    0    0    1    0    1    1  
  1    1    0    0    1   79   13    1    0    1    1    1    1   32    1    1    1    1    0    0    2   16    1    1    0   42    1    0    0   21    2    1    1    0    0    1    1    1    0    3    0    1    0    0    1    1    1   20    0    3    0   36   41   23    0   32    0    4   75    0   12   70   66   22    0    1    2   17    0    1    1   55    9    1    1    0    1    0    0    0  
  9    1    1    1    1   35    0    1    1   55   30    0    1    0   55    1    1    0    0    2    1    0    5    0   79    1    0   62    1    0    0    0    1    1    1    2    6   53    0    1   64    6    0    2   58    1    1   20    1   35    1   28    4    4   69    2    7    9    1    0   41    1    2    1    1    1    0    1    0    1    1    1    0   93    0    1    0    1   13    0  
