75

 0   0   0   0   0   0   0   0   0   0   0   0   0   0   0   0   0   0   0   0   0   0   0   0   0   0   0   0   0   0   0   0   8   0   0   0   0  26  26  26  26  26  26  26  26  26  26  26  26  26  28  28  28  28  28  28  28  28  28  28  28  28  28  15  14   3  15   3   7   3  16   5  14   6   1  
 0   0   7   0   0   0   0   0   1   0   0   0   0   0   0   0   0   0   0   0   0   0   0   0   0   0   0   0   0   0   0   0   0   0   0   0   0  26  26   3  26  26  26  26  26  26  26  26  26  26  28  28  28   9  28  28  28  28  28  28  28  28  28  19   7  10  18  14  19   4  16  11   4   4  11  
 0   7   0   9   0   0   0   0   0   0   0   0   0   0   0   0   0   0   0   0   0   0   0   0   0   0   0   2   0   0   0   0   0   0   0   0   0  26  26  26  26  26  26  26  26   7  26  26  26  26  28  28  28  28  28  28  28  28  28  28  28  28  28   8   9   2  12   8  18   5  10  14  17   2   1  
 0   0   9   0   0   0   0   0   0   0   0   0   0   0   7   0   0   0   0   0   0   0   0   0   0   0   0   0   0   0   0   0   0   0   0   0   0  26  26  26  26  26  26  26  26  26  26  26  26  26  28  28  28  28  28  28  28   8  28  28  28  28  28  12   9   1  20  20   9  15   7  20   2  17   9  
 0   0   0   0   0   0   0   0   0   0   0   0   0   0   0   0   0   0   0   0   0   0   0   0   0   0   0   0   0   0   0   0   0   0   0   0   0  26  26  26  26  26  26  26  26  26  26  26  26  26  28  28  28  28  28  28  28  28  28  28  28  28  28   8   3  13  10   2   7   1  13  20  20  15  17  
 0   0   0   0   0   0   0   0   0   0   0   0   0   0   0   0   0   0   0   0   0   0   0   0   0   0   0   0   0   0   0   0   0   0   0   0   0  26  26  26  26  26  26  26  26   7  26  26  26  26  28  28  28  28  28  28  28  28  28  28  28  28  28  13  10  20   2  19  18  14  11  16   9   4  15  
 0   0   0   0   0   0   0   0   0   0   0   0   0   0   0   0   0   0   0   0   0   0   0   0   0   0   0   0   0   0   0   0   0   0   0   0   0  26  26  26  26  26  26  26  26  26  26  26  26  26  28  28  28  28  28  28  28  28  28  28  28  28  28  13  17  12  16   2  16  16   2  12   3  14   6  
 0   0   0   0   0   0   0   0   0   0   0   5   0   0   0   0   0   0   0   1   0   0   0   6   0   0   0   0   0   0   0   0   0   0   0   0   0  26  26  26  26  26  26  26  26  26  26  26   1  26  28  28  28  28  28  28  28  28  28  28  28  28  28  13   2   2  11  18  12  13  13  11   6  15  11  
 0   1   0   0   0   0   0   0   0   0   0   0   4   0   0   0   0   0   0   1   0   0   0   0   0   0   9   0   0   0   0   0   0   0   0   0   0  26  26  26  26  26  26  26  26  26  26  26  26  26  28  28  28  28  28  28  28  28  28  28  28  28  28  10   5  16  10   9  13   7  11  20  19   3   1  
 0   0   0   0   0   0   0   0   0   0   0   0   0   0   0   0   0   0   0   0   0   0   0   0   0   0   0   0   0   0   0   0   0   0   0   0   0  26  26  26  26  26  26  26  26  26  26  26  26  26  28  28  28  28  28  28  28  28  28  28  28  28  28  19   4  14   6  10  20  16  16   5  10   5  17  
 0   0   0   0   0   0   0   0   0   0   0   0   0   2   0   0   0   0   0   0   0   0   0   0   0   0   0   0   0   0   0   1   0   0   0   0   0  26  26  26  26  26  26  26  26  26  26  26  26  26  28  28  28  28  28   6  28  28  28  28  28  28  28   4   8   7  13  11   5  10   2  20   9   5  15  
 0   0   0   0   0   0   0   5   0   0   0   0   0   0   0   0   0   0   0   0   0   8   0   0   0   0   0   0   0   0   0   0   0   0   0   0   0  26  26  26  26  26  26  26  26  26  26  26  26  26  28  28  28  28  28  28  28  28  28  28  28  28  28   4  18  14   2  12  20  15  19   3  10  20  11  
 0   0   0   0   0   0   0   0   4   0   0   0   0   0   0   0   0   0   0   0   3   0   0   0   0   2   0   0   0   0   0   0   0   0   0   0   0  26  26  26  26  26  26  26  26  26  26  26  26  26  28  28  28  28  28  28  28  28  28  28  28   6  28  15  15   7  19  15   9  20  20  14  15  15   1  
 0   0   0   0   0   0   0   0   0   0   2   0   0   0   0   0   0   0   0   0   0   0   0   0   0   0   0   0   2   0   0   0   0   0   0   0   0  31  31  31  31  31  31  31  31  31  31  31  31  31  17  14   4   2  19  18   3   4  17  14   6  12  17  27  27  27  27  27  27  27  27  27  27  27  27  
 0   0   0   7   0   0   0   0   0   0   0   0   0   0   0   0   6   0   0   0   0   0   0   0   0   0   0   0   0   0   0   0   0   0   0   0   0  31  31  31  31   5  31  31  31  31  31  31  31  31  15  16  13   9   1  16  14   1  16  17   1  15   1  27  27  27   1  27  27  27  27  27   9  27  27  
 0   0   0   0   0   0   0   0   0   0   0   0   0   0   0   0   0   0   0   0   0   0   0   0   0   0   0   0   0   0   0   0   0   0   0   0   0  31  31  31  31  31  31  31  31  31  31  31  31  31   7  18  11  20   4  18  12  14  17  14   6   7   4  27  27  27  27  27  27  27  27  27  27  27  27  
 0   0   0   0   0   0   0   0   0   0   0   0   0   0   6   0   0   0   0   0   0   0   0   3   0   0   0   0   0   0   0   0   0   0   0   0   0  31  31  31  31  31  31  31  31  31  31  31  31  31   5  17  14  10  19  13   7  14   4  19   7   4   1  27  27  27  27  27  27  27  27  27  27  27  27  
 0   0   0   0   0   0   0   0   0   0   0   0   0   0   0   0   0   0   0   0   0   0   0   0   0   0   0   0   0   0   0   0   0   0   0   0   0  31  31  31  31  31  31  31  31  31  31  31  31  31   8   3   4  20  14  16  17   5   2   5  16  18  13  27  27  27  27  27  27  27  27  27  27  27  27  
 0   0   0   0   0   0   0   0   0   0   0   0   0   0   0   0   0   0   0   0   2   0   0   0   0   0   0   0   8   0   0   0   0   0   2   0   0  31  31  31  31  31  31  31  31  31  31  31  31  31  15  17   9  16  18   4  19  12  19   2  10  12   1  27  27  27  27   3  27  27  27  27  27  27  27  
 0   0   0   0   0   0   0   1   1   0   0   0   0   0   0   0   0   0   0   0   0   0   0   0   0   0   0   0   0   0   0   0   6   0   7   0   0  31  31  31  31  31  31  31  31  31  31  31  31  31  11   1  11   7  19  18   1   5   4   3  20   7  12  27  27   1  27  27  27  27  27  27  27  27  27  
 0   0   0   0   0   0   0   0   0   0   0   0   3   0   0   0   0   0   2   0   0   0   0   0   0   0   0   0   0   0   0   0   0   0   0   0   0  31  31  31  31  31  31  31  31  31  31  31  31  31  10   5  13  15   9   6   9   2   3   2  19   3  19  27  27  27  27  27  27  27  27  27  27  27  27  
 0   0   0   0   0   0   0   0   0   0   0   8   0   0   0   0   0   0   0   0   0   0   0   0   0   0   0   0   0   0   0   0   0   0   0   0   0  31  31  31  31  31  31  31  31  31  31  31  31  31  17   8   9   3  19   1  15  11   1   4   4   4  10  27  27  27  27  27  27  27  27  27  27  27  27  
 0   0   0   0   0   0   0   0   0   0   0   0   0   0   0   0   0   0   0   0   0   0   0   0   0   0   0   0   0   0   0   0   0   0   0   0   0  31  31  31  31  31  31  31  31  31  31  31  31  31  15   4   3  11   6  20  11  12   8   7  16  13   3  27  27  27  27  27  27  27  27  27  27  27  27  
 0   0   0   0   0   0   0   6   0   0   0   0   0   0   0   0   3   0   0   0   0   0   0   0   0   0   0   0   0   0   0   0   0   0   0   0   0  31  31  31  31  31  31  31  31  31  31  31  31  31   7   8  12   1   5  17   3   8   9  12   2  16   4  27  27  27   1  27  27  27  27  27  27  27  27  
 0   0   0   0   0   0   0   0   0   0   0   0   0   0   0   0   0   0   0   0   0   0   0   0   0   0   0   0   0   0   0   0   0   0   0   0   0  31  31  31  31  31  31  31  31  31  31  31  31  31   3  14   3   6   9   3   4   3   1   9  11   1   1  27  27  27  27  27  27  27  27  27  27  27  27  
 0   0   0   0   0   0   0   0   0   0   0   0   2   0   0   0   0   0   0   0   0   0   0   0   0   0   0   0   0   0   0   0   0   0   0   0   0  12   5  14  12   4   1   9   9  16   1  19  18  18  25  25  25  25  25  25  25  25  25  25  25  25  25  30  30  30  30  30  30  30  30  30  30  30  30  
 0   0   0   0   0   0   0   0   9   0   0   0   0   0   0   0   0   0   0   0   0   0   0   0   0   0   0   0   0   0   0   0   0   0   0   0   0   9  14   8   2  10   5  15  13   2  12   2   1   8  25  25  25  25  25  25  25  25  25  25  25  25  25  30  30  30  30  30  30  30  30  30  30  30  30  
 0   0   2   0   0   0   0   0   0   0   0   0   0   0   0   0   0   0   0   0   0   0   0   0   0   0   0   0   0   0   0   0   0   0   0   0   0   3  12  20   3   2  11  11   5  18   1  13  14   1  25  25  25  25  25  25  25  25  25  25  25  25  25  30  30  30  30  30  30  30  30  30  30  30  30  
 0   0   0   0   0   0   0   0   0   0   0   0   0   2   0   0   0   0   8   0   0   0   0   0   0   0   0   0   0   0   0   0   0   0   0   0   0  12  20  18  10   1   7   7  15   2  16  18  15   7  25  25  25  25  25  25  25  25   3  25  25  25  25   7  30  30  30  30  30  30  30  30   9  30  30  
 0   0   0   0   0   0   0   0   0   0   0   0   0   0   0   0   0   0   0   0   0   0   0   0   0   0   0   0   0   0   0   0   0   0   0   0   0   4  10   1   2   8  16   9  16  19  16  15   6  10  25  25  25  25  25  25  25  25  25  25  25  25  25  30  30  30  30  30  30  30  30  30  30  30  30  
 0   0   0   0   0   0   0   0   0   0   0   0   0   0   0   0   0   0   0   0   0   0   0   0   0   0   0   0   0   0   0   0   0   0   0   0   0   3   9  11   1  11   3   7  10   4   7   6  12  16  25  25  25  25  25  25   9  25  25  25  25  25  25  30  30  30  30  30  30  30  30  30  30  30  30  
 0   0   0   0   0   0   0   0   0   0   1   0   0   0   0   0   0   0   0   0   0   0   0   0   0   0   0   0   0   0   0   0   0   0   0   0   0   8  14  11   6   2   6  15  19  14   3   7   6  18  25  25  25   3  25  25  25  25  25  25  25  25  25  30  30  30  30  30  30  30  30  30  30  30   7  
 8   0   0   0   0   0   0   0   0   0   0   0   0   0   0   0   0   0   0   6   0   0   0   0   0   0   0   0   0   0   0   0   0   0   0   0   0  20   6  18   9   9   7   4  13  10   2   5  10   3  25  25  25  25  25  25  25  25  25  25  25  25  25  30  30  30  30  30  30  30  30  30  30  30  30  
 0   0   0   0   0   0   0   0   0   0   0   0   0   0   0   0   0   0   0   0   0   0   0   0   0   0   0   0   0   0   0   0   0   0   0   0   0  17  13  17   6  16  18   2   7   3   5  17   6  10  25  25  25  25  25  25  25  25  25  25  25  25  25  30  30  30  30  30  30  30  30  30  30  30  30  
 0   0   0   0   0   0   0   0   0   0   0   0   0   0   0   0   0   0   2   7   0   0   0   0   0   0   0   0   0   0   0   0   0   0   0   0   0  17   9   7  14   6  19  17  17  10  11  15   7   2  25  25  25  25  25  25  25  25  25  25  25  25  25  30  30  30   9  30  30  30  30  30  30  30  30  
 0   0   0   0   0   0   0   0   0   0   0   0   0   0   0   0   0   0   0   0   0   0   0   0   0   0   0   0   0   0   0   0   0   0   0   0   0  17  13  14   3   4  14   2   2  16  17   5  18  11  25  25  25  25  25  25  25  25  25  25  25  25  25  30  30  30  30  30  30  30  30  30  30  30  30  
 0   0   0   0   0   0   0   0   0   0   0   0   0   0   0   0   0   0   0   0   0   0   0   0   0   0   0   0   0   0   0   0   0   0   0   0   0  16   2  16  16  20  15  15  20  18  17   2  18  15  25  25  25  25  25  25  25  25  25  25  25  25  25  30  30  30  30  30  30  30  30  30   8  30  30  
26  26  26  26  26  26  26  26  26  26  26  26  26  31  31  31  31  31  31  31  31  31  31  31  31  13   7  15   8   7   9   9   3   1  11  14   4   0   0   0   0   0   0   0   0   0   0   0   0   0   0   0   0   0   0   0   0   0   0   0   0   0   0   0   0   0   0   0   0   0   0   0   0   0   0  
26  26  26  26  26  26  26  26  26  26  26  26  26  31  31  31  31  31  31  31  31  31  31  31  31  14  19   9   1   6  13  11   7   9  12  12   2   0   0   0   0   0   0   0   0   0   0   0   7   0   0   0   0   0   0   0   0   0   0   0   0   0   0   0   0   0   0   0   0   0   0   0   0   0   0  
26   3  26  26  26  26  26  26  26  26  26  26  26  31  31  31  31  31  31  31  31  31  31  31  31   9  18  17  11   8  10   6  18   5  12  14   1   0   0   0   0   0   0   0   0   0   0   0   0   0   0   0   1   0   0   0   0   0   0   0   0   0   0   0   0   7   0   0   0   0   0   0   0   0   0  
26  26  26  26  26  26  26  26  26  26  26  26  26  31  31  31  31  31  31  31  31  31  31  31  31  18  14  18   3   1   3  16  12   6  13   3  13   0   0   0   0   0   0   0   0   0   0   0   0   0   0   0   0   0   0   0   0   0   0   0   0   0   0   0   0   5   0   0   0   0   0   0   0   0   0  
26  26  26  26  26  26  26  26  26  26  26  26  26  31   5  31  31  31  31  31  31  31  31  31  31  19  10   2   3  10   7   5   2   3   3   4   6   0   0   0   0   0   0   0   0   0   0   0   0   0   0   0   0   0   0   0   0   0   0   0   0   0   0   0   0   0   0   0   0   0   0   0   0   0   0  
26  26  26  26  26  26  26  26  26  26  26  26  26  31  31  31  31  31  31  31  31  31  31  31  31  20   5  10  13   4  10  20  10  16  20   7  19   0   0   0   0   0   0   0   0   0   0   0   0   0   0   0   0   4   0   0   0   0   0   0   0   0   0   0   0   0   0   0   0   0   0   0   0   0   0  
26  26  26  26  26  26  26  26  26  26  26  26  26  31  31  31  31  31  31  31  31  31  31  31  31  17  14  12  10   9  11   6   3  18  12  13  19   0   0   0   0   0   0   0   0   0   0   0   0   0   0   6   0   0   0   0   0   0   0   0   0   0   0   0   0   0   0   0   0   0   0   0   0   0   0  
26  26  26  26  26  26  26  26  26  26  26  26  26  31  31  31  31  31  31  31  31  31  31  31  31  12  16  18  14   2  17  18  10  17   4  19   5   0   0   0   0   0   0   0   0   0   0   0   0   0   0   0   0   0   0   0   0   0   0   0   0   0   0   0   6   5   0   0   0   0   0   0   0   0   0  
26  26   7  26  26   7  26  26  26  26  26  26  26  31  31  31  31  31  31  31  31  31  31  31  31   1   7  12  18  15   7   7  10  16  14   3  13   0   0   0   0   0   0   0   0   0   0   0   0   0   0   0   0   0   0   0   1   0   0   0   0   0   0   0   0   0   0   0   0   0   0   0   0   0   0  
26  26  26  26  26  26  26  26  26  26  26  26  26  31  31  31  31  31  31  31  31  31  31  31  31  18   3  19  14  13   7   8  17   5   1   8  11   0   0   0   0   0   0   0   0   0   0   0   0   0   0   0   0   0   0   0   0   0   0   0   0   0   0   0   0   0   0   0   0   0   0   0   0   0   0  
26  26  26  26  26  26  26  26  26  26  26  26  26  31  31  31  31  31  31  31  31  31  31  31  31  14  20   6   7  11   2   7  16  20   2   8  16   0   0   0   0   0   0   0   0   0   0   0   0   0   0   0   0   0   0   0   0   0   0   0   0   0   0   0   0   0   0   1   0   0   0   0   0   0   0  
26  26  26  26  26  26  26   1  26  26  26  26  26  31  31  31  31  31  31  31  31  31  31  31  31   5  11   4   9   9   2   2   5  18   7  18   6   0   7   0   0   0   0   0   0   0   0   0   0   2   0   0   0   0   0   0   0   0   0   0   0   0   0   0   0   0   0   0   0   0   0   0   0   0   0  
26  26  26  26  26  26  26  26  26  26  26  26  26  31  31  31  31  31  31  31  31  31  31  31  31   7   1  16   7  12   1  17  13  15   7   6  14   0   0   0   0   0   0   0   0   0   0   0   2   0   0   0   0   0   0   0   0   0   0   0   0   9   0   0   9   0   0   0   0   0   0   0   0   0   0  
28  28  28  28  28  28  28  28  28  28  28  28  28   4  18   7   2   7  11  11   9  15  16   8  18  25  25  25  25  25  25  25  25  25  25  25  25   0   0   0   0   0   0   0   0   0   0   0   0   0   0   0   0   0   0   0   0   0   0   0   0   0   0   0   0   0   0   0   0   0   6   0   0   0   0  
28  28  28  28  28  28  28  28  28  28  28  28  28  14  20  17   2  20  16   1  10  14  16  15  20  25  25  25  25  25  25  25  25  25  25  25  25   0   0   0   0   0   0   6   0   0   0   0   0   0   0   0   0   0   0   0   0   0   4   0   0   0   0   0   0   0   0   5   0   0   9   0   0   0   0  
28  28  28  28  28  28  28  28  28  28  28  28  28   4  16   5   2  10   7   1  19  11  12  20   1  25  25  25  25  25  25  25  25  25  25  25  25   0   0   1   0   0   0   0   0   0   0   0   0   0   0   0   0   0   0   0   0   0   0   0   0   0   0   0   0   0   0   0   0   0   0   0   0   0   0  
28   9  28  28  28  28  28  28  28  28  28  28  28  13   7  20  15   2  17  19   1   9   1  18   6  25  25  25  25  25  25   3  25  25  25  25  25   0   0   0   0   0   4   0   0   0   0   0   0   0   0   0   0   0   0   0   0   0   0   0   0   0   0   0   0   0   0   0   0   7   0   0   0   0   0  
28  28  28  28  28  28  28  28  28  28  28  28  28  10   3   5   7  13   5  17   9   8   6  10  15  25  25  25  25  25  25  25  25  25  25  25  25   0   0   0   0   0   0   0   0   0   0   0   0   0   0   0   0   0   0   0   0   0   0   0   0   0   0   0   0   0   0   0   0   0   0   0   0   0   9  
28  28  28  28  28  28  28  28  28  28   6  28  28  11   1  11   5   2   5  18   2  12  11  16  17  25  25  25  25  25  25  25  25  25  25  25  25   0   0   0   0   0   0   0   0   0   0   0   0   0   0   0   0   0   0   0   0   0   0   0   0   0   4   0   0   0   0   0   0   0   0   0   6   0   0  
28  28  28  28  28  28  28  28  28  28  28  28  28   4  17   8   8  11   6   3   9  12  19  10   3  25  25  25  25  25   9  25  25  25  25  25  25   0   0   0   0   0   0   0   0   1   0   0   0   0   0   0   0   0   0   0   0   0   0   0   0   0   0   0   0   0   0   0   0   0   0   0   0   0   0  
28  28  28   8  28  28  28  28  28  28  28  28  28  12  15  19  16   2  20  15   2   6  17   6  15  25  25  25  25  25  25  25  25  25  25  25  25   0   0   0   0   0   0   0   0   0   0   0   0   0   0   0   0   0   0   0   0   0   0   0   0   0   0   0   0   0   0   0   0   0   0   0   0   0   0  
28  28  28  28  28  28  28  28  28  28  28  28  28   4  10  20  16  20  20  16  19  14   1  15  12  25  25  25   3  25  25  25  25  25  25  25  25   0   0   0   0   0   0   0   0   0   0   0   0   0   0   4   0   0   0   0   0   0   0   0   0   0   0   0   0   0   0   0   0   0   0   0   0   0   0  
28  28  28  28  28  28  28  28  28  28  28  28  28  13  13   3   9   5   3   3  19  15  15   2  14  25  25  25  25  25  25  25  25  25  25  25  25   0   0   0   0   0   0   0   0   0   0   0   0   0   0   0   0   0   0   0   0   0   0   0   0   0   0   0   0   0   0   0   4   0   0   0   0   0   0  
28  28  28  28  28  28  28  28  28  28  28  28  28  11  14   8  10  18  10  11   3   9  12  17  19  25  25  25  25  25  25  25  25  25  25  25  25   0   0   0   0   0   0   0   0   0   0   0   0   0   0   0   0   0   0   0   0   0   0   0   0   0   0   0   0   0   0   0   0   0   0   0   0   0   0  
28  28  28  28  28  28  28  28  28  28  28  28   6   4  16   3   3   8  10   6  18  10   3   6   1  25  25  25  25  25  25  25  25  25  25  25  25   0   0   0   0   0   0   0   0   0   0   0   0   9   0   0   0   0   0   0   0   0   0   0   0   0   0   0   0   0   0   0   0   0   0   0   0   4   0  
28  28  28  28  28  28  28  28  28  28  28  28  28  10  11  19   1   7   9   7   2   6  17  15  17  25  25  25  25  25  25  25  25  25  25  25  25   0   0   0   0   0   0   0   0   0   0   0   0   0   0   0   0   0   0   4   0   0   0   0   0   0   0   0   0   0   0   0   0   0   0   0   0   0   0  
11   9   5   3  19   6  12   7  10  15   3  11   9  27  27  27  27  27  27  27  27  27  27  27  27  30  30  30   7  30  30  30  30  30  30  30  30   0   0   0   0   0   0   0   0   0   0   0   0   0   0   0   0   0   0   0   0   0   0   0   0   0   0   0   0   0   0   0   0   0   0   0   0   0   0  
10  16  18  11  18  13  13  11  18   9  15  13  16  27  27  27  27  27  27  27  27  27  27  27  27  30  30  30  30  30  30  30  30  30  30  30  30   0   0   0   0   0   0   0   6   0   0   0   0   9   0   0   0   0   0   0   0   0   0   0   0   0   0   0   0   0   0   0   0   0   4   0   0   0   0  
 5   8  20   5   6  15   9  12   1   8   7  10  11  27  27  27  27  27  27   1  27  27  27  27  27  30  30  30  30  30  30  30  30  30  30  30  30   0   0   7   5   0   0   0   5   0   0   0   0   0   0   0   0   0   0   0   0   0   0   0   0   0   0   0   0   0   0   0   0   0   0   0   0   0   0  
 8  12   4  18  18  11   6  19  15  13   3  14  12  27   1  27  27  27  27  27  27  27  27   1  27  30  30  30  30  30  30  30  30  30   9  30  30   0   0   0   0   0   0   0   0   0   0   0   0   0   0   0   0   0   0   0   0   0   0   0   0   0   0   0   0   0   0   0   0   0   0   7   0   0   0  
19   7   3  13   9   7  15  10   9  10  19   7   4  27  27  27  27  27   3  27  27  27  27  27  27  30  30  30  30  30  30  30  30  30  30  30  30   0   0   0   0   0   0   0   0   0   0   1   0   0   0   5   0   0   0   0   0   0   0   0   0   0   0   0   0   0   0   0   0   0   0   0   0   0   0  
 7   3  14  19  15   8   1  17   2  16  19  17   6  27  27  27  27  27  27  27  27  27  27  27  27  30  30  30  30  30  30  30  30  30  30  30  30   0   0   0   0   0   0   0   0   0   0   0   0   0   0   0   0   0   0   0   0   0   0   4   0   0   0   0   0   0   0   0   0   0   0   0   0   0   0  
 9   4  10  16   6   5   8   7  11   7  11   7   5  27  27  27  27  27  27  27  27  27  27  27  27  30  30  30  30  30  30  30  30  30  30  30  30   0   0   0   0   0   0   0   0   0   0   0   0   0   0   0   0   7   0   0   0   0   0   0   0   0   0   0   0   0   0   0   0   0   0   0   0   0   0  
16  12  18   3   5  16  15  16   2   6   7  15   6  27  27  27  27  27  27  27  27  27  27  27  27  30  30  30  30  30  30  30  30  30  30  30  30   0   0   0   0   0   0   0   0   0   0   0   0   0   6   9   0   0   0   0   0   0   0   0   0   0   0   0   4   0   0   0   0   0   0   0   0   0   0  
11   1  14  13   9  17  11   3   1  14  10  18  20  27  27  27  27  27  27  27  27  27  27  27  27  30  30  30  30  30  30  30  30  30  30  30  30   0   0   0   0   0   0   0   0   0   0   0   0   0   0   0   0   0   0   0   0   0   0   0   0   0   0   0   0   0   7   0   0   0   0   0   0   0   0  
 3  18  13   5  14   2  19  15   8   4   7  15   7  27   9  27  27  27  27  27  27  27  27  27  27  30  30  30   9  30  30  30  30  30  30  30   8   0   0   0   0   0   0   0   0   0   0   0   0   0   0   0   0   0   0   6   0   0   0   0   0   0   0   0   0   0   0   0   0   0   0   0   0   0   0  
19   5  13  15  18   4  10  20  12  17   6  18  14  27  27  27  27  27  27  27  27  27  27  27  27  30  30  30  30  30  30  30  30  30  30  30  30   0   0   0   0   0   0   0   0   0   0   0   0   0   0   0   0   0   0   0   0   0   0   0   0   4   0   0   0   0   0   0   0   0   0   0   0   0   0  
13  11   1  19   2   2   8   7  19  17  13   2   4  27  27  27  27  27  27  27  27  27  27  27  27  30  30  30  30  30  30   7  30  30  30  30  30   0   0   0   0   0   0   0   0   0   0   0   0   0   0   0   0   0   9   0   0   0   0   0   0   0   0   0   0   0   0   0   0   0   0   0   0   0   0  

 0  20  15   3   5  17   6   4  20  13  20   6  15  31  31  31  31  31  31  31  31  31  31  31  31  28  28  28  28  28  28  28  28  28  28  28  28   0   0   0   0   0   0   0   0   0   0   0   0   0   0   0   0   0   0   0   0   0   0   0   0   0   0   0   0   0   0   0   0   0   0   0   0   0   0  
 5   0  16  14   5  15   7   6  15  13   3   5   1  31  31  31  31   6  31  31  31  31  31  31  31  28  28  28  28  28  28  28  28  28  28  28  28   0   0   0   0   0   0   0   0   0   0   0   0   0   0   0   0   0   0   0   0   0   0   0   0   0   0   0   0   0   0   0   0   0   0   0   0   0   0  
 7   8   0  17  12  11  11   4  18   6  20  19   8  31  31  31  31  31  31  31  31  31  31  31  31  28  28  28   6  28  28  28  28  28  28  28  28   0   0   0   0   0   0   0   8   0   0   0   0   0   0   0   0   0   0   0   0   0   0   0   0   0   0   0   0   0   0   0   0   0   0   0   0   0   0  
17  14  16   0   8   7  18  16   5   7   7   3   7  31  31  31  31  31  31  31  31  31  31  31  31  28  28  28  28  28  28  28  28  28  28  28  28   0   0   0   0   0   4   0   0   0   0   0   0   0   0   4   0   0   0   0   0   0   0   0   0   0   0   0   0   0   0   0   0   0   0   0   0   0   0  
12  19  18  17   0  17  19   9  17  13  19   6  13  31  31  31  31  31  31  31  31  31  31  31  31  28  28  28  28  28   5  28  28  28  28  28  28   0   0   0   0   0   0   0   0   0   0   0   0   0   0   0   0   0   0   0   0   0   0   0   0   0   0   0   0   0   0   0   0   0   0   0   0   0   0  
 8  13  18   8   2   0   5   4  14   4  17  15  16  31  31  31  31  31  31  31  31  31  31  31  31  28  28  28  28  28  28  28  28  28  28  28  28   0   0   0   0   0   0   0   0   0   0   0   0   0   0   0   0   0   0   0   0   0   0   0   3   0   0   0   0   0   0   0   0   0   0   0   0   0   0  
14  15  16  12  12  20   0  15   1  14  11  15   8  31  31  31  31  31  31  31  31  31  31  31  31  28  28  28  28  28  28  28  28  28  28  28  28   0   0   0   0   0   0   0   0   0   0   0   0   0   0   0   0   0   0   0   0   0   0   0   0   0   0   0   0   0   0   0   0   0   0   0   0   0   0  
13  11  15  14  14  12   6   0  12   6  13  10   4  31  31  31  31  31  31  31  31  31  31  31   5  28  28  28  28  28  28  28  28  28  28  28  28   0   0   0   0   0   0   0   0   0   0   0   0   0   0   0   0   0   0   0   0   0   0   0   0   0   0   0   0   0   0   0   0   0   0   0   0   0   0  
18  20  12  17  10  12   9  17   0  13   9   1   8  31  31  31  31  31  31  31  31  31  31  31  31  28  28  28  28  28  28  28  28  28  28  28  28   0   0   0   0   0   0   0   0   0   0   0   0   1   0   0   0   0   0   0   0   0   0   0   0   0   0   0   0   0   0   0   0   0   0   0   0   0   0  
12   7  20   6   8  11  16  19   2   0  15   5  15  31  31  31  31  31  31  31  31  31  31  31  31  28  28  28  28  28  28  28  28  28  28  28  28   0   0   0   0   0   0   0   0   0   0   0   0   0   0   0   8   3   0   0   0   0   0   0   0   0   0   0   0   0   0   0   0   0   0   0   0   0   0  
15  11  16   3  16  17  18  15  11   3   0  16   8  31  31  31  31  31  31  31  31  31  31  31  31  28  28  28  28  28  28  28  28  28  28  28  28   0   0   0   0   0   5   0   0   0   0   0   0   0   0   0   0   0   0   0   0   0   0   0   0   0   0   0   0   0   0   0   0   0   5   0   0   0   0  
 5  18   1  18  13   8  10   2   4  12  11   0  17  31  31  31  31  31  31  31  31  31  31  31  31  28  28  28  28  28  28  28  28  28  28  28  28   0   0   0   0   0   0   0   0   0   0   0   0   0   0   0   0   0   0   0   0   0   0   0   0   0   0   0   0   0   0   0   0   0   0   0   0   0   0  
 2  13   4  15  12  13  12   2  14   6  20   3   0  31  31  31  31  31  31  31  31  31  31  31  31  28  28  28  28  28  28  28  28  28  28  28  28   0   0   0   0   0   0   0   0   0   0   0   0   0   0   0   0   0   0   0   0   0   0   0   0   0   0   0   0   0   0   0   0   0   0   5   0   0   0  
31  31  31  31  31  31  31  31  31  31  31  31  31   0   1   1   3   4   2  18  19   7  20  19   2  25  25  25  25  25  25  25  25  25  25  25  25   0   0   0   0   0   0   0   0   0   0   0   0   0   0   0   0   0   0   0   0   0   0   0   0   0   0   0   0   0   0   0   0   0   0   0   0   0   0  
31  31  31  31  31  31  31  31  31  31  31  31  31   7   0  13  11   8   6   7   6  14  11   9   7  25  25  25  25  25  25  25  25  25  25  25  25   0   0   0   0   0   0   0   0   0   0   4   0   0   0   0   0   0   0   0   0   0   0   0   0   0   1   0   0   0   0   0   0   0   0   0   0   0   0  
31  31  31  31  31  31  31  31  31  31  31  31  31  20   2   0  15  14  15   8   7  15  19   5   1  25  25  25  25  25  25  25  25  25  25  25  25   0   0   0   0   0   0   0   0   0   0   0   0   0   0   0   0   0   0   0   0   0   0   0   0   0   0   0   0   0   0   0   0   0   0   0   0   0   0  
31  31  31  31  31  31  31  31  31  31  31  31  31   3  17  17   0   9  20  15  15   8  19   4   4  25  25  25  25  25   4  25  25  25  25  25  25   0   0   0   0   0   0   0   0   0   0   0   0   0   0   0   0   0   0   0   0   0   0   0   0   0   0   0   0   0   0   0   0   0   0   0   0   0   0  
31   6  31  31  31  31  31  31  31  31  31  31  31  17  18  15  12   0   4   1   2  10   3  15   5  25  25  25  25  25  25  25  25  25  25  25  25   0   0   0   0   0   0   0   0   0   0   0   0   0   0   0   0   0   0   0   0   0   0   0   0   0   0   0   0   0   0   0   0   0   0   0   0   0   0  
31  31  31  31  31  31  31  31  31  31  31  31  31   9  18   3  10   8   0   1  19  13   1   9  18  25  25  25  25  25  25  25  25  25  25  25  25   0   0   0   0   0   0   0   0   0   0   0   0   0   9   4   0   0   0   0   0   0   0   0   0   0   0   0   0   0   0   0   0   0   0   0   0   0   0  
31  31  31  31  31  31  31  31  31  31  31  31  31   7   5  12   8  20   3   0   2   4   2  19   4  25  25  25  25  25  25  25  25  25  25  25  25   0   7   0   0   0   0   0   0   0   0   0   0   0   0   0   0   0   0   0   0   0   0   0   0   0   0   0   0   0   0   0   0   0   0   0   0   0   0  
31  31  31  31  31  31  31  31  31  31  31  31  31   3  15   3   4  10  13   1   0  20  13   4  20  25  25  25  25  25  25  25  25  25  25  25  25   0   0   0   0   0   0   0   0   0   0   0   0   0   0   0   0   0   0   0   0   0   0   0   0   0   0   0   0   0   0   0   0   0   0   0   0   0   0  
31  31  31  31  31  31  31  31  31  31  31  31  31  19   5  12  10  15   8  17  12   0   4  14   3  25  25  25  25  25  25  25  25  25  25   1  25   0   0   0   0   0   0   0   0   0   0   0   0   0   0   0   0   0   0   0   0   0   0   0   0   0   0   0   0   0   0   0   0   0   0   0   0   0   0  
31  31  31  31  31  31  31  31  31  31  31  31  31   7   7   6   3  20   6   4  17   4   0   7  19  25  25  25  25  25  25  25  25  25  25  25  25   0   0   0   0   0   0   0   0   0   0   0   0   0   0   0   0   0   0   0   0   0   0   0   0   0   0   0   0   9   0   0   0   0   0   0   0   0   0  
31  31  31  31  31  31  31  31  31  31  31  31  31  19  15  16   1  17   1   5  17  18   7   0  11  25  25  25  25  25  25  25  25  25  25  25   2   0   0   0   0   0   0   0   0   0   0   0   0   0   0   0   0   0   0   0   0   0   0   3   0   8   0   0   0   0   0   0   0   0   0   0   0   0   0  
31  31  31  31  31  31  31   5  31  31  31  31  31  18  12   3   8  15  14   5  16  16  17   3   0  25  25  25  25  25  25  25  25  25  25  25  25   0   2   0   0   0   0   0   0   0   0   0   0   0   0   0   0   0   0   0   0   0   0   0   0   1   0   0   0   0   0   0   0   0   0   0   0   0   0  
28  28  28  28  28  28  28  28  28  28  28  28  28  25  25  25  25  25  25  25  25  25  25  25  25   0   6  16  18   2  16  12   8  14   3   4  17   0   0   0   0   0   0   0   0   0   0   0   0   0   0   0   0   0   0   0   0   0   0   0   0   0   0   0   0   0   0   0   0   0   0   0   0   0   0  
28  28  28  28  28  28  28  28  28  28  28  28  28  25  25  25  25  25  25  25  25  25  25  25  25   1   0   2  20   8   6  19   4  15  16  20   4   0   0   0   0   0   0   0   0   0   0   0   0   0   0   0   0   0   0   0   0   0   0   0   0   0   0   0   0   0   0   0   0   0   0   0   0   0   0  
28  28  28  28  28  28  28  28  28  28  28  28  28  25  25  25  25  25  25  25  25  25  25  25  25   3  17   0   5   5  11  11   9  16   7  19   4   0   0   0   0   0   0   0   0   0   0   0   0   0   0   0   0   0   0   0   0   0   0   0   0   0   0   0   0   0   0   0   0   0   0   0   0   0   0  
28  28   6  28  28  28  28  28  28  28  28  28  28  25  25  25  25  25  25  25  25  25  25  25  25  18  20   5   0  19  19  20  11  12  14  20  14   5   0   0   0   0   0   0   0   0   0   0   0   0   0   0   0   0   0   0   0   0   0   0   0   0   0   0   0   0   0   0   0   0   0   7   0   0   5  
28  28  28  28  28  28  28  28  28  28  28  28  28  25  25  25  25  25  25  25  25  25  25  25  25   9  18  14   4   0   3   2   7  15  11  13   3   0   0   0   0   0   0   0   0   0   0   0   0   0   0   0   0   0   0   0   0   0   0   0   0   0   0   0   0   0   0   0   0   0   0   0   0   0   0  
28  28  28  28   5  28  28  28  28  28  28  28  28  25  25  25   4  25  25  25  25  25  25  25  25  12   6   2   9   4   0   6  19  20  19  11  12   0   0   0   0   0   0   0   0   0   0   0   0   0   0   0   0   0   0   0   0   0   0   0   0   0   0   0   0   0   0   0   0   0   0   0   0   0   0  
28  28  28  28  28  28  28  28  28  28  28  28  28  25  25  25  25  25  25  25  25  25  25  25  25  16   5  19  15  14  20   0  11  13  12   6   8   0   0   0   0   0   0   0   3   0   0   0   0   0   0   0   0   0   0   0   0   0   0   0   0   0   0   3   0   0   0   0   0   0   0   0   0   0   0  
28  28  28  28  28  28  28  28  28  28  28  28  28  25  25  25  25  25  25  25  25  25  25  25  25  13  12  16   3   9  14   8   0   5   4   4  15   0   0   2   0   0   0   0   0   0   0   0   0   0   0   0   0   0   0   0   0   0   0   0   0   0   0   0   0   0   0   0   0   0   0   0   0   0   0  
28  28  28  28  28  28  28  28  28  28  28  28  28  25  25  25  25  25  25  25  25  25  25  25  25  14  15  16  10  12   3   6  15   0   6   9   4   0   0   0   0   0   0   0   0   0   0   0   0   0   0   0   0   0   0   0   0   0   0   0   0   0   0   0   0   0   0   0   0   0   0   0   1   0   0  
28  28  28  28  28  28  28  28  28  28  28  28  28  25  25  25  25  25  25  25  25  25  25  25  25  12  14  13  18   9   9   6  18   4   0   9   3   0   0   0   0   0   0   0   0   0   0   0   0   0   0   0   0   0   0   0   0   0   0   0   0   0   0   0   0   0   0   0   0   0   0   0   0   0   0  
28  28  28  28  28  28  28  28  28  28  28  28  28  25  25  25  25  25  25  25  25   1  25  25  25   2   1   7  16   4   1  15   7  14  17   0  11   0   4   0   0   0   0   0   0   0   0   0   0   0   0   0   0   0   0   0   0   0   0   0   0   0   0   0   0   0   0   0   0   0   0   0   0   0   0  
28  28  28  28  28  28  28  28  28  28  28  28  28  25  25  25  25  25  25  25  25  25  25   2  25   3  10  12  15   1  15   4   1  11  19  11   0   0   0   0   0   4   0   0   0   0   0   0   0   0   0   0   0   0   0   0   0   1   0   0   0   0   0   0   0   0   0   0   0   0   0   0   0   0   0  
 0   0   0   0   0   0   0   0   0   0   0   0   0   0   0   0   0   0   0   0   0   0   0   0   0   0   0   0   5   0   0   0   0   0   0   0   0  15  13   2  15  17   6   8   5   5   1  12  15  14  25  25  25  25  25  25  25  25  25  25  25  25  25  25  25  25  25  25  25  25  25  25  25  25  25  
 0   0   0   0   0   0   0   0   0   0   0   0   0   0   0   0   0   0   0   7   0   0   0   0   2   0   0   0   0   0   0   0   0   0   0   4   0  13  14   6  20   7  16  10  11  20  15   7   4  17  25  25  25  25  25  25  25  25  25  25  25  25  25  25  25  25  25  25  25  25  25  25  25  25  25  
 0   0   0   0   0   0   0   0   0   0   0   0   0   0   0   0   0   0   0   0   0   0   0   0   0   0   0   0   0   0   0   0   2   0   0   0   0  15  18  12   4   6  12   3  16  10   7   8   1   6  25  25  25  25  25  25  25  25  25  25  25  25  25  25  25  25  25  25  25  25  25  25  25  25  25  
 0   0   0   0   0   0   0   0   0   0   0   0   0   0   0   0   0   0   0   0   0   0   0   0   0   0   0   0   0   0   0   0   0   0   0   0   0   5  18  17  10   9   5  20  19  17   2  13   9   3  25  25  25  25  25  25  25  25  25  25  25  25  25  25  25  25  25  25  25  25  25  25  25  25  25  
 0   0   0   0   0   0   0   0   0   0   0   0   0   0   0   0   0   0   0   0   0   0   0   0   0   0   0   0   0   0   0   0   0   0   0   0   4   7   5   1   9   5  13  19   3   3  20   3   7  11  25  25  25  25  25  25  25  25  25  25  25  25  25  25  25  25  25  25  25  25  25  25  25  25  25  
 0   0   0   4   0   0   0   0   0   0   5   0   0   0   0   0   0   0   0   0   0   0   0   0   0   0   0   0   0   0   0   0   0   0   0   0   0  20   4   5  14  16  19  16   6   1  20   2  11   9  25  25  25  25  25  25  25  25  25  25  25  25  25  25  25  25  25  25  25  25  25  25  25  25  25  
 0   0   0   0   0   0   0   0   0   0   0   0   0   0   0   0   0   0   0   0   0   0   0   0   0   0   0   0   0   0   0   0   0   0   0   0   0   7   1  19  15   1   1  14  17  11  10   2  13  17  25  25  25  25  25  25  25  25  25  25  25  25  25  25  25  25  25  25  25  25  25  25  25  25  25  
 0   0   8   0   0   0   0   0   0   0   0   0   0   0   0   0   0   0   0   0   0   0   0   0   0   0   0   0   0   0   0   3   0   0   0   0   0  20  12  15  20  17  13  19  20   2   3   9   3  13  25  25  25  25  25  25  25  25  25  25  25  25  25  25  25  25  25  25  25  25  25  25  25  25  25  
 0   0   0   0   0   0   0   0   0   0   0   0   0   0   0   0   0   0   0   0   0   0   0   0   0   0   0   0   0   0   0   0   0   0   0   0   0   4  16  18  16  12   4   9  15  10   2  11   3   1  25  25  25  25  25  25  25  25  25  25  25  25  25  25  25  25  25  25  25  25  25  25  25  25  25  
 0   0   0   0   0   0   0   0   0   0   0   0   0   0   0   0   0   0   0   0   0   0   0   0   0   0   0   0   0   0   0   0   0   0   0   0   0  20   3   6  10   4   1   6  13  11  14   1  15  10  25  25  25  25  25  25  25  25  25  25  25  25  25  25  25  25  25  25  25  25  25  25  25  25  25  
 0   0   0   0   0   0   0   0   0   0   0   0   0   0   4   0   0   0   0   0   0   0   0   0   0   0   0   0   0   0   0   0   0   0   0   0   0  15   6  17  11   1  12  19  18  15  19   2  11  20  25  25  25  25  25  25  25  25  25  25  25  25  25  25  25  25  25  25  25  25  25  25  25  25  25  
 0   0   0   0   0   0   0   0   0   0   0   0   0   0   0   0   0   0   0   0   0   0   0   0   0   0   0   0   0   0   0   0   0   0   0   0   0  13  12   2  20   7  11   2  15  14  14  18   3  12  25  25  25  25  25  25  25  25  25  25  25  25  25  25  25  25  25  25  25  25  25  25  25  25  25  
 0   0   0   0   0   0   0   0   1   0   0   0   0   0   0   0   0   0   0   0   0   0   0   0   0   0   0   0   0   0   0   0   0   0   0   0   0  11   9  12  11  16   3   1  20   9  10   2   6  13  25  25  25  25  25  25  25  25  25  25  25  25  25  25  25  25  25  25  25  25  25  25  25  25  25  
 0   0   0   0   0   0   0   0   0   0   0   0   0   0   0   0   0   0   9   0   0   0   0   0   0   0   0   0   0   0   0   0   0   0   0   0   0  25  25  25  25  25  25  25  25  25  25  25  25  25   9  11   3  18   4   7  11  12   4   2   2   3  20  26  26  26  26  26  26  26  26  26  26  26  26  
 0   0   0   4   0   0   0   0   0   0   0   0   0   0   0   0   0   0   4   0   0   0   0   0   0   0   0   0   0   0   0   0   0   0   0   0   0  25  25  25  25  25  25  25  25  25  25  25  25  25  15   5  16   1   7   2  16   7   3  14   5  11  15  26  26  26  26  26  26  26  26  26  26  26  26  
 0   0   0   0   0   0   0   0   0   8   0   0   0   0   0   0   0   0   0   0   0   0   0   0   0   0   0   0   0   0   0   0   0   0   0   0   0  25  25  25  25  25  25  25  25  25  25  25  25  25   8  10  13  18  12   7  14   9  20  10  11   5   8  26  26  26  26  26  26  26  26  26  26  26  26  
 0   0   0   0   0   0   0   0   0   3   0   0   0   0   0   0   0   0   0   0   0   0   0   0   0   0   0   0   0   0   0   0   0   0   0   0   0  25  25  25  25  25  25  25  25  25  25  25  25  25  14  19  20  18  18  13  16   2   4   9  15  10   1  26  26  26  26  26  26  26  26  26  26  26  26  
 0   0   0   0   0   0   0   0   0   0   0   0   0   0   0   0   0   0   0   0   0   0   0   0   0   0   0   0   0   0   0   0   0   0   0   0   0  25  25  25  25  25  25  25  25  25  25  25  25  25  19   5  18   4  10   8  11  19  13  20   3   1   2  26  26  26  26  26  26  26  26  26  26  26  26  
 0   0   0   0   0   0   0   0   0   0   0   0   0   0   0   0   0   0   0   0   0   0   0   0   0   0   0   0   0   0   0   0   0   0   0   0   0  25  25  25  25  25  25  25  25  25  25  25  25  25  18  15  19   1  20  13   6   2   8  10  17  19  11  26  26  26  26  26  26  26  26  26  26  26  26  
 0   0   0   0   0   0   0   0   0   0   0   0   0   0   0   0   0   0   0   0   0   0   0   0   0   0   0   0   0   0   0   0   0   0   0   0   0  25  25  25  25  25  25  25  25  25  25  25  25  25   1   7   3  19   1  16  11  11   2  10  16  17  19  26  26  26  26  26  26  26  26  26  26  26  26  
 0   0   0   0   0   0   0   0   0   0   0   0   0   0   0   0   0   0   0   0   0   0   0   0   0   0   0   0   0   0   0   0   0   0   0   0   1  25  25  25  25  25  25  25  25  25  25  25  25  25   5   6   9  14  20  12  12   7   4  14  19   4   1  26  26  26  26  26  26  26  26  26  26  26  26  
 0   0   0   0   0   0   0   0   0   0   0   0   0   0   0   0   0   0   0   0   0   0   0   0   0   0   0   0   0   0   0   0   0   0   0   0   0  25  25  25  25  25  25  25  25  25  25  25  25  25  16   5   2  14  10  19  17   6  17   9   5   9   4  26  26  26  26  26  26  26  26  26  26  26  26  
 0   0   0   0   0   0   0   0   0   0   0   0   0   0   0   0   0   0   0   0   0   0   0   3   0   0   0   0   0   0   0   0   0   0   0   0   0  25  25  25  25  25  25  25  25  25  25  25  25  25   4   8  11  17   6  10  20  14   7   3   9  18   5  26  26  26  26   9  26  26  26  26  26  26  26  
 0   0   0   0   0   3   0   0   0   0   0   0   0   0   0   0   0   0   0   0   0   0   0   0   0   0   0   0   0   0   0   0   0   0   0   0   0  25  25  25  25  25  25  25  25  25  25  25  25  25   6  19   4  10  11   6  17  15   3  12  13   5  19  26  26  26  26  26  26  26  26  26  26  26  26  
 0   0   0   0   0   0   0   0   0   0   0   0   0   0   0   0   0   0   0   0   0   0   0   8   1   0   0   0   0   0   0   0   0   0   0   0   0  25  25  25  25  25  25  25  25  25  25  25  25  25  12  11   4  16  10   2  19   6   1  11  14   2   1  26  26  26  26  26  26  26  26  26   4  26   4  
 0   0   0   0   0   0   0   0   0   0   0   0   0   0   1   0   0   0   0   0   0   0   0   0   0   0   0   0   0   0   0   0   0   0   0   0   0  25  25  25  25  25  25  25  25  25  25  25  25  25  13  13   9  15   6   3  19   8  19   9  16  11  13  26  26  26  26  26  26  26   9  26  26  26  26  
 0   0   0   0   0   0   0   0   0   0   0   0   0   0   0   0   0   0   0   0   0   0   0   0   0   0   0   0   0   0   0   3   0   0   0   0   0  25  25  25  25  25  25  25  25  25  25  25  25  25  26  26  26  26  26  26  26  26  26  26  26  26  26  20   9  12   2   4  13  15  13  11   8  10   8  
 0   0   0   0   0   0   0   0   0   0   0   0   0   0   0   0   0   0   0   0   0   0   0   0   0   0   0   0   0   0   0   0   0   0   0   0   0  25  25  25  25  25  25  25  25  25  25  25  25  25  26  26  26  26  26  26  26  26  26  26  26  26  26  13   3   8   1  17  10  17  12   3   4  17   3  
 0   0   0   0   0   0   0   0   0   0   0   0   0   0   0   0   0   0   0   0   0   0   9   0   0   0   0   0   0   0   0   0   0   0   0   0   0  25  25  25  25  25  25  25  25  25  25  25  25  25  26  26  26  26  26  26  26  26  26  26  26  26  26  12   3  17   8  13  20  17  15   1   9  10  18  
 0   0   0   0   0   0   0   0   0   0   0   0   0   0   0   0   0   0   0   0   0   0   0   0   0   0   0   0   0   0   0   0   0   0   0   0   0  25  25  25  25  25  25  25  25  25  25  25  25  25  26  26  26  26  26  26  26  26  26  26  26  26  26  18   7  12   9  10   2   4   1  12   1   5  14  
 0   0   0   0   0   0   0   0   0   0   0   0   0   0   0   0   0   0   0   0   0   0   0   0   0   0   0   0   0   0   0   0   0   0   0   0   0  25  25  25  25  25  25  25  25  25  25  25  25  25  26  26  26  26  26  26  26  26  26   9  26  26  26  15  20   8  15   2   1   5  20  10   1  14  20  
 0   0   0   0   0   0   0   0   0   0   0   0   0   0   0   0   0   0   0   0   0   0   0   0   0   0   0   0   0   0   0   0   0   0   0   0   0  25  25  25  25  25  25  25  25  25  25  25  25  25  26  26  26  26  26  26  26  26  26  26  26  26  26   7   1   2   2   9  19   9  17  12  17  19  15  
 0   0   0   0   0   0   0   0   0   0   0   0   0   0   0   0   0   0   0   0   0   0   0   0   0   0   0   0   0   0   0   0   0   0   0   0   0  25  25  25  25  25  25  25  25  25  25  25  25  25  26  26  26  26  26  26  26  26  26  26  26  26  26  19   4  15  18  14   9  10   7   5   7   2  10  
 0   0   0   0   0   0   0   0   0   0   5   0   0   0   0   0   0   0   0   0   0   0   0   0   0   0   0   0   0   0   0   0   0   0   0   0   0  25  25  25  25  25  25  25  25  25  25  25  25  25  26  26  26  26  26  26  26  26  26  26  26  26   9   6  12  11  13   9  18   9   2   9  10  10  12  
 0   0   0   0   0   0   0   0   0   0   0   0   5   0   0   0   0   0   0   0   0   0   0   0   0   0   0   0   7   0   0   0   0   0   0   0   0  25  25  25  25  25  25  25  25  25  25  25  25  25  26  26  26  26  26  26  26  26  26  26  26  26  26  13   8   9   8   1  16   2  18   6  10  16  15  
 0   0   0   0   0   0   0   0   0   0   0   0   0   0   0   0   0   0   0   0   0   0   0   0   0   0   0   0   0   0   0   0   0   1   0   0   0  25  25  25  25  25  25  25  25  25  25  25  25  25  26  26  26  26  26  26  26  26  26  26  26   4  26  13  17   9   7   1  10   1  10   9  20   7   2  
 0   0   0   0   0   0   0   0   0   0   0   0   0   0   0   0   0   0   0   0   0   0   0   0   0   0   0   0   0   0   0   0   0   0   0   0   0  25  25  25  25  25  25  25  25  25  25  25  25  25  26  26  26  26  26  26  26  26  26  26  26  26  26  13   3   1  12  12   5   1   5   8  12  20   5  
 0   0   0   0   0   0   0   0   0   0   0   0   0   0   0   0   0   0   0   0   0   0   0   0   0   0   0   0   5   0   0   0   0   0   0   0   0  25  25  25  25  25  25  25  25  25  25  25  25  25  26  26  26  26  26  26  26  26  26  26  26   4  26  14   8  12  15  10  10   9  17  15  16  17   9  
