72

  0    0    0    0    0    0    0    0    0    0    0    0    0    0    0    0    0    0    0    0    0    0    0    0    0    0    1    0    0    0    0    0    0    0    0    0    0    0    0    0    0    0    0    8    6    0    0    0    0    0    0    0    0    0    0    0    0    0    0    0    0    0    0    0    0    0    0    0    0    0    0    0  
  0    0    0    0    0    0    1    0    0    0    0    0    0    0    0    0    0    0    0    0    0    5    0    0    0    0    0    0    0    0    0    0    0    0    0    0    0    0    0    0    0    0    0    0    0    0    9    0    0    0    0    0    0    0    0    0    0    0    0    0    0    0    0    0    0    0    0    0    0    0    0    0  
  0    0    0    0    0    0    0    7    0    0    0    0    0    0    0    0    0    0    0    0    0    0    0    0    5    0    0    0    0    0    0    0    0    0    0    0    0    0    9    0    0    0    0    0    0    0    0    0    0    0    0    0    0    0    0    0    0    0    0    0    0    0    0    0    0    0    0    0   10    0    0    0  
  0    0    0    0    0    0    0    0    0    0    0    0   10    0    0    0    0    0    0    0    0    0    0    0    1    0    0    0    0    0    0    0    0    0    0    0    0    0    0    0    0    0    0    0    0    0    0    0    0    0    0    0    0    0    0    0    0    0    0    0    5    0    0    0    0    0    3    0    0    0    0    0  
  0    0    0    0    0    0    0    0    0    0    0    0    0    0    0    0    0    0    0    0    0    0    0    0    0    0    0    0    0    0    0    0    0    0    0    0    0    0    2    0    0    0    0    0    0    0    0    0    9    0    0    0    0    0    0    0    0    0    0    0    0    0    0    0    8    0    0    0    0    0    0    0  
  0    0    0    0    0    0    0    8    0    0    0    0    9    0    0    0    0    0    2    0    0    0    0    0    5    0    0    0    0    0    0    0    0    0    0    0    0    0    0    0    0    0    0    0    0    0    0    0    0    0    0    0    0    0    0    0    0    0    0    0    0    0    0    0    0    0    0    0    0    0    0    0  
  0    1    0    0    0    0    0    0    0    0    0    0    0    0    0    0   10    0    0    3    0    0    0    0    0    0    0    0    0    0    0    0    0    0    0    0    0    0    0    0    0    0    0    0    0    0    0    0    0    0    0    0    0    0    0    0    0    0    0    0    0    0    0    0    0    0    0    0    0    0    0    0  
  0    0    7    0    0    8    0    0    0    0    0    0    0    0    0    2    0    0    0    0    0    0    0    0    0    0    0    0    0    0    0    0    0    0    0    0    0    0    0    0    0    0    0    0    0    0    0    0    0    0    0    0    0    8    0    0    0    0    0    0    0    0    0    0    0    0    0    0    0    0    0    0  
  0    0    0    0    0    0    0    0    0    0    0    0    0    0    0    0    0    0    0    0    6    0    0    0    0    0    0    0    0    0    0    0    0    0    7    0    0    0    0    0    0    0    0    0    0    0    0    0    0    0    0    0    0    0    0    0    0    0    0    0    0    0    0    0    0    0    0    0    3    0    0    0  
  0    0    0    0    0    0    0    0    0    0    0    0    0    0    0    0    0    0    0    0    0    0    0    0    0    0    0    0    0    0    0    0    0    0    0    7    0    0    0    0    0    0    0    0    0    0    5    0    0    0    0    0    0    0    0    0    0    0    0    0    0    6    0    0    0    0    0    0    0    0    0    0  
  0    0    0    0    0    0    0    0    0    0    0    0    0    0    0    0    0    0    0    0   10    0    0    0    0    0    0    0    0    0    0    0    0    0    0    0    0    0    0    0    0    0    0    0    0    0    0    0    0    3    0    6    0    0    0    0    0    0    0    0    0    0    0    0    0    0    0    0    0    0    0    0  
  0    0    0    0    0    0    0    0    0    0    0    0    0    0    0    0    0    0    0    0    0    0    0    0    0    0    0    3    0    0    0    0    0    1    0    0    0    0    0    0    0    0    0    0    0    0    0    0    0    0    0    0    0    0    3    0   10    0    0    0    0    0    0    0    0    0    0    0    0    0    0    0  
  0    0    0   10    0    9    0    0    0    0    0    0    0    0    0    0    0    0    0    0    0    0    0    0    0    0    0    0    0    2    0    0    1    0    0    0    0    0    0    0    0    0    0    0    0    0    0    0    0    0    0    0    0    0    0    0    0    0    0    0    0    0    0    0    0    0    0    0    0    0    0    0  
  0    0    0    0    0    0    0    0    0    0    0    0    0    0    0    0    0    0    0    0    0    0    0    0    2    0    0    0    0    0    0    0    0    0    0    0    0    0    2    0    0    0    0    0    0    0    0    0    0    0    0    0    0    0    0    0    0    0    0    0    1    0    0    0    3    0    0    0    0    0    0    0  
  0    0    0    0    0    0    0    0    0    0    0    0    0    0    0    0    0    0    0    0    0    0    0    0    0    8    0    0    0    0    0    0    0    0    0    0    0    0    0    0    0    0    0    0    0    0    0    0    0    0    0    0    0    0    0    0    0    0    0    0    2    0    0    0    0    0    9    5    0    0    0    0  
  0    0    0    0    0    0    0    2    0    0    0    0    0    0    0    0    0    0   10    0    0    0    0    0    0    0    0    0    0    0    0    0    0    0    0    0    0    0    0    0    2    0    0    0    0    0    0    0    0    0    0    4    0    0    0    0    0    0    0    0    0    0    0    0    0    0    0    0    0    0    0    0  
  0    0    0    0    0    0   10    0    0    0    0    0    0    0    0    0    0    0    0    0    0    7    0    9    0    5    0    0    0    0    0    0    0    0    0    0    0    0    0    0    0    0    0    0    0    0    0    0    0    0    0    0    0    0    0    0    0    0    0    0    0    0    0    0    0    0    0    0    0    0    0    0  
  0    0    0    0    0    0    0    0    0    0    0    0    0    0    0    0    0    0    0    0    0    5    0    0    0    3    0    0    0    0    0    0    0    0    0    0    0    0    0    0    0    0    0    0    0    0    0    0    0    0    0    0    0    0    0    0    0    0    0    0    0    0    9    0    0    0    7    0    0    0    0    0  
  0    0    0    0    0    2    0    0    0    0    0    0    0    0    0   10    0    0    0    0    0    0    0    0    0    0    0    0    0    7    0    0    0    0    0    0    0    0    0    0    0    0    0    0    0    0    0    0    0    0    0    0    0    0    0    0    0    0    0    0    0    0    0    0    0    0    0    0    0    0    9    0  
  0    0    0    0    0    0    3    0    0    0    0    0    0    0    0    0    0    0    0    0    0    0    0    8    0    0    0    0    0    0    0    0    0    0    0    0    0    0    0    0    0    0    0    0    0    0    0    0    0    0    0    0    0    0    0    0    0    0    0    0    0    0    0    0    0    0    0    0    0    0    0    0  
  0    0    0    0    0    0    0    0    6    0   10    0    0    0    0    0    0    0    0    0    0    0    0    0    0    0    0    0    0    0    0    0    0    0    0    0    0    0    0    0    0    0    0    0    0    0    0    0    0    0    0    0    0    4    0    0    0    0    0    0    0    0    0    0    0    0    0    0    0    0    0    0  
  0    5    0    0    0    0    0    0    0    0    0    0    0    0    0    0    7    5    0    0    0    0    0    0    0    0    0    0    0    0    0    0    0    0    0    0    0    0    0    0    0    0    0    0    0    0    0    0    0    0    0    0    0    0    0    0    0    0    0    4    0    0    0    0    0    0    0    0    0    0    0    0  
  0    0    0    0    0    0    0    0    0    0    0    0    0    0    0    0    0    0    0    0    0    0    0    0    0    0    0    0    0    0    0    0    0    0    0    0    0    0    0    0    0    0    6    0    0    0    0    0    0    3   10    0    0    0    0    0    0    0    0    0    0    0    0    0    0    0    0    0    0    0    0    0  
  0    0    0    0    0    0    0    0    0    0    0    0    0    0    0    0    9    0    0    8    0    0    0    0    0    0    0    0    0    0    0    0    0    0    0    0    0    0    0    0    0    0    0    0    0    0    0    0    0    0    0    0    0    0    0   10    0    0    0    0    0    0    0    0    0    0    0    0    0    0    0    0  
  0    0    5    1    0    5    0    0    0    0    0    0    0    2    0    0    0    0    0    0    0    0    0    0    0    0    0    0    0    0    0    0    0    0    0    0    0    0    0    0    0    0    0    0    0    0    0    0    0    0    0    0    0    0    0    0    0    0    0    0    0    0    0    0    0    0    0    0    0    0    0    0  
  0    0    0    0    0    0    0    0    0    0    0    0    0    0    8    0    5    3    0    0    0    0    0    0    0    0    0    0    0    0    0    0    0    0    0    0    0    0    0    0    0    0    0    0    0    0    0    0    0    0    0    0    0    0    0    1    0    0    0    0    0    0    0    0    0    0    0    0    0    0    0    0  
  1    0    0    0    0    0    0    0    0    0    0    0    0    0    0    0    0    0    0    0    0    0    0    0    0    0    0   10    0    0    0    0    0    0    0    0    0    0    0    0    1    0    6    0    0    0    0    0    0    0    0    0    0    0    0    0    0    0    0    0    0    0    0    0    0    0    0    0    0    0    0    0  
  0    0    0    0    0    0    0    0    0    0    0    3    0    0    0    0    0    0    0    0    0    0    0    0    0    0   10    0    0    0    0    0    0    0    0    0    0    0    0    0    0    0    0    0    9    0    0    0    0    0    0    0    0    0    0    0    0    0    0    0    0    0    0    0    0    0    0    0    0    0   10    0  
  0    0    0    0    0    0    0    0    0    0    0    0    0    0    0    0    0    0    0    0    0    0    0    0    0    0    0    0    0    0    0    0    0    0    0    0    0    0    0    0    0    3    0    0    0   10    0    0    0    0    0    0    0    0    0    0    0    0    0    0    0    0    0    0    0    0    0    0    0    0    0    0  
  0    0    0    0    0    0    0    0    0    0    0    0    2    0    0    0    0    0    7    0    0    0    0    0    0    0    0    0    0    0    0    0    0    0    0    0    0    0    0    0    0    0    0    0    0    0    0    0    0    0    0    0    0    0    0    0    5    0    0    0    0    0    0    0    0    9    0    0    0    0    0    0  
  0    0    0    0    0    0    0    0    0    0    0    0    0    0    0    0    0    0    0    0    0    0    0    0    0    0    0    0    0    0    0    0    0    0    0    0    0    0    0    9    0    2    0    0    0    0    0    0    0    0    0    0    4    0    0    0    0    0    0    0    0    0    0    0    0    0    0    0    0    0    0    0  
  0    0    0    0    0    0    0    0    0    0    0    0    0    0    0    0    0    0    0    0    0    0    0    0    0    0    0    0    0    0    0    0    0    0    0    0    0    0    0    0    2    0   10    0    0    0    0    0    0    8    0    3    0    0    0    0    0    0    0    0    0    0    0    0    0    0    0    0    0    0    0    0  
  0    0    0    0    0    0    0    0    0    0    0    0    1    0    0    0    0    0    0    0    0    0    0    0    0    0    0    0    0    0    0    0    0    0    0    0    0    0    0    0    0    0    0    0    0    0    0    0    0    0    0    0    0    0    0    0    0    0    0    0    0    0    1    0    0    1    7    0    0    0    0    0  
  0    0    0    0    0    0    0    0    0    0    0    1    0    0    0    0    0    0    0    0    0    0    0    0    0    0    0    0    0    0    0    0    0    0    0    0    0    0    0    0    0    0    0    0   10    0    0    0    0    0    0    0    2    0    0    0    0    0    0    0    0    0    0    0    0    0    0    0    0    0    0    0  
  0    0    0    0    0    0    0    0    7    0    0    0    0    0    0    0    0    0    0    0    0    0    0    0    0    0    0    0    0    0    0    0    0    0    0    0    0    5    0    0    0    0    0    0    0    0    0    0    0    0    0    0    0    0    0    0    0    0    0    0    0    0    0    0    0    0    0    0    0    0    0    7  
  0    0    0    0    0    0    0    0    0    7    0    0    0    0    0    0    0    0    0    0    0    0    0    0    0    0    0    0    0    0    0    0    0    0    0    0    0    0    0    0    0    0    0    0    0    9    0    0    0    0    0    0    0    0    0    0    0    0    0    0    0    0    0    0    0    0    0    0    0    9    0    0  
  0    0    0    0    0    0    0    0    0    0    0    0    0    0    0    0    0    0    0    0    0    0    0    0    0    0    0    0    0    0    0    0    0    0    0    0    0    0    0    2    0    0    0    0    0    0    0    1    0    0    0    0    0    0    0    0    0    0    0    0    0    0    0    4    0    0    0    0    0    2    0    0  
  0    0    0    0    0    0    0    0    0    0    0    0    0    0    0    0    0    0    0    0    0    0    0    0    0    0    0    0    0    0    0    0    0    0    5    0    0    0   10    0    0    0    0    0    0    0    0    0    4    0    0    0    0    0    0    0    0    0    0    0    0    0    0    0    0    0    0    0    5    0    0    0  
  0    0    9    0    2    0    0    0    0    0    0    0    0    2    0    0    0    0    0    0    0    0    0    0    0    0    0    0    0    0    0    0    0    0    0    0    0   10    0    0    0    0    0    0    0    0    0    0    0    0    0    0    0    0    0    0    0    0    0    0    0    0    0    0    0    0    0    0    0    0    0    0  
  0    0    0    0    0    0    0    0    0    0    0    0    0    0    0    0    0    0    0    0    0    0    0    0    0    0    0    0    0    0    9    0    0    0    0    0    2    0    0    0    0    0    0    0    0    0    0    0    0    0    0    0    0    0    6    0    0    6    0    0    0    0    0    0    0    0    0    0    0    0    0    0  
  0    0    0    0    0    0    0    0    0    0    0    0    0    0    0    2    0    0    0    0    0    0    0    0    0    0    1    0    0    0    0    2    0    0    0    0    0    0    0    0    0    0    0    0    0    0    0    0    0    0    0    0    0    0    0    0    0    0    0    0    0    0    0    0    0    0    0    0    0    0    3    0  
  0    0    0    0    0    0    0    0    0    0    0    0    0    0    0    0    0    0    0    0    0    0    0    0    0    0    0    0    3    0    2    0    0    0    0    0    0    0    0    0    0    0    0    0    0    0    0    0    0    0    0    0    0    0    0    0    0   10    0    0    0    0    0    0    0    0    0    0    0    0    0    0  
  0    0    0    0    0    0    0    0    0    0    0    0    0    0    0    0    0    0    0    0    0    0    6    0    0    0    6    0    0    0    0   10    0    0    0    0    0    0    0    0    0    0    0    5    0    0    0    0    0    0    0    0    0    0    0    0    0    0    0    0    0    0    0    0    0    0    0    0    0    0    0    0  
  8    0    0    0    0    0    0    0    0    0    0    0    0    0    0    0    0    0    0    0    0    0    0    0    0    0    0    0    0    0    0    0    0    0    0    0    0    0    0    0    0    0    5    0    0    0    0    0    0    0    1    0    0    0    0    0    0    0    0    0    0    0    0    0    0    0    0    0    0    0    0    0  
  6    0    0    0    0    0    0    0    0    0    0    0    0    0    0    0    0    0    0    0    0    0    0    0    0    0    0    9    0    0    0    0    0   10    0    0    0    0    0    0    0    0    0    0    0    0    0    0    0    0    0    0    0    0    0    0    0    0    0    0    0    0    0    0    0    0    0    0    0    0    0    0  
  0    0    0    0    0    0    0    0    0    0    0    0    0    0    0    0    0    0    0    0    0    0    0    0    0    0    0    0   10    0    0    0    0    0    0    9    0    0    0    0    0    0    0    0    0    0    0    0    0    0    0    0    0    0    0    0    0    9    0    0    0    0    0    0    0    0    0    0    0    0    0    0  
  0    9    0    0    0    0    0    0    0    5    0    0    0    0    0    0    0    0    0    0    0    0    0    0    0    0    0    0    0    0    0    0    0    0    0    0    0    0    0    0    0    0    0    0    0    0    0    0    0    0    0    0    0    0    0    0    0    0    0    6    0    0    0    0    0    0    0    0    0    0    0    0  
  0    0    0    0    0    0    0    0    0    0    0    0    0    0    0    0    0    0    0    0    0    0    0    0    0    0    0    0    0    0    0    0    0    0    0    0    1    0    0    0    0    0    0    0    0    0    0    0    0    0    0    0    0    0    3    0    4    0    0    0    0    0    0    0    0    7    0    0    0    0    0    0  
  0    0    0    0    9    0    0    0    0    0    0    0    0    0    0    0    0    0    0    0    0    0    0    0    0    0    0    0    0    0    0    0    0    0    0    0    0    4    0    0    0    0    0    0    0    0    0    0    0    0    0    0    0    0    0    0    0    0    0    0    0    0    0    0    0    0    0    0    0    0    0    4  
  0    0    0    0    0    0    0    0    0    0    3    0    0    0    0    0    0    0    0    0    0    0    3    0    0    0    0    0    0    0    0    8    0    0    0    0    0    0    0    0    0    0    0    0    0    0    0    0    0    0    0    0    0    0    0    0    0    0    0    0    0    0    0    0    0    0    0    0    0    0    0    0  
  0    0    0    0    0    0    0    0    0    0    0    0    0    0    0    0    0    0    0    0    0    0   10    0    0    0    0    0    0    0    0    0    0    0    0    0    0    0    0    0    0    0    0    1    0    0    0    0    0    0    0    0    0    0    0    0    0    0    0    0    0    0    0    0    0    0    0    0    0    0    0    0  
  0    0    0    0    0    0    0    0    0    0    6    0    0    0    0    4    0    0    0    0    0    0    0    0    0    0    0    0    0    0    0    3    0    0    0    0    0    0    0    0    0    0    0    0    0    0    0    0    0    0    0    0    0    6    0    0    0    0    0    0    0    0    0    0    0    0    0    0    0    0    0    0  
  0    0    0    0    0    0    0    0    0    0    0    0    0    0    0    0    0    0    0    0    0    0    0    0    0    0    0    0    0    0    4    0    0    2    0    0    0    0    0    0    0    0    0    0    0    0    0    0    0    0    0    0    0    0    7    0    0    0    0    0    0    0    0    0    0    0    0    0    0    0    0    0  
  0    0    0    0    0    0    0    8    0    0    0    0    0    0    0    0    0    0    0    0    4    0    0    0    0    0    0    0    0    0    0    0    0    0    0    0    0    0    0    0    0    0    0    0    0    0    0    0    0    0    0    6    0    0    0    0    0    0    0    0    0    0    0    0    0    0    0    0    7    0    0    0  
  0    0    0    0    0    0    0    0    0    0    0    3    0    0    0    0    0    0    0    0    0    0    0    0    0    0    0    0    0    0    0    0    0    0    0    0    0    0    0    6    0    0    0    0    0    0    0    3    0    0    0    0    7    0    0    0    0    0    0    0    0    0    0    0    0    0    0    0    0    0    0    0  
  0    0    0    0    0    0    0    0    0    0    0    0    0    0    0    0    0    0    0    0    0    0    0   10    0    1    0    0    0    0    0    0    0    0    0    0    0    0    0    0    0    0    0    0    0    0    0    0    0    0    0    0    0    0    0    0    0    0    0    0    0    0    0    0    0    0    0   10    0    0    0    0  
  0    0    0    0    0    0    0    0    0    0    0   10    0    0    0    0    0    0    0    0    0    0    0    0    0    0    0    0    0    5    0    0    0    0    0    0    0    0    0    0    0    0    0    0    0    0    0    4    0    0    0    0    0    0    0    0    0    0    0    0    0    0    0    0    0    0    0    0    0    0   10    0  
  0    0    0    0    0    0    0    0    0    0    0    0    0    0    0    0    0    0    0    0    0    0    0    0    0    0    0    0    0    0    0    0    0    0    0    0    0    0    0    6    0   10    0    0    0    9    0    0    0    0    0    0    0    0    0    0    0    0    0    0    0    0    0    0    0    0    0    0    0    5    0    0  
  0    0    0    0    0    0    0    0    0    0    0    0    0    0    0    0    0    0    0    0    0    0    0    0    0    0    0    0    0    0    0    0    0    0    0    0    0    0    0    0    0    0    0    0    0    0    0    0    0    0    0    0    0    0    0    0    0    0    0    0    7    0    0    0    9    0    0   10    0    0    0    0  
  0    0    0    0    0    0    0    0    0    0    0    0    0    0    0    0    0    0    0    0    0    4    0    0    0    0    0    0    0    0    0    0    0    0    0    0    0    0    0    0    0    0    0    0    0    0    6    0    0    0    0    0    0    0    0    0    0    0    0    0    0   10    9    0    0    0    0    0    0    0    0    0  
  0    0    0    5    0    0    0    0    0    0    0    0    0    1    2    0    0    0    0    0    0    0    0    0    0    0    0    0    0    0    0    0    0    0    0    0    0    0    0    0    0    0    0    0    0    0    0    0    0    0    0    0    0    0    0    0    0    0    7    0    0    0    0    0    0    0    0    0    0    0    0    0  
  0    0    0    0    0    0    0    0    0    6    0    0    0    0    0    0    0    0    0    0    0    0    0    0    0    0    0    0    0    0    0    0    0    0    0    0    0    0    0    0    0    0    0    0    0    0    0    0    0    0    0    0    0    0    0    0    0    0    0   10    0    0    0    5    0    0    0    0    0    1    0    0  
  0    0    0    0    0    0    0    0    0    0    0    0    0    0    0    0    0    9    0    0    0    0    0    0    0    0    0    0    0    0    0    0    1    0    0    0    0    0    0    0    0    0    0    0    0    0    0    0    0    0    0    0    0    0    0    0    0    0    0    9    0    0    0    7    0    0    0    0    0    0    0    0  
  0    0    0    0    0    0    0    0    0    0    0    0    0    0    0    0    0    0    0    0    0    0    0    0    0    0    0    0    0    0    0    0    0    0    0    0    4    0    0    0    0    0    0    0    0    0    0    0    0    0    0    0    0    0    0    0    0    0    0    0    0    5    7    0    0    5    0    0    0    0    0    0  
  0    0    0    0    8    0    0    0    0    0    0    0    0    3    0    0    0    0    0    0    0    0    0    0    0    0    0    0    0    0    0    0    0    0    0    0    0    0    0    0    0    0    0    0    0    0    0    0    0    0    0    0    0    0    0    0    0    0    9    0    0    0    0    0    0    0    0    0    0    0    0    0  
  0    0    0    0    0    0    0    0    0    0    0    0    0    0    0    0    0    0    0    0    0    0    0    0    0    0    0    0    0    9    0    0    1    0    0    0    0    0    0    0    0    0    0    0    0    0    0    7    0    0    0    0    0    0    0    0    0    0    0    0    0    0    0    5    0    0    0    0    0    0    0    0  
  0    0    0    3    0    0    0    0    0    0    0    0    0    0    9    0    0    7    0    0    0    0    0    0    0    0    0    0    0    0    0    0    7    0    0    0    0    0    0    0    0    0    0    0    0    0    0    0    0    0    0    0    0    0    0    0    0    0    0    0    0    0    0    0    0    0    0    0    0    0    0    0  
  0    0    0    0    0    0    0    0    0    0    0    0    0    0    5    0    0    0    0    0    0    0    0    0    0    0    0    0    0    0    0    0    0    0    0    0    0    0    0    0    0    0    0    0    0    0    0    0    0    0    0    0    0    0    0   10    0    0   10    0    0    0    0    0    0    0    0    0    0    0    0    0  
  0    0   10    0    0    0    0    0    3    0    0    0    0    0    0    0    0    0    0    0    0    0    0    0    0    0    0    0    0    0    0    0    0    0    0    0    0    5    0    0    0    0    0    0    0    0    0    0    0    0    0    0    0    7    0    0    0    0    0    0    0    0    0    0    0    0    0    0    0    0    0    0  
  0    0    0    0    0    0    0    0    0    0    0    0    0    0    0    0    0    0    0    0    0    0    0    0    0    0    0    0    0    0    0    0    0    0    0    9    2    0    0    0    0    0    0    0    0    0    0    0    0    0    0    0    0    0    0    0    0    5    0    0    0    1    0    0    0    0    0    0    0    0    0    0  
  0    0    0    0    0    0    0    0    0    0    0    0    0    0    0    0    0    0    9    0    0    0    0    0    0    0    0   10    0    0    0    0    0    0    0    0    0    0    0    0    3    0    0    0    0    0    0    0    0    0    0    0    0    0    0    0   10    0    0    0    0    0    0    0    0    0    0    0    0    0    0    0  
  0    0    0    0    0    0    0    0    0    0    0    0    0    0    0    0    0    0    0    0    0    0    0    0    0    0    0    0    0    0    0    0    0    0    7    0    0    0    0    0    0    0    0    0    0    0    0    0    4    0    0    0    0    0    0    0    0    0    0    0    0    0    0    0    0    0    0    0    0    0    0    0  

  0    0  109    0  117  102  105  111  124  125    0    0  124  105  119  141  121  125  103  125  111  111  125  117  118  115  127  120    0  112  103  122  115  100  101  114  121    0  110    0  104  103    0  125  125  125  117  119  116  100  111  121  108  152  105  115  105  109  124  108  100   32  120    0  108  122  117  112  104  111    0  118  
  0    0    0  109  100  111  115    0  114    0  102  105  104  117  123  100  108  119  118    0    0  100    0  114    0  108  127    0  101  106  122   29  104    0  119  114  119    0  111  117  107  163    0  113    0  116  132    0    0    0  113  124  117    0  108  121  122    0  103  127    0  105    0  114  117  114  111    0  103  107    0  104  
126    0    0    0    0    0  125  109  121  115  108  106  100  105    0  102  113  102  127  104  125  127  119    0  125    0  127    0  109  124  120  113  102    0  126    0    0    0  101  105  103  104  102  126  112  123  105  109  127  100  118  126  109    0  104    0    0  124  107  102  123  100  101  119  118    0  107  120  120    0    0  107  
  0  119    0    0  112  108    0  122  125  113  145    0  116  111  111    0  127  115  127  100  122    0  123  127  115  112  108  109    0  107  111  112    0  108  112    0  125  106  113  101  120  120  153  106  124  119  102  103    0    0  102  124  111  108  116  120  122  111    0  115  120  111  108  115  113  101  123  120  100  126  124    0  
113  102    0  111    0  103    0    0  121  103    0  105  100  103  127  125    0  121  123  103    0  127  112  121  122  109    0  124  112  123  112  115  116  122  104    0  112    0  125    0  114    0  118    0  121    0  109  112    0  113  100  123    0  124  101  101  107  100    0    0  103  118  103  120  118  117    0  100    0  121  120  123  
120  120    0  106  111    0  116  119  125  108  109  123  102  108  105  103  121  126  118  123  102  144  110  109  101  116  127  106    0  127    0    0  110  123  122  123  116  113  118  127  127  102  124    0  128  102    0  124  119  124  118  106  107  106  106  126    0  104    0  122  124  107  108  118    0  114  110    0  104  117  127    0  
103  103  123    0    0  117    0  106  101    0    0  106  105  146  102    0  126  115  123  109  113  126  124  118  168  107    0  126    0  127  111    0  110  104  110    0  120  124  103  102  123    0  111    0  111  109  116  124  121    0  122    0  102  100  126  101  106  106    0  120  124  113  126  113    0    0    0  120  114  117  120  105  
119    0  103  113    0  124  104    0  126  118  120    0    0    0  126    0  122  118  111  120  126    0  118  125    0    0    0  127  114    0  116  114  119  123  102    0  113  106  121  127  112  115    0  117  100    0  119    0  100    0  118  127  123  120  112  108  116  102  112  120  100  101  119  117  116  124    0  112  126  105  116  118  
125  117  125  101  105  108  150  111    0  103  106  115  101  120    0  123    0  113  124  127  119  113  122    0  101  109  108  121  106    0    0  114    0  108    0  112  114  123  125  102  127  105    0  105  100    0  104  113  103  102  119  111  124  111  102    0  117  100  115  117  122    0    0    0  105  114  111  108    0  102    0  117  
123    0  142  125  123  114    7  121  110    0    0  126  110  107  110    0  112    0  107    0    0  116  102    0  119  102  106    0  118  119  123  109  101  103  106  112  112  114  104  160  103    0  112  106    0  121  106  113  112    0  114    0  117  122  120  106  111  127  101  110  116    0    0    0    0  127    0  104    0  107    0    0  
  0  116  119  111    0  110    0  123  112    0    0  100  100  102  114    0  109  109    0    0    0    0    0  124  113  127  116  109  103  104  116  106  110    0  120  124  125  101  122  124  106  111    0  126  120  126    0  108  123  112  109  102    0  125  113  112    0  126  113  114  116  103  119  111  118  103  105  120  114  108    0  109  
  0  124  105    0  111  121  106    0  123  118  100    0    0    0  113    0  110  114    0  107  110  119  117    0  124  127    0    0  117  102  104  114  124    0    0    0  100  103  117  120  115  108    0  124  112  106  126  125  127  104  112  121    0  109  114  111    0  121  124  112    0  123    0  100  116  110  102  125    0  116    0  127  
161  124  104  125  106  104  124   14  105  108  108    0    0  122    0  104  105    0  120  117  110  103  120  117    0    0  111  112  123  119  101  127    0  119    0  114  121  123  122  105    0    0  125    0    0  102  121  117  124    0  102    0  110  121  114    0  108  116  116  108  109  111  126  121  106  105  103    0    0  101  120  119  
124  127  103  110  112  113  119    0  104  116  105    0  120    0    0  103  107  103  119  117  101  120  117    0  125  110  101  105    2  113    0    0  119  112  120  105    0  123  127  101  124    0    0    0  123  104  120    0  120  101  120  101  112  120  104    0  113  123  104  120  113  118  123  125  127  110  126  114    0  122  123  118  
122  117    0  119  122  124  108  109    0  105  109  122    0    0    0  107  107  107  106  102  104  114  110  123  112    0  116  109  105  114  102  102  125  124  122  104  115  120  102  117  100  113    0  102  105    0  124  115    0  117  110  111  125  112  118  111    0  110  122  120  113    0  102  120  125  104  114  103    0  108  101  105  
113  114  107    0  103  119   39    0  110    0    0    0  111  100  101    0  125    0    0    0    0  116  110    0    0  109  104  102  108  126  114    0  115  122  102  108    0  105  122    0  114    0  100  106  116  119  103    0  103  114  107  115  105    0  110  114  115  127    0  108    0  108    0  121  101  123  100  125    0    0    0  126  
106  110  122  124    0  115  120  110    0  118  116  125  127  123  124  114    0  108  105  114  124    0  101  109  153  110  100    0  101  126  111    0  124  118  108  110    0  101  103  110    0  118  126    0  103  121    0  108  109  119  111  120  102  127  126  100  100  126  104  114  125  105  115  110    0  121  106  125  101    0  105  107  
101  127  107  133  127  116  114  123  100    0  118  111    0  124  121    0  114    0  111  106    0  111    0    0  119  100    0  110  101  115    0  120  105  104  122  107    0  124    0  104  105    0    0  127  119  106  124  102    0  124  106  123  127  124  112  103  107    0  119  122  103  111  125  106  103  105  108  121  119    0  100    0  
112  114  110  117  122  111  102  122  118  110    0    0  120  107  113    0  121  104    0  110  111  118  100    0  100    0    0    0    0  117  156  109  109  122  127    0  127  112  106    0  106    0    0  112  119  119  126    0    0  110  114  122  108    0    0  110    0    0  116    0    0  106  109  102    0  108    0  101  124  107  120  123  
122    0  105  111  123  118  114  109  109    0    0  108  106  107  104    0  108  111  120    0  126  103  125    0  116    0  119  120  127    0    0  100  120  105  107  110  119  116  106    0  118  115  121    0  112  120  113    0  122  100  122    0  126  101  106  123  129    0  127  110    0    0  114  102  108  120  109    0  114    0  126  126  
113    0  116  112    0  112  130  111  104    0    0  112  102  119  103    0  117    0  117  101    0    0  112  135  119    0  123  124  113    0  102    0  100  111  112  117  111  117    0  107  125    0  103  122    0  107    0  107  124  119  116    0  114  105  105  106    0  101  127  104  109  101  107  124  125  124  119  116  121  101  111  124  
115  120  111    0  113  106  105    0  125  118    0  106  122  113  116  127    0  114  112  105    0    0    0  123  127  113  110  118    0  126  111  111  105  100  100  124  119  116  127    0  106  122  117  116  111  127  127    0  101  110  116  108  125  101  115  114  115  123  103  122  101    0  112  115  121    0  119    0  121    0  108  114  
112    0  113  123  112  100  123  100  111  124    0  124  126  103  121  117  116    0  109  111  121    0    0  116    0    0  114  115  114  160  121  124    0  106    0  127  117  101  104  107  120  118  108  102  121    0    0    0    0  108    0  111  122  127  101  126  112  122  115  123  108    0  120  122  119  104  125  107  119    0  112  108  
106  123    0  115  105  115  114  105    0    0  116    0  103    0  103    0  116    0    0    0  121  137  137    0    0    0    0  113    0    0  107  105    0  101  125  114  103  123  112  105  103  101  120    0    0  103    0  114  127  113  118    0  110    0  106  107  110  100  100  120  120  108  123    0  101    0    0  108  117  124   31  116  
108    0  105  115  109  119  126    0  107  101  118  121    0  125  117    0  124  121  119  102  108  109    0    0    0  127  116  121  113  121  122  120  103  124  109  112  119  118  101  123  108  110  125    0  122  100  132  123  124    0    0  112    0  112  106  113    0  102  115  120  126    0  127  105  112    0    0  117  100    0  124    0  
113  123    0  115  126  111  115    0  113  113  122  126    0  117    0  108  126  111    0    0    0  127    0    0  101    0    0  123  117  123  122  122  122  100  123    0  115  127  120    0    0  119  111  113  123  102  139  111  104  118    0    0  123  107  114    0  100  118  114  126  126  111  120    0  127  113  120  115    0  148    0  120  
119  113  125  111    0  123    0    0  116  122  111    0  101  126  115  117  119    0    0  110  111  126  109    0  127    0    0  122  119  122  103  117  112  113  109    0  111  101  127    0  125    0  106  104  117  126    0  114  123  109    0  101  104  103    0  108  104    0  124  118  101  122  108    0  109  124    0    0  107  109  104  113  
114   40    0  126  112  118  117  104  113    0  125    0  100  111  101  107    0  120    0  126  101  109  114  122  112  105  120    0  118  111    0  108  107  105    0  121  103  116  127  121  126   41    0    0  127  103  111  103  112  118  108  102  127  114  101  115  111  109  108  102  102    0  108    0  106  101  125  119  108  102    0  103  
  0  121  123    0  118    0    0  121  111  100  112  122  126    0  108  117  101  114    0  100  127    0  116    0  119  127  125  109    0    0    0    0    0  109  121    0  127  103  120  106  109  117  101    0  100  108    0    0  119  115  120  103  117    0    0  121  127    0  106  105  127  109  104  102  122  101  116  108  119  124  121  116  
108  120  108  101  100  102  110    0    0  119  109  116  110  100  105  105  102  115  114    0    0  122  109    0  103  122  119  105    0    0  127    0  118  111  106    0  127  111  123  102  121  108  114  100  105  113  125  120    0  159  106  123  120  100  113  101  119    0  101    0  121  104  105  119  106    0    0  103    0  125  109  126  
118  100  117  120  118    0  120  123    0  122  115  113  106    0  116  122  146    0  105    0  105  101  114  120  113  118  120    0    0  109    0  113    0  123    0  112  107  109  123  101  127  123  108    0  105  109  126  100  102  104  111  102    0    0  105    0  121  103    0  117  126  105  124  120  121    0  106  112  103    0  115    0  
109    0  119  100  126    0    0  105  118  103  101  120  104    0  107    0    0  110  113  104    0  107  102  104  107  115  120  116    0    0  119    0    0    0  124  128  113  125    0    0  125  126    0  100  111  111  121  111  110  112  115  101  112  110  124  121    0  124    0    0  120  115    0  108  117  110    0  112  118    0    0  106  
122  106  122    0  125  117  124  107    0  116  117  118    0  112  124  109  119  126  123  116  124  107    0    0  121  113  115  117    0  126    0    0    0  124  100  108    0  104  104  118  115  111  121    0  124  103  102  100  107  118  106  103    0  114  110  104  113    0    0    0    0    0    0  113  122  122  116    0  101    0  122  154  
116    0    0  106  100  104  117  115  114  102    0    0  112  118  117  112  123  114  127  101  101  126  108  104  111  117  127  109  101  123  103    0  101    0  121  104    0  107  115  104  105  118  123  113    0  103  118    0  105    0    0    5  100    0  100  108    0    0  103  119    0  112  108    0  124  126  127  124  122    0    0    0  
120  112  119  123  119  127  119  113    0  106  117    0    0  110  116  127  114  106  105  108  115  120    0  116  107  105  122    0  109  126    0  106  125  102    0  114  112  124    0  112    0  118  125  122    0    0    0    0  101  108  121  116  104    0    0    0    0  127  103    0  124    0  105  119  104  127    0  101  104    0  108  105  
127  109    0    0    0  170    0    0  102  114  122    0  115  109  102  117  101  101    0  109  125  103  122  121  119    0    0  116    0    0  102  104  116  122  123    0    0    0  126    0  106    0    0  112  109    0  115  121  112  120  101  126    0  119  117  122  122  107    0  118  108    0    0    0  127  116  115    0    0  117    0  116  
110  109    0  126  122  120  126  106  100  127  123  120  105    0  101    0    0    0  105  103  111  114  117  119  102  118  120  123  110  104  122  124    0    0  123    0    0  110  116  119    0  115    0  108  103  117    0  121    0  115  123    0  126  146    0  101  119  118  115  126  106  106  106  126    0  118  113    0    0  127  123  104  
  0    0    0  111    0  108  127  120  105  123  124  125  103  116  117  103  113  108  118  118  109  112  112  102  122  120  103  116  117  123  105  118  124  112  107    0  120    0    0    0  121    0    0  107  102  105    0    0  119    0  111  108    0  100  102  104  126    0  114  120    0    0    0  126  127  115  120  100  124  105    0  118  
124  125  115  120  119  103  113  125  107  116  126  115  100  124  104  124  120    0  122  122    0  109  127  124  108  121  119  127  118  125  119    0  119  121    0  126  110    0    0  119    0    0  110  117    0    0  120  117    0  121    0    0  101  119  123  103  115  114  104  113    0  124  111  101  120    0  110  113  127  103  113  120  
  0  126  119  109    0  112  123  110  104  117  115  110  105  115  137    0  106  114    0    0  110    0  123  102  109    0    0  114  126  105  131    0  117  107  127    0  121    0  124    0    0  119    0  121  108  105  114    0  126  112  119  163  118  123  103    0  101  105  115  125    0  110  153  107  122    0    0  118  126    0  101    0  
127  126  125  126  114  115  126  109  110  121  121  104    0  111  117  111    0  118  108  119  125  124  113  101  127    0  117  104  107  102  108  108  101  108    0  105   28  104    0    0    0  109  124  106    0  110  100  118  125    0  109  117  100  122  110  107  106  118    0  104  110    0    0    0   10  124  124  127    0  125    0  114  
125  103  101  112    0  115    0  109  108    0  126  114    0    0  104    0  103    0    0  114    0  103  109  125  113  120    0    0  122  105  116  121  120  101  119    0  123    0    0  107  112   46  119  119    0  110  124    0  111  121  111  101  126  102  121  105  106    0    0  125  104  121  117  112  123  117  126  107  121  125  122  112  
  0    0  111  119  116  105  102    0    0  112    0    0  122    0    0  120  108    0    0  122  105  118  124  118  127  107  114    0  112  107  115    0  115  121  116    0    0    0  121    0  105  122    0  117  137    0  101    0  106  108  110  106  115  118  105  123    0  119  124  109  123  114  126  119  107  112  109  117  104    0  117  118  
101  122  115  117    0    0    0  100  112  111  120  125    0    0  108  126    0  107  102    0  124  104  105    0    0  122  120    0    0  125    0  102    0  108  108  114  115  123  109  125  119  103  116    0  108  115    0  101  116    0  106  127  109   34  108  111    0    0  100   44  101    0  108  119    0  122  139  103    0  107  102  123  
127    0  101  100  101  105  119  104  120    0  113  114    0  124  100  118  101  109  105  112    0  106  117    0  127  127  109  102  118  121  112  124  117    0    6  114  119  115    0  108    0    0  101  109    0    0    0  124  113    0  127    0    0  151  108  115    0    0  101  127  117  114  112    0    0    0  116  124  126  117  110    0  
125  102  106  108    0  147  113    0    0  124  124  108  112  107    0  121  120  111  115  106  113  115    0  117  111  112  101  127  114  118  126  127  101  119    0    0  108  119    0  106  108  113    0  100    0    0  123  112  110  106  111  114  105  118  120    0  113  101  116  100  106  101    0    0  120  106    0  101  116  120  104  102  
108  116  126  108  111    0  123  125  120  122    0  122  105  113  105  107    0  113  104  113    0  101    0    0  118  125    0  124    0  103  120  121  105  115    0  101    0    0  120  120  103  114  106    0    0  101    0  125  114    0    0  106    0  124    0  113    0  121  104  107  120  100  126  117  102    0    0    0  121  104  116  114  
114    0  107  103  123  119  107    0  106  102  125  110  109    0  116    0  107  111    0    0  105    0    0  116  108  127  101  100    0  126  100  118  123    0    0  121  118    0  111    0  122    0    0  127  125  102  114    0  114  125  110  106  122  100    0    0  101  103  127    0  118  112  101  113  105  116  119    0  127  121  114  109  
119    0  123    0    0  109  114  123  117  122  106  126  122  103    0  112  116    0    0  121  111  100    0  110  103  118  119  120  100    0  119  127  103  117  120  109    0  118    0  112  121  125  103  119  101  121  101  127    0  107  127  102  106  118  110  109    0    0    0  127  121  141  116  125  106  122  112  120  112  118  102  108  
117    0  110    0  105  100    0    0  128    0  119  106    0  115  126  122  111  116  125  109  106  129  119  108    0  120  127  122  114  119  107  112  108    0  104  102  111   21  125  105    0  116  126    0   35  108    0  122  102    0  116  110  115  106    0  121  101  119  122  117    0  101  111  101  100  105  110    0  119  111  108  125  
102  125  115  125  108  110  112  121  120  116  113  113  113  123  102  109  126  108  121  106  113  118    0  100    0    0    0  121  124  106  103  122  112    0  105  114  111  115    0  117  106  121  107  103  102  150    0  111  109  124    0  126  110  126    0  118    0  104    0    0  125  127  103  109  126    0  122  117  111  106  121    0  
125  123  100  106  102  121    0  124  114    0  110  118    0  112  111  127  103  122  114    0    0  104  106    0  108    0  102  108  126  105  109  124  100    0  117  121    0  114    0  123  123  106  100  125    0  106  108  114  113  111  109    0  111    0  114  111    0  126  100  110  114    0  100  131  125  115    0  107  150  126  117  117  
127  127  110  121    0  126  127  115  109  105    0    0  106  107  116  106  117  123  100  123  100  108  111  102    0  121  118  114  114  110    0  126    0  114  103    0  118    0  108  124  107  117  116  116    0  116    0  102  107  103  115  100    0  105  107  111  121  114  124  108  105    0  100  109  115  115    0    0  119  117  104    0  
104    0    0  106  116  116  100  122  121  118  121  119  114  121  116    0  106  122    0  102  126  109  103    0  122  103  103  122    0  117    0  111  108    0    0  124  119  106  105  127  109  116  102    0  122  105  119  124  123  122  118    0  101    0    0  107  109  127  113  123  139  110  108  101  127  125  108  123  108    0  114  124  
104  125  119  122  115  118  113  101  114  107  114  100  115  100  115  120  124  116    0  112  103  123  103  121  121  107    0  102    0  100  109  110  113  104    0  109    0  115  125  106  118  126  127  105  104  115    0    0  106    0    0  124  114    0    0    0  104  104  102  127  115    0  114  119  104  105  101  119  117  118    0  114  
115  117    0  114  102  110  119  125    0  120  121  104    0    0  114  101  119  116  124  124  104  123  117  112  127    0  121  126  114  116    0  114  103  117    0  105  104  108  115    0  118  116  112  107  122    0  106    0  115  122  121  125  127  117    0    0  112  122  105    0  126    0  110  112  108    0    0  124  127  105  111  101  
122  103    0  127  112    0  111  104  123  112    0    0  123  126    0  111  113  124    0  119    0  116  113  103    0  104  111  100  118  103  111    0  108    0    0  115  109  100  131  122  125  100    0    0    0  115    0  126    0  112    0    0  110  104  106  122    0  108    0    0  100  125  118    0  113    0  114  125  127    0  110  111  
110    0  122  110  117  126  113  153  110  100  103  123  110  116  111  113  118    0    0    0  104  109  123  105  114  139    0  127    0    0  115  109    0    0  102  100  109    0  125  103  112    0  121    0    0  114  115  118    0  123  124  106  125  106  100  110  111    0  124    0  111  116  105    0  122  122  113  104    0    0  106  124  
120  112  111    0    0    0    0  107  121  105  106  122  117  128  103    0  115  127  112  125  116  112  100  105  105  109  117  111  119  100    0    0    0  104  105    0  120  101  106  119    0    0  106  100  114  111  107  105    0  109    0  120  101  104  120  101    0  117    0  118  117    0  109  101  116  111  104  106  104  113  122    0  
100  106  115  111    0  114  102  111  101  106  116  104  100  124  123  127  102  114    0  109  110  111  101  117  105  100  119  120  116    0  102    0    0  106    0  106  121  110  111  105  109  126  120    0  104  120  113    0  111  102    0  115  101  105  105    0    0    0  117    0  110    0  101  110  116    0  107    0  118    0  124  117  
118    0  100  126  106  113  110  110  114  114  109    0  125  106  100    0  121  116    0    0  120  103  112  123  105  124  113  109  114  125  104  111    0    0  111  124  109    0    0    0  100  109  115  113  103  112  103  105  113    0  122  124  109  111  107  102  121  120  107  101    0  119  108  119    0  114  119  122  118    0  105    0  
  0  103  123  122  156  101  100  125    0    0  106  104  108  123   23  122  104  113  124    0  104    0    0  100    0  120  109    0  114  123  103  114    0  111    0    0  126    0  100  123    0  119  100    0  100  110  102  104  109  115  122    0    0  106    0    0  127  115    0    0  103    0  106    0  115  100  138  109  104  117  118    0  
110    0  125  119  100  103  115  107    0    0  102   11  120  126  103    0  111  102  126  124  119  117  110  118  104  100  126  103  102  139  103    0    0  111  119    0  102    0  112  119    0  118  124  111  103    0  119  123  121  105  109  102  108  117  113  112  109  118  117  101  119  104    0  100  127  114    0  115  104  100  110    0  
  0  119  100  101  113  111  124  111    0    0  123  123  107  107  100  117  115  115  120  119  109  120  123    0  108    0    0    0  116  126  117  101  115    0  114    0  118  106  121  119    0  103  108  112    0    0  113  110  100  122  119  117  127  110  107  125    0    0  127  104  110    0  116    0  125    0  100  101    0  101  104    0  
127  114  126  127  112    0    0  108  102    0  104  120  102  120  106  112    0  116    0  106  107  122  101  114  100  115  123  122  105  106  111  125  108  100  124  116    0  123  112  112    0  106  125    0    0  126  120  105  113  127  112  119  107  124  102  126  113  106  112  108    0  123  122  124    0  124  114  100    0  113  108    0  
121  127    0  166  110  120    0  104  102  108  114  115  112  125  105  111  104  127  100  119  127    0  100    0    0  121  100  105  112    4    0  113  119  119  103  106  116  115    0    0  122  125  103  100    0  111    0  108  104  127    0  109  109  119  120    0    0  100  108    0  122  117  118    0  127    0  127    0  104    0    0    0  
126  103  127  102    0  121    0    0  123    0  104  115  115  124  115  103  111  126    0  100  103  121  126    0    0  126    0  108  106    0  116    0  117  127    0  119  101  101  102    0  123  103  126  101  126    0    0  107  110  109  114    0    0  104  110    0  113  126  128  107  104  105    0  106  125  105    0  102    0  116  126  125  
124    0  100  120  104    0  117  124  127  110  117  100    0  119  127  116  100  115  115    0  106    0  101  116  120  109    0  101  117  125  111  125    0  100  102    0    0  110  107  114  102  106  108  104  110  114    0    0  144    0  106  108    0  115  123  103  125  117  110    0  125  115  119  114  104    0  123    0  124  113  123  111  
126  111  120  125    0  110  113  124    0    0  102    0    0    0    0    0  126  105  115  115  114  123  113  115  112    0  108  113  126    0  118  121  101  110  124    0    0  100  101  154    0  110  123    0  116  121  111  117  111  119  115  111  107  120  124  115  109    0  101  125  100  106  123    0    0  101    0  109    0  110  112    0  
118  101    0  113  118  123  117  107  103  115  114  105  114  105  113    0    0    0  101    0  107    0    0  118    0  107  123  114  112  107    0    0    0    0    0  100  117  123  120    0  103  122    0  117  116  111  116  119  123  109  109  111  111    0  105  101    0    0  104    0    0  104  103  104  115    0  107  119  114    0  108  148  
  0    0    0  106  118  113  122  122    0    0    0    0  129  110  114    0  122  110  121  116  106  114  121    0  100    0  111    0  126  107  112    0  111    0  111    0  122    0  126  127    0  104  123  100  109  127  100  105  114  101  113  104  123  117    0  104  114  120  108  118  122  110  125  122  101    0  116  104  113  112    0  117  
103  119  117    0  113    0  102  111  102    0  118  100  122  118  117  123  110    0  128  121  100  100  116  108    0  116  104  126  113  110    0  104  111    0  117  122  111  118  101    0  110  126  114  127    0  106  121  116  103  121    0  120    0  108  113  106  113  103    0  109    0    0    0    0    0    0  100  123    0  105  117    0  
