60

  0   30    3   19   28   10   19  121  142  133  151  120   80   74   67   72   75   79   99   74   92  104   88  118  112  123  107  105   50   77   73   57  265  286  263  275  288  151  130  157  139  125  133  146  133  137  233  251  232  240  225  240  246  104  130  115  139  120  134  123  
 30    0   28   35   38   27   25  123  142  133  151  115  105  103   96  102  102  108  127  102  120  104   93  123  117  128  108  114   58   80   75   68  261  278  258  268  281  121  100  174  156  143  150  168  155  155  217  234  216  224  207  222  226  105  135  121  144  122  135  124  
  3   28    0   21   30   12   20  118  140  130  149  118   81   76   69   74   76   80  100   75   93  101   86  116  110  120  105  103   48   75   70   55  263  283  261  272  285  149  128  156  138  124  132  146  133  137  230  248  229  237  222  237  243  101  128  113  137  118  131  120  
 19   35   21    0    9   11   10  140  161  151  170  138   94   81   75   79   87   85  108   85  101  123  107  137  131  142  126  124   69   96   92   76  284  304  282  293  306  153  133  173  156  142  149  161  148  154  248  267  248  256  239  255  259  123  149  134  158  139  153  142  
 28   38   30    9    0   19   14  148  170  160  179  146  103   88   83   87   95   92  116   93  109  131  116  146  140  151  135  133   78  105  100   85  292  311  290  301  314  151  132  183  165  151  159  170  157  163  254  272  253  261  244  260  264  131  158  143  167  148  161  150  
 10   27   12   11   19    0    8  130  151  141  160  128   90   81   75   80   84   86  107   83  100  112   98  127  121  132  116  115   60   86   82   67  273  293  271  282  296  147  127  167  149  135  143  156  143  148  238  256  237  245  229  244  249  113  139  124  149  129  143  132  
 19   25   20   10   14    8    0  136  157  148  166  133   98   88   82   87   92   93  115   91  108  118  104  134  128  139  122  123   67   92   88   74  279  298  277  287  301  143  123  175  157  143  151  164  152  156  240  258  239  248  231  247  251  119  146  131  155  136  149  138  
121  123  118  140  148  130  136    0   24   15   32   32   96  130  123  128  108  133  126  112  124   21   33   12   13   13   15   28   70   44   48   65  148  174  146  161  174  184  163   88   76   73   73  108   95   78  149  168  151  155  148  160  176   18   15   17   21    2   14    5  
142  142  140  161  170  151  157   24    0   10    9   35  119  153  146  152  131  156  148  135  146   39   56   32   36   30   35   51   92   65   70   88  124  151  123  137  150  190  171   98   89   89   87  123  111   91  131  149  133  136  132  142  160   39   25   38   22   23   10   20  
133  133  130  151  160  141  148   15   10    0   19   28  111  145  138  144  124  148  142  127  139   29   46   26   29   25   25   44   83   56   60   79  134  159  132  146  159  184  163   97   87   86   85  120  108   89  134  153  137  140  135  146  163   29   22   32   23   15    6   11  
151  151  149  170  179  160  166   32    9   19    0   41  127  161  154  160  139  164  156  143  154   48   64   40   45   38   44   58  101   74   79   97  116  142  114  128  141  195  176  101   93   95   92  128  116   96  126  144  129  131  128  138  157   48   31   46   26   32   19   29  
120  115  118  138  146  128  133   32   35   28   41    0  117  147  139  145  128  151  149  131  145   24   45   43   42   45   27   56   74   48   51   73  146  166  144  155  168  156  136  120  108  104  104  139  126  109  124  144  126  131  121  134  148   30   46   48   49   31   33   29  
 80  105   81   94  103   90   98   96  119  111  127  117    0   37   32   36   14   39   32   18   28   93   72   86   83   89   91   68   63   74   73   55  238  268  238  254  266  217  194   84   69   54   63   67   55   66  241  261  243  248  238  252  264   88   96   80  104   97  109  100  
 74  103   76   81   88   81   88  130  153  145  161  147   37    0    9    2   23    5   29   19   23  123  102  121  117  124  123  103   81  100   98   76  275  303  274  289  302  223  201  118  103   90   98   93   86  101  271  291  272  278  267  281  292  120  131  115  139  130  143  134  
 67   96   69   75   83   75   82  123  146  138  154  139   32    9    0    7   19   13   33   14   26  116   94  114  110  118  115   96   72   92   90   68  268  297  267  283  295  215  193  116  100   87   95   93   84   98  263  282  264  270  258  272  283  112  125  109  133  123  136  127  
 72  102   74   79   87   80   87  128  152  144  160  145   36    2    7    0   22    7   30   18   24  122  100  120  115  123  121  102   79   99   97   75  273  302  272  288  301  221  200  117  103   89   97   93   85  100  269  289  270  276  265  279  290  118  130  114  138  129  142  132  
 75  102   76   87   95   84   92  108  131  124  139  128   14   23   19   22    0   25   26    4   20  103   82   99   95  102  102   81   67   82   81   61  252  281  251  267  280  218  195   97   82   68   76   76   66   79  252  271  253  259  248  262  274   99  109   93  117  109  121  112  
 79  108   80   85   92   86   93  133  156  148  164  151   39    5   13    7   25    0   26   21   21  127  106  124  120  127  126  106   85  104  102   81  277  306  276  292  305  228  206  117  104   90   98   92   85  101  275  294  276  282  271  284  296  123  134  118  142  133  146  137  
 99  127  100  108  116  107  115  126  148  142  156  149   32   29   33   30   26   26    0   26    7  125  104  116  113  118  123   98   93  106  105   86  265  296  264  282  294  244  221   96   84   72   79   67   62   80  273  293  275  280  270  283  297  120  124  110  132  127  138  131  
 74  102   75   85   93   83   91  112  135  127  143  131   18   19   14   18    4   21   26    0   19  107   86  103   99  106  106   85   69   85   84   63  256  285  255  271  284  218  196  101   86   72   80   80   70   83  255  275  257  262  252  265  277  103  113   97  121  113  125  116  
 92  120   93  101  109  100  108  124  146  139  154  145   28   23   26   24   20   21    7   19    0  121  100  113  110  116  119   95   87  101  100   80  264  295  263  280  292  237  215   98   85   73   80   71   65   82  270  289  271  276  266  280  292  116  122  108  130  125  136  128  
104  104  101  123  131  112  118   21   39   29   48   24   93  123  116  122  103  127  125  107  121    0   21   27   23   31    6   34   54   27   31   52  162  185  160  173  186  165  144  103   88   82   84  118  104   89  149  168  150  155  146  159  172    6   35   29   42   20   31   21  
 88   93   86  107  116   98  104   33   56   46   64   45   72  102   94  100   82  106  104   86  100   21    0   30   24   35   21   24   38   14   18   33  180  205  178  192  205  171  149   94   77   69   72  103   89   78  170  189  171  176  167  180  193   18   42   28   51   33   46   35  
118  123  116  137  146  127  134   12   32   26   40   43   86  121  114  120   99  124  116  103  113   27   30    0    6    5   20   18   68   43   48   61  155  183  153  169  181  192  170   77   65   61   61   96   83   66  160  179  162  166  160  171  187   21   12    6   21   13   22   16  
112  117  110  131  140  121  128   13   36   29   45   42   83  117  110  115   95  120  113   99  110   23   24    6    0   11   17   15   62   37   42   55  160  187  158  173  186  187  166   80   66   62   62   97   84   68  162  181  164  168  161  173  188   17   18    7   27   14   26   18  
123  128  120  142  151  132  139   13   30   25   38   45   89  124  118  123  102  127  118  106  116   31   35    5   11    0   24   21   72   48   53   66  151  179  150  165  178  196  174   75   63   61   60   96   83   65  159  178  162  165  159  171  187   26    7    9   17   14   20   17  
107  108  105  126  135  116  122   15   35   25   44   27   91  123  115  121  102  126  123  106  119    6   21   20   17   24    0   29   57   30   34   53  159  183  157  171  184  171  150   97   83   77   79  113   99   84  150  170  152  157  148  161  175    4   29   23   36   14   27   16  
105  114  103  124  133  115  123   28   51   44   58   56   68  103   96  102   81  106   98   85   95   34   24   18   15   21   29    0   57   37   41   49  172  201  171  186  199  194  172   71   55   48   50   84   70   56  177  196  179  183  176  188  203   28   28   12   37   30   41   33  
 50   58   48   69   78   60   67   70   92   83  101   74   63   81   72   79   67   85   93   69   87   54   38   68   62   72   57   57    0   27   23   10  216  239  214  227  240  156  133  118  100   87   94  116  102   99  194  213  194  201  188  202  212   54   80   65   89   70   83   72  
 77   80   75   96  105   86   92   44   65   56   74   48   74  100   92   99   82  104  106   85  101   27   14   43   37   48   30   37   27    0    4   25  189  212  187  200  213  159  136  106   89   80   84  113   98   90  171  190  172  178  166  180  192   27   55   42   64   43   57   46  
 73   75   70   92  100   82   88   48   70   60   79   51   73   98   90   97   81  102  105   84  100   31   18   48   42   53   34   41   23    4    0   22  193  216  191  204  217  156  134  109   92   82   87  115  100   92  173  193  174  180  168  182  193   31   59   46   68   48   61   50  
 57   68   55   76   85   67   74   65   88   79   97   73   55   76   68   75   61   81   86   63   80   52   33   61   55   66   53   49   10   25   22    0  212  237  211  224  237  165  143  107   89   77   83  106   92   89  196  215  196  203  191  205  215   50   73   58   83   65   79   68  
265  261  263  284  292  273  279  148  124  134  116  146  238  275  268  273  252  277  265  256  264  162  180  155  160  151  159  172  216  189  193  212    0   40    4   23   31  269  256  186  188  196  190  220  214  191  109  115  115  107  124  120  144  163  144  160  135  148  134  145  
286  278  283  304  311  293  298  174  151  159  142  166  268  303  297  302  281  306  296  285  295  185  205  183  187  179  183  201  239  212  216  237   40    0   38   17   14  269  259  222  223  229  224  256  249  226   93   93   99   89  110  101  123  187  173  188  165  174  161  170  
263  258  261  282  290  271  277  146  123  132  114  144  238  274  267  272  251  276  264  255  263  160  178  153  158  150  157  171  214  187  191  211    4   38    0   21   30  266  252  187  188  196  190  221  214  192  105  111  111  103  120  115  139  161  143  159  134  146  133  143  
275  268  272  293  301  282  287  161  137  146  128  155  254  289  283  288  267  292  282  271  280  173  192  169  173  165  171  186  227  200  204  224   23   17   21    0   13  266  254  206  207  214  208  240  233  210   96   99  102   93  112  105  128  174  158  174  150  160  147  157  
288  281  285  306  314  296  301  174  150  159  141  168  266  302  295  301  280  305  294  284  292  186  205  181  186  178  184  199  240  213  217  237   31   14   30   13    0  278  266  217  218  225  220  251  244  222  105  106  111  101  121  113  136  187  171  187  163  173  160  170  
151  121  149  153  151  147  143  184  190  184  195  156  217  223  215  221  218  228  244  218  237  165  171  192  187  196  171  194  156  159  156  165  269  269  266  266  278    0   23  265  248  238  243  271  256  248  181  192  177  188  165  179  169  170  199  194  204  183  189  182  
130  100  128  133  132  127  123  163  171  163  176  136  194  201  193  200  195  206  221  196  215  144  149  170  166  174  150  172  133  136  134  143  256  259  252  254  266   23    0  242  226  216  220  248  233  226  174  187  170  181  159  174  167  149  178  172  184  162  169  161  
157  174  156  173  183  167  175   88   98   97  101  120   84  118  116  117   97  117   96  101   98  103   94   77   80   75   97   71  118  106  109  107  186  222  187  206  217  265  242    0   18   32   24   35   34   19  226  244  230  231  229  238  257   96   76   74   76   90   92   92  
139  156  138  156  165  149  157   76   89   87   93  108   69  103  100  103   82  104   84   86   85   88   77   65   66   63   83   55  100   89   92   89  188  223  188  207  218  248  226   18    0   14    6   34   26    3  219  238  222  224  221  231  249   82   65   60   68   77   82   80  
125  143  124  142  151  135  143   73   89   86   95  104   54   90   87   89   68   90   72   72   73   82   69   61   62   61   77   48   87   80   82   77  196  229  196  214  225  238  216   32   14    0    8   36   22   12  220  239  222  225  220  231  248   76   64   56   69   74   81   77  
133  150  132  149  159  143  151   73   87   85   92  104   63   98   95   97   76   98   79   80   80   84   72   61   62   60   79   50   94   84   87   83  190  224  190  208  220  243  220   24    6    8    0   36   25    6  218  236  221  223  219  230  247   78   63   56   66   74   79   77  
146  168  146  161  170  156  164  108  123  120  128  139   67   93   93   93   76   92   67   80   71  118  103   96   97   96  113   84  116  113  115  106  220  256  221  240  251  271  248   35   34   36   36    0   15   32  253  272  256  259  255  265  283  111   99   91  102  109  115  112  
133  155  133  148  157  143  152   95  111  108  116  126   55   86   84   85   66   85   62   70   65  104   89   83   84   83   99   70  102   98  100   92  214  249  214  233  244  256  233   34   26   22   25   15    0   23  242  261  245  247  243  253  270   97   87   78   90   96  103  100  
137  155  137  154  163  148  156   78   91   89   96  109   66  101   98  100   79  101   80   83   82   89   78   66   68   65   84   56   99   90   92   89  191  226  192  210  222  248  226   19    3   12    6   32   23    0  222  240  225  227  223  233  251   83   67   61   70   79   84   82  
233  217  230  248  254  238  240  149  131  134  126  124  241  271  263  269  252  275  273  255  270  149  170  160  162  159  150  177  194  171  173  196  109   93  105   96  105  181  174  226  219  220  218  253  242  222    0   19    6    8   17   13   37  153  155  166  152  147  139  144  
251  234  248  267  272  256  258  168  149  153  144  144  261  291  282  289  271  294  293  275  289  168  189  179  181  178  170  196  213  190  193  215  115   93  111   99  106  192  187  244  238  239  236  272  261  240   19    0   19   13   28   13   30  173  174  185  170  167  158  163  
232  216  229  248  253  237  239  151  133  137  129  126  243  272  264  270  253  276  275  257  271  150  171  162  164  162  152  179  194  172  174  196  115   99  111  102  111  177  170  230  222  222  221  256  245  225    6   19    0   11   12    9   31  155  158  168  155  150  142  146  
240  224  237  256  261  245  248  155  136  140  131  131  248  278  270  276  259  282  280  262  276  155  176  166  168  165  157  183  201  178  180  203  107   89  103   93  101  188  181  231  224  225  223  259  247  227    8   13   11    0   23   13   37  160  161  172  157  153  145  150  
225  207  222  239  244  229  231  148  132  135  128  121  238  267  258  265  248  271  270  252  266  146  167  160  161  159  148  176  188  166  168  191  124  110  120  112  121  165  159  229  221  220  219  255  243  223   17   28   12   23    0   16   28  151  156  166  153  147  140  144  
240  222  237  255  260  244  247  160  142  146  138  134  252  281  272  279  262  284  283  265  280  159  180  171  173  171  161  188  202  180  182  205  120  101  115  105  113  179  174  238  231  231  230  265  253  233   13   13    9   13   16    0   24  164  167  177  163  159  151  155  
246  226  243  259  264  249  251  176  160  163  157  148  264  292  283  290  274  296  297  277  292  172  193  187  188  187  175  203  212  192  193  215  144  123  139  128  136  169  167  257  249  248  247  283  270  251   37   30   31   37   28   24    0  178  184  193  182  174  168  171  
104  105  101  123  131  113  119   18   39   29   48   30   88  120  112  118   99  123  120  103  116    6   18   21   17   26    4   28   54   27   31   50  163  187  161  174  187  170  149   96   82   76   78  111   97   83  153  173  155  160  151  164  178    0   31   23   39   17   30   19  
130  135  128  149  158  139  146   15   25   22   31   46   96  131  125  130  109  134  124  113  122   35   42   12   18    7   29   28   80   55   59   73  144  173  143  158  171  199  178   76   65   64   63   99   87   67  155  174  158  161  156  167  184   31    0   16    9   16   16   17  
115  121  113  134  143  124  131   17   38   32   46   48   80  115  109  114   93  118  110   97  108   29   28    6    7    9   23   12   65   42   46   58  160  188  159  174  187  194  172   74   60   56   56   91   78   61  166  185  168  172  166  177  193   23   16    0   25   19   28   22  
139  144  137  158  167  149  155   21   22   23   26   49  104  139  133  138  117  142  132  121  130   42   51   21   27   17   36   37   89   64   68   83  135  165  134  150  163  204  184   76   68   69   66  102   90   70  152  170  155  157  153  163  182   39    9   25    0   23   17   23  
120  122  118  139  148  129  136    2   23   15   32   31   97  130  123  129  109  133  127  113  125   20   33   13   14   14   14   30   70   43   48   65  148  174  146  160  173  183  162   90   77   74   74  109   96   79  147  167  150  153  147  159  174   17   16   19   23    0   14    3  
134  135  131  153  161  143  149   14   10    6   19   33  109  143  136  142  121  146  138  125  136   31   46   22   26   20   27   41   83   57   61   79  134  161  133  147  160  189  169   92   82   81   79  115  103   84  139  158  142  145  140  151  168   30   16   28   17   14    0   11  
123  124  120  142  150  132  138    5   20   11   29   29  100  134  127  132  112  137  131  116  128   21   35   16   18   17   16   33   72   46   50   68  145  170  143  157  170  182  161   92   80   77   77  112  100   82  144  163  146  150  144  155  171   19   17   22   23    3   11    0  

  0  477  380  475  467  228  363  243  468  411  235  468  363  382  176  104  271  340  226  192  243  237  379  247  169  218  217  459  145  455  152  479  268  277  428  299  391  365  152  172  366  398  305  119  357  338  387  420  187  135  337  479  179  425  114  274  395  266  440  418  
128    0  215  284  332  485  258  290  366  130  429  155  103  259  261  283  468  202  190  208  311  417  219  308  408  303  133  266  442  418  357  291  526  412  418  439  410  437  251  316  440  132  181  262  442  284  333  200  299  473  344  343  252  411  380  468  402  130  133  338  
189  348    0  426  403  256  485  235  385  189  436  450  234  333  236  385  447  423  395  479  430  436  170  449  160  135  224  147  376  155  302  141  363  224  385  327  162  153  376  125  224  199  174  442  312  365  212  186  340  263  106  382  117  191  347  149  249  341  273  428  
127  264  146    0  320  213  331  156  119  423  336  253  148  460  116  183  381  464  266  435  265  146  269  187  294  311  348  151  407  340  378  445  153  290  221  228  328  290  193  156  482  134  469  402  190  447  381  321  202  312  193  329  150  249  382  171  186  158  335  319  
349  210  224  410    0  111  381  235  448  266  231  428  125  382  485  483  467  124  440  470  392  313  235  311  414  332  178  338  306  282  416  433  483  426  287  404  416  375  477  272  451  193  406  316  264  285  310  199  304  204  224  397  146  334  138  310  386  121  459  215  
181  423  418  258  145    0  140  342  252  104  273  192  372  166  222  437  270  189  519  457  305  379  341  378  319  281  391  280  111  431  301  233  463  191  327  171  289  334  364  305  199  462  408  210  184  428  282  141  415  457  470  323  379  102  329  227  401  176  415  474  
483  472  347  192  297  384    0  152  343  140  168  415  359  225  254  245  389  241  359  359  110  258  173  292  225  205  101  442  229  282  133  409  113  211  466  199  399  360  239  440  350  394  454  284  362  478  335  297  131  291  388  425  484  430  237  370  183  334  423  406  
191  366  438  100  143  230  167    0  300  434  421  220  325  243  291  175  344  183  376  234  333  458  173  122  485  441  182  478  298  132  182  476  356  367  117  137  203  478  413  292  142  226  191  182  210  370  273  405  201  243  373  287  455  488  457  164  275  422  261  134  
361  337  106  330  253  285  166  379    0  388  418  417  215  120  214  150  337  311  135  312  366  340  273  431  250  202  204  114  346  385  467  259  387  360  106  404  449  331  388  461  283  487  363  204  195  201  384  153  127  488  478  186  101  350  438  337  178  328  406  358  
336  237  239  408  468  156  153  441  142    0  371  127  476  359  314  242  264  431  131  274  161  305  185  220  262  425  222  391  421  199  127  233  440  230  170  115  152  327  366  406  226  140  472  370  437  422  385  115  233  292  351  436  305  399  483  328  424  296  426  196  
486  345  437  361  291  334  303  161  105  450    0  153  438  463  298  141  456  147  238  282  380  426  387  210  349  398  245  466  457  319  415  159  477  447  331  239  407  425  232  391  386  340  468  385  376  211  226  430  374  400  442  234  438  308  335  485  296  432  356  350  
238  389  466  230  190  101  254  138  428  265  285    0  161  410  138  200  213  109  309  163  352  158  170  291  101  226  219  331  467  363  226  272  460  415  144  336  479  310  331  480  217  324  153  102  279  404  151  377  308  103  126  472  128  272  200  157  218  399  439  458  
449  234  140  276  363  299  189  258  135  323  327  130    0  136  289  407  366  171  110  381  105  357  187  477  122  416  293  145  152  225  372  485  358  316  181  385  292  310  428  380  305  457  229  486  402  405  218  441  482  346  314  323  399  183  336  465  205  352  415  213  
269  317  410  254  170  184  111  340  386  432  191  347  175    0  465  402  484  344  404  462  107  314  170  270  442  280  126  415  239  164  261  165  389  327  414  342  181  337  371  238  386  420  106  334  460  396  229  401  275  123  311  289  132  430  166  265  242  278  200  455  
310  310  141  437  175  157  179  144  187  346  471  305  116  456    0  148  246  103  151  259  133  249  315  467  120  208  458  118  406  475  372  282  417  428  312  371  467  132  278  473  265  245  127  275  283  456  335  100  340  430  408  443  308  367  189  349  411  110  197  368  
395  126  398  110  338  151  112  100  304  118  368  208  191  334  333    0  349  289  263  180  467  111  233  382  248  143  322  332  474  174  343  257  233  458  233  378  259  367  344  399  364  394  266  110  433  225  433  371  140  335  146  354  277  302  376  202  364  373  479  229  
381  384  439  264  403  203  415  190  333  288  394  313  381  141  162  211    0  191  485  351  118  364  455  334  289  297  472  168  135  391  324  488  309  448  344  290  353  115  192  398  146  129  209  197  298  241  256  399  419  119  130  258  242  299  302  276  249  259  284  441  
283  243  405  375  215  394  349  269  327  262  363  255  477  469  373  337  392    0  380  327  402  396  168  306  395  369  148  101  473  336  268  170  130  423  135  331  166  219  251  298  395  311  414  227  483  434  343  469  439  392  300  470  219  409  174  164  350  224  380  255  
464  219  211  250  222  234  174  408  481  135  200  128  240  134  438  196  123  305    0  417  368  112  354  112  409  314  327  459  202  484  200  163  141  294  469  108  182  125  313  183  339  234  366  263  212  146  360  448  258  258  393  103  471  163  231  165  158  440  426  432  
353  198  415  443  119  274  172  275  380  309  224  364  144  150  309  352  115  250  457    0  212  394  364  367  188  338  400  380  265  120  362  182  306  354  108  125  220  222  271  394  274  426  209  440  339  375  360  193  369  250  474  144  291  221  242  403  297  417  303  468  
375  186  204  273  370  384  474  298  272  108  456  210  282  356  455  164  473  477  467  286    0  234  151  191  212  320  403  370  244  385  262  319  477  368  186  161  411  432  232  451  248  291  295  188  220  255  269  132  250  326  437  163  494  298  208  325  174  145  172  484  
408  457  124  297  221  187  445  365  109  457  432  450  181  366  486  282  248  425  369  359  238    0  119  453  100  464  397  199  110  172  160  486  323  309  413  202  145  130  279  394  473  455  424  314  460  380  273  290  119  305  374  378  434  253  356  486  113  297  428  464  
202  463  218  333  344  294  283  435  262  223  177  358  159  127  444  104  375  141  204  226  179  391    0  475  374  208  399  150  213  114  280  406  423  209  346  465  138  221  120  143  353  403  377  138  329  473  437  299  157  307  221  462  344  379  279  430  268  278  365  369  
193  172  405  459  124  106  301  416  413  182  420  231  130  230  471  348  418  330  184  234  396  378  469    0  133  437  436  267  201  363  324  449  348  439  289  174  449  273  239  253  143  111  203  346  370  101  364  480  100  243  269  427  435  434  316  430  437  380  178  239  
100  317  435  131  459  152  169  487  133  460  410  261  431  279  129  126  265  192  417  354  482  307  315  130    0  421  302  392  286  180  249  462  366  119  443  288  356  245  191  234  231  313  401  460  163  273  393  421  316  160  346  485  354  321  126  239  152  336  483  115  
434  357  538  404  101  435  176  337  117  286  235  175  419  384  364  105  456  364  299  372  481  259  446  476  187    0  336  320  390  464  142  483  487  399  223  247  157  355  316  200  246  243  289  250  296  127  424  262  344  301  384  218  146  469  237  114  228  129  482  385  
177  294  206  163  382  269  463  311  317  397  464  180  346  457  328  290  388  484  290  287  199  396  340  290  165  464    0  279  282  377  124  191  402  289  415  168  115  369  239  417  330  162  411  283  335  271  294  263  191  111  167  148  360  364  255  293  111  315  266  270  
456  414  276  236  317  266  157  272  479  444  260  239  421  279  183  418  298  458  186  407  221  435  184  257  384  305  275    0  401  180  273  275  239  248  320  429  480  217  300  199  205  402  209  237  466  244  133  364  320  244  106  272  228  340  244  254  219  167  136  282  
179  455  473  248  189  197  444  317  335  166  306  214  443  385  453  246  245  414  103  427  488  239  156  346  338  159  286  231    0  235  253  133  151  264  335  342  351  250  323  308  159  265  367  478  437  111  173  413  378  172  419  270  166  413  374  410  315  147  283  277  
254  408  163  152  174  146  334  298  255  433  410  475  290  356  347  216  413  410  345  315  222  293  449  396  119  119  165  166  400    0  235  316  433  396  320  485  217  422  380  298  474  164  135  151  454  293  107  309  295  292  102  142  182  479  105  308  418  446  331  316  
451  436  229  276  432  133  442  213  157  306  355  145  291  344  281  364  257  403  319  366  461  487  246  256  123  110  388  430  236  184    0  152  116  264  244  510  130  386  362  455  208  119  163  449  348  161  293  394  476  184  440  205  260  449  355  329  436  319  458  188  
240  383  224  156  394  281  274  319  351  401  425  341  426  384  200  246  130  164  457  110  133  194  321  378  471  266  468  356  320  472  240    0  100  472  127  486  391  236  409  336  252  459  329  432  158  266  411  236  486  129  441  471  113  228  314  180  267  262  287  292  
439  152  476  214  132  113  409  310  251  152  215  222  118  432  128  235  420  274  351  364  362  136  139  359  524  211  262  387  239  277  166  354   30  233  310  404  408  452  205  362  419  199  212  207  389  311  339  146  298  105  182  350  424  297  174  464  231  465  437  302  
286  439  289  230  185  313  423  249  285  114  135  489  121  205  201  161  194  449  105  408  140  229  132  432  146  238  253  341  185  102  462  242  110    0  133  365  144  240  111  285  482  166  351  342  224  139  321  213  210  112  224  288  427  238  251  173  260  223  389  444  
131  286  445  363  327  164  321  304  347  119  346  156  166  355  484  294  462  369  110  329  447  200  223  371  399  485  369  351  488  270  270  196  375  405    0  445  164  487  251  333  480  186  464  253  168  446  463  373  479  242  386  488  155  169  232  202  111  344  186  263  
295  412  201  329  454  435  277  256  426  370  109  331  130  258  401  295  348  187  448  243  175  241  408  206  222  434  109  266  266  206  467  243  486  201  280    0  414  368  354  471  300  117  360  190  478  287  192  101  347  309  479  345  416  416  357  411  156  191  154  323  
348  387  242  211  293  385  343  102  113  396  215  484  442  419  217  214  197  149  112  191  187  434  186  405  402  367  263  480  354  225  136  231  118  179  447  436    0  312  332  474  471  455  207  324  142  197  420  327  307  310  146  468  321  276  157  131  467  181  381  402  
358  213  156  302  132  110  301  465  297  262  416  192  425  217  190  307  325  387  189  373  102  265  446  361  376  113  180  196  261  383  475  414  456  468  307  177  282    0  153  202  129  327  197  153  184  472  171  115  442  155  309  100  109  468  137  153  177  165  126  365  
161  410  282  307  428  100  361  349  131  366  408  108  185  421  237  465  227  166  188  250  351  232  121  103  475  441  242  447  258  395  359  185  283  231  468  441  380  417    0  222  263  367  126  460  388  460  464  199  287  476  378  152  281  222  433  271  409  199  202  131  
474  432  344  276  447  250  440  121  373  267  163  221  250  486  269  338  171  256  123  193  265  482  153  455  135  416  348  402  448  416  317  259  426  331  383  424  204  476  321    0  247  216  369  208  301  384  259  166  143  157  205  331  399  330  397  422  375  224  274  115  
388  366  356  224  394  454  377  244  197  151  286  393  252  182  433  423  249  361  324  314  432  447  273  113  431  265  167  154  487  406  264  458  268  109  157  258  262  147  371  183    0  295  279  249  483  385  398  284  428  236  431  214  106  439  195  298  211  320  269  311  
111  201  435  288  262  160  365  125  382  403  288  372  115  113  194  361  433  111  196  216  160  111  246  234  381  392  157  306  303  132  233  198  256  432  393  217  337  318  260  277  416    0  339  270  402  178  138  333  254  476  110  234  195  378  345  261  110  363  146  364  
136  290  467  229  297  117  151  488  222  422  192  160  423  433  277  209  282  102  356  177  168  310  195  190  458  248  276  267  310  157  233  315  284  330  329  364  206  198  192  205  425  235    0  224  398  260  149  208  252  338  395  369  216  372  163  456  202  264  225  120  
193  428  280  364  276  200  394  361  455  229  454  413  238  357  466  326  279  267  243  295  229  113  138  451  181  346  326  118  314  342  385  268  327  205  287  486  141  271  121  117  358  107  152    0  340  284  414  409  273  141  244  227  425  338  387  220  254  412  101  466  
288  270  169  454  157  421  466  222  427  485  259  389  175  247  249  381  176  474  243  219  276  397  443  193  302  447  429  463  392  250  465  473  206  214  300  400  205  229  358  281  119  421  229  215    0  421  245  182  396  248  396  295  308  160  103  343  484  285  318  432  
422  256  466  142  322  156  418  269  117  330  346  286  383  402  112  181  435  171  362  412  250  268  183  367  102  212  366  172  263  213  147  390  362  316  185  105  431  267  255  253  118  208  443  479  238    0  246  436  314  144  340  464  139  322  282  188  433  428  448  303  
254  345  477  106  268  481  479  120  300  138  114  243  187  217  342  409  416  206  433  307  333  327  226  409  503  140  189  337  280  342  378  308  333  209  481  344  361  352  352  484  414  192  254  448  227  284    0  298  275  238  260  287  343  119  286  233  448  406  461  373  
447  193  214  247  262  198  488  431  416  175  239  324  116  343  351  230  456  466  341  486  109  221  198  193  106  429  201  446  110  434  330  383  486  334  341  199  283  345  250  167  356  180  480  451  268  427  435    0  174  186  157  280  128  184  120  192  424  170  280  203  
118  122  224  128  408  233  327  484  216  245  356  101  476  131  222  281  177  267  484  239  235  483  323  417  330  378  343  354  394  242  201  152  276  236  111  398  451  271  386  412  320  352  302  188  444  329  176  431    0  165  177  279  206  144  412  249  384  244  383  225  
197  142  258  168  389  351  160  246  337  135  186  134  433  469  299  246  352  250  278  405  186  413  192  385  378  351  326  219  217  477  146  276  164  304  158  187  171  440  105  377  201  150  337  118  429  279  292  387  291    0  126  100  424  376  283  187  482  198  116  342  
419  256  231  212  134  461  355  281  244  241  175  243  125  399  215  284  432  346  124  476  411  438  381  336  211  129  333  314  196  452  343  202  484  156  301  392  225  485  192  304  142  373  353  459  420  119  372  380  226  440    0  346  405  437  282  320  305  209  293  282  
380  222  430  390  364  186  209  237  141  282  381  326  314  114  116  417  432  354  277  450  481  304  328  359  297  397  119  117  304  140  368  149  321  149  104  343  181  108  288  457  430  472  280  349  258  464  302  225  272  424  408    0  322  213  260  151  472  212  137  377  
178  339  225  186  382  318  170  398  204  117  446  120  266  313  138  170  427  239  141  279  304  399  110  430  201  312  374  255  312  311  113  246  380  467  266  438  394  176  333  294  363  140  117  472  457  405  425  222  221  390  179  139    0  473  147  329  474  356  476  220  
383  147  319  218  164  137  256  186  394  358  427  400  269  443  282  170  232  284  101  212  473  221  179  243  208  471  316  450  158  173  347  352  209  428  254  179  225  156  347  430  167  451  254  423  398  209  399  253  325  196  131  449  250    0  144  131  406  131  243  393  
189  161  446  314  450  487  408  217  102  108  266  303  465  378  425  372  225  342  263  473  348  333  205  355  449  462  223  100  444  487  248  115  222  251  289  259  296  300  107  185  159  322  393  292  435  160  206  329  197  408  173  392  402  190    0  417  185  319  214  172  
240  394  240  347  254  410  349  489  307  114  227  245  387  299  123  126  151  397  141  360  397  229  152  343  315  378  262  120  504  302  219  153  128  434  144  203  397  411  263  111  247  240  327  335  183  481  356  468  448  369  365  480  242  292  358    0  429  155  319  203  
178  151  319  245  357  439  412  209  356  104  374  217  467  440  269  149  240  162  363  272  234  190  166  168  176  414  190  155  402  433  275  217  475  133  438  376  452  146  331  205  241  202  340  321  181  132  211  416  477  406  269  401  464  453  159  309    0  183  270  128  
181  386  304  229  266  256  315  189  317  452  404  464  348  453  397  133  212  247  283  150  353  447  376  258  297  339  177  465  356  186  283  297  374  375  173  419  244  250  280  327  365  161  346  267  138  113  200  243  313  476  136  469  285  271  316  388  361    0  317  480  
465  445  419  227  481  323  385  468  379  289  307  216  234  396  127  158  170  189  288  419  255  319  256  231  390  474  187  383  221  368  193  207  438  104  221  268  300  280  152  223  159  364  372  160  242  466  179  204  185  238  229  308  268  471  299  403  429  200    0  451  
337  173  313  441  319  365  195  483  110  189  340  190  258  316  142  396  394  156  389  430  102  418  145  343  259  472  396  348  164  433  233  302  278  201  224  217  143  448  144  438  402  280  291  334  355  325  125  308  126  322  288  348  263  194  136  262  147  342  486    0  
