64

  0   14    4   48    9   48   44   86   20   47   49   84   45   88   90   85    7   47   48   84   43   84   81   85   47   86   88   84   88   90   88   82   14   44   46   84   50   82   86   85   42   86   84   88   81   87   87   81   49   89   88   90   87   90   88   81   81   89   84   83   82   82   84   89  
 16    0   50   15   44   11   88   50   42    5   84   44   89   47   81   86   46    8   90   50   86   46   83   88   83   46   87   85   88   86   88   88   50   16   86   46   86   50   85   87   83   48   82   81   84   84   82   83   90   47   85   83   90   88   87   82   85   89   82   88   89   81   81   81  
 10   49    0    7   45   82   14   46   48   82   18   45   82   85   49   90   41   90   19   47   85   85   44   82   89   85   49   88   86   87   83   86   49   90   20   41   90   85   41   82   83   82   48   89   89   87   88   82   86   81   49   84   89   88   84   83   84   85   86   85   88   81   84   82  
 44    7    1    0   87   47   49    9   87   47   44    7   87   81   90   47   82   50   45   19   90   83   86   41   82   84   88   44   86   84   88   90   85   41   42    7   83   90   86   46   81   83   88   46   90   86   85   90   86   90   88   42   83   83   85   86   89   88   86   86   83   87   87   88  
 18   41   47   82    0   18   19   49   41   86   84   81    5   41   43   90   49   81   90   90    1   44   48   81   83   84   89   86   42   82   85   82   50   82   83   81   18   48   43   84   86   87   81   82   42   89   86   83   87   81   81   86   44   85   83   86   83   81   90   85   83   89   82   86  
 42   20   90   45    4    0   48   16   85   49   89   86   48   10   88   49   90   42   87   88   42    9   83   45   87   83   89   86   90   45   84   87   88   50   81   88   42   17   82   45   89   86   83   84   86   50   83   87   81   88   82   86   86   43   85   90   84   81   87   82   87   84   87   81  
 44   87   20   45    6   41    0   12   81   90   45   89   50   87    8   49   86   87   46   90   49   85    4   44   81   81   89   83   88   88   43   85   89   87   43   90   46   89   17   46   85   83   89   90   86   82   46   83   84   83   88   85   85   88   42   90   88   87   86   83   89   86   85   88  
 87   50   46    4   42    4    2    0   84   88   84   41   81   47   48    2   84   85   84   47   89   47   50   13   86   90   81   81   90   85   87   45   90   89   83   45   84   48   41   16   81   81   85   89   88   90   83   49   83   81   90   81   83   81   82   47   81   89   83   85   87   90   83   90  
 16   41   42   82   41   90   81   90    0    3    8   43   12   46   44   88   41   83   90   89   81   90   84   86   15   46   50   86   47   84   90   89   42   87   89   86   88   88   82   87   19   44   45   83   48   85   90   87   84   83   81   86   83   86   81   89   42   88   82   85   88   86   87   90  
 43   13   88   49   87   50   81   81   12    0   44   13   42   12   89   42   84   41   82   87   90   88   81   85   46    8   81   47   87   44   85   86   81   43   85   82   90   89   90   89   44    8   81   48   84   42   87   83   82   90   89   89   82   83   89   89   83   44   84   85   81   90   88   87  
 50   82   11   46   82   87   45   87   14   44    0   17   48   90   13   44   82   90   48   88   82   83   90   88   49   83   18   49   89   81   43   89   90   82   44   81   86   85   82   83   41   81    4   47   86   90   47   85   84   81   83   85   84   82   81   81   88   83   48   85   83   83   83   81  
 88   44   41    7   89   82   84   46   46   16    2    0   89   50   48    3   82   84   84   47   89   88   87   85   84   46   46    2   90   85   81   44   86   87   88   47   87   86   83   88   86   45   42   17   82   88   81   48   84   85   81   83   88   90   88   82   84   89   82   49   85   90   86   86  
 49   82   83   82   16   47   47   88    3   50   42   90    0    2   18   47   89   88   90   82   41   81   90   90   50   87   82   87    9   48   43   90   82   89   87   84   49   84   85   89   49   83   88   87   13   45   42   81   83   82   83   90   87   87   83   88   81   82   87   90   44   88   89   81  
 84   50   86   89   49   15   90   47   41    6   82   42    6    0   43    5   86   84   83   81   89   42   87   81   89   45   90   81   47   16   87   46   86   85   86   83   82   49   82   85   84   49   89   81   46    9   81   45   85   89   83   90   86   89   83   82   89   88   88   85   88   45   90   86  
 85   81   49   87   44   87    6   42   44   82   20   49   10   44    0   14   82   81   82   83   90   83   41   81   84   89   41   82   42   90   20   50   90   83   83   84   89   90   47   83   81   83   48   87   46   89   10   44   86   87   81   81   81   81   81   90   81   85   90   86   83   90   50   87  
 81   83   81   46   90   46   45   13   83   47   44   13   44    4    2    0   88   89   84   82   81   89   83   48   85   88   84   46   89   48   49   12   88   90   88   81   82   88   82   50   88   90   84   48   89   45   45   12   88   87   84   89   88   83   86   82   82   87   81   83   89   86   87   50  
 17   48   48   83   45   83   83   83   47   85   86   83   87   88   81   90    0   13   20   49    1   45   44   82   18   44   44   90   44   85   89   87   47   88   89   84   81   90   81   89   90   89   87   86   85   84   81   84   17   41   42   83   49   86   84   88   49   86   86   88   84   90   82   88  
 44    3   86   47   87   48   82   88   88   49   86   86   83   85   90   82    7    0   41   17   48   17   85   49   47   19   87   47   81   49   82   83   82   46   86   88   88   83   90   84   82   83   82   86   87   83   86   84   48    7   85   43   85   47   81   82   82   41   87   86   89   85   86   83  
 47   90   12   50   81   85   46   88   87   90   43   86   81   83   86   85    7   42    0    7   49   87    5   45   50   88    1   46   87   84   43   86   88   81   45   85   89   86   87   81   85   82   87   88   82   88   87   81   50   86    5   46   87   83   45   88   90   84   44   87   90   90   84   86  
 89   49   50    9   83   83   81   50   90   88   88   46   88   81   81   87   43    1   16    0   85   50   41    3   90   49   43   11   81   87   87   47   89   88   81   41   86   84   83   81   82   90   84   85   84   87   85   89   83   47   46    1   87   83   82   45   87   88   89   45   86   87   88   85  
 44   84   85   87   13   44   46   89   82   83   81   88   48   84   84   90   12   41   49   86    0   18   16   42   44   90   86   84   12   50   45   89   82   81   84   81   46   90   83   81   82   82   86   85   83   87   82   83   46   84   86   84    1   45   46   82   87   90   81   84   46   85   90   88  
 88   47   81   87   44    3   81   50   83   85   84   83   83   47   81   88   43   17   85   43    5    0   44   20   82   49   89   86   47    8   84   49   82   83   85   84   88   45   88   81   90   83   88   81   89   88   82   89   89   41   87   87   43    9   90   45   82   87   90   85   83   49   90   84  
 88   82   43   82   41   86    6   41   88   86   89   86   90   88   50   88   43   81   14   49    4   44    0   10   88   86   41   90   46   86   12   47   82   81   85   83   87   90   43   88   87   86   90   87   86   81   81   90   88   89   49   88   46   84    6   45   81   85   88   85   87   86   50   83  
 81   89   89   44   82   42   42   12   89   81   86   83   83   88   82   42   85   42   44    4   49    5   11    0   82   85   89   45   89   47   46   11   85   89   87   82   90   85   86   48   87   88   83   84   84   89   90   83   90   87   82   45   82   47   48   10   87   88   83   82   85   90   89   41  
 50   89   83   90   83   87   86   85    5   41   42   87   48   89   83   81   12   42   50   83   43   86   83   81    0   20   18   50   17   44   41   88   87   85   82   84   87   86   88   87   41   90   82   85   86   87   89   88   43   82   89   87   87   85   87   84   18   45   45   84   46   86   82   88  
 83   43   87   82   85   83   82   89   44   10   81   41   84   44   84   87   45   17   89   46   84   46   83   84   17    0   49    2   50    1   81   48   84   83   89   89   88   84   90   84   86   43   86   84   88   81   81   82   82   42   83   82   81   81   81   87   43   10   82   49   81   46   90   88  
 88   84   50   84   89   88   85   86   44   82   16   45   82   85   50   85   47   85    3   44   83   81   42   89   15   41    0    3   50   89    7   45   88   85   86   90   85   89   88   82   88   81   48   85   84   88   88   85   89   89   49   86   82   86   90   83   44   84   15   47   83   89   41   81  
 90   87   88   42   84   81   86   90   85   44   46    2   88   84   82   44   83   43   41    5   85   82   84   45   46   12    7    0   83   42   46    7   87   88   89   87   83   86   86   85   82   84   89   43   82   86   84   89   88   87   84   41   84   88   83   90   81   49   42    6   85   86   86   50  
 85   87   87   87   44   87   84   84   48   86   87   85    4   46   45   82   45   85   81   81    7   50   47   88    6   46   41   89    0    5   14   47   82   88   84   83   88   84   86   85   88   86   90   82   50   83   90   81   86   81   82   89   47   89   87   82   47   85   90   89   15   47   43   88  
 88   88   84   81   88   44   89   83   90   50   84   88   48   12   82   41   89   46   81   83   49    2   89   49   44   17   89   42   14    0   47   20   84   88   81   81   86   84   84   90   88   84   83   88   89   44   81   86   85   83   85   85   87   43   86   86   85   46   84   90   47    6   90   41  
 83   89   88   84   89   90   48   85   86   89   50   86   46   89   16   46   86   87   44   84   42   88    8   47   41   82   20   48   19   48    0   10   87   85   85   83   89   90   85   85   86   88   81   85   88   88   47   88   85   83   90   87   88   89   46   84   87   87   41   88   41   83   15   45  
 81   83   84   88   88   83   81   50   86   82   84   43   86   47   42    1   85   82   90   45   85   42   49   18   81   44   47    4   44    8    7    0   90   82   82   90   85   88   81   83   86   84   90   86   82   83   82   48   88   89   82   85   89   83   87   43   87   84   90   43   87   42   45   13  
  2   46   43   84   46   90   81   83   44   83   87   88   86   81   82   87   44   89   90   88   81   88   84   89   82   87   82   89   82   82   82   85    0   18   10   46    2   45   48   90    8   42   43   90   49   88   88   90   18   47   50   89   47   89   82   84   46   84   83   89   84   89   82   89  
 43    1   84   44   89   50   83   86   84   45   88   87   81   90   88   85   82   45   81   86   86   81   84   86   89   88   88   89   83   84   90   82    3    0   50    3   48   15   82   50   43    5   85   43   88   46   88   82   44   19   89   46   85   49   89   82   87   48   88   81   82   84   85   89  
 50   87   15   49   84   83   46   90   83   90   45   83   88   86   84   84   83   89   41   84   82   90   81   83   84   89   85   83   84   89   81   82   16   42    0   11   43   89   17   50   44   86   15   44   90   85   41   82   44   81   17   49   81   83   41   86   85   81   48   88   82   87   88   89  
 84   49   41    2   89   86   89   42   89   81   87   41   83   83   83   86   87   90   87   47   85   84   85   89   84   89   89   89   89   84   81   83   41   14   19    0   87   45   43    8   87   45   49    7   81   89   85   43   87   46   50    2   88   90   82   49   89   87   87   46   82   87   84   85  
 46   89   82   90   18   45   49   83   86   88   84   83   43   86   85   85   90   88   83   90   41   81   83   83   84   89   90   81   85   90   83   81    1   43   47   82    0   15    8   44   50   81   83   85   15   48   41   88   44   85   81   84    3   44   50   88   89   82   83   86   41   83   87   83  
 87   42   85   82   46    6   82   45   86   84   88   84   81   45   84   84   81   88   81   83   85   47   83   88   88   84   83   88   85   90   87   82   48   14   82   43   19    0   43    1   86   41   86   85   49   12   81   47   82   50   81   88   48   15   84   49   85   87   82   89   85   50   88   83  
 82   82   43   83   43   85    7   49   86   89   88   88   89   82   42   85   83   87   83   83   87   87   50   90   88   89   84   82   88   87   90   88   50   82   15   43   13   45    0   12   90   85   41   88   44   85    6   47   89   87   45   90   44   81    1   48   90   88   83   88   81   90   48   82  
 85   90   82   43   81   42   41   15   81   86   88   81   87   85   84   47   90   82   82   89   81   81   86   41   82   84   86   83   84   90   84   86   82   44   49   20   46   18   15    0   82   81   88   46   83   48   47   18   84   84   83   41   83   49   42   12   81   89   90   84   83   90   89   48  
 46   86   86   85   89   82   82   86   12   42   42   81   45   85   81   83   84   81   88   89   85   89   90   85   50   85   83   83   88   90   89   85   20   45   48   85   44   87   87   83    0   12   20   49   20   47   45   85   41   84   88   87   85   90   90   85    9   48   42   89   48   86   84   86  
 86   43   81   83   90   89   81   86   43   11   86   41   89   45   82   90   90   87   84   90   89   81   81   83   84   49   81   83   88   81   89   82   45    6   86   50   82   49   85   86    1    0   45   15   46   20   86   41   82   45   82   85   87   82   81   81   41    9   85   49   83   49   84   81  
 88   82   41   86   88   87   83   86   42   86    5   47   84   83   46   82   83   81   84   89   87   84   87   87   84   82   50   86   90   85   90   88   45   81    5   45   89   90   47   85   17   44    0   14   44   82   10   41   86   90   42   81   85   84   90   87   48   82   10   50   87   85   44   90  
 88   84   84   46   88   85   87   90   89   44   43   17   85   85   82   42   84   90   81   83   84   87   81   81   84   90   90   48   87   87   83   88   82   49   41    7   89   82   88   45   44   13    5    0   87   43   42    7   90   87   88   50   85   84   89   84   88   47   49    8   90   84   81   44  
 89   89   84   90   47   81   87   84   42   81   89   89    1   43   41   84   84   88   85   89   83   82   83   87   86   86   87   88   44   83   86   88   50   84   83   82    7   41   44   82   12   49   49   86    0   16    9   41   83   83   86   81   45   86   89   87   49   81   86   82   15   44   47   89  
 81   85   84   88   88   47   84   83   82   43   87   86   50   11   90   43   86   81   89   82   86   89   90   87   82   81   84   90   83   43   82   90   85   46   81   85   49    2   84   44   48   20   90   47   18    0   43    8   83   90   81   87   84   48   82   81   86   49   87   89   41   13   84   42  
 82   81   85   90   89   86   44   81   88   87   41   88   49   81   10   50   84   88   83   85   81   81   85   83   81   88   84   88   82   81   48   85   85   83   44   89   49   83   14   43   45   81    6   50    9   50    0   13   88   86   84   85   90   87   42   84   89   83   45   84   42   87   14   50  
 88   84   87   82   81   85   89   42   84   90   90   49   89   44   49    6   88   86   81   87   88   90   81   83   88   87   86   82   90   90   84   41   90   85   83   44   90   50   41   20   87   49   50    2   50    5    5    0   82   86   83   89   81   88   86   41   86   83   86   45   87   43   50   14  
 50   85   89   85   88   81   90   81   82   86   88   84   83   82   90   83    7   41   43   86   43   86   89   84   48   88   90   81   87   86   90   87   10   43   45   84   42   85   88   85   44   84   88   89   88   82   82   81    0    6    1   42   20   42   45   88   10   46   48   90   44   87   81   89  
 89   50   84   84   88   87   89   90   90   90   81   81   84   82   84   88   49    7   90   47   85   49   90   84   85   47   85   87   87   89   86   83   45    9   84   50   84   46   83   85   82   46   88   83   86   89   90   88    5    0   47   15   41   13   90   41   43   19   83   44   87   43   85   86  
 85   85   42   82   90   82   84   89   82   86   89   90   85   83   82   87   42   82   15   45   83   83   46   82   81   81   46   90   90   84   86   84   46   81    6   44   88   82   44   90   83   88   44   85   87   87   85   81    9   49    0   19   46   89    8   49   49   87    8   43   90   87   48   89  
 85   83   85   41   83   86   84   88   89   86   86   86   86   85   84   89   88   43   43    6   83   86   86   44   89   81   85   50   89   83   83   90   87   43   42   15   86   82   82   48   81   83   90   41   88   88   81   88   41    2   16    0   88   50   50   15   90   42   47    8   86   90   89   43  
 81   83   87   85   45   88   84   89   89   84   89   81   89   85   82   86   42   90   88   82    5   45   43   87   82   88   83   82   43   90   83   90   42   85   90   82   16   47   48   82   84   88   85   83   49   87   87   81   13   41   48   90    0   15   15   46   50   81   90   85    7   49   41   83  
 85   89   88   89   85   41   81   86   86   88   89   88   88   84   86   89   82   46   90   85   43   19   82   50   88   86   83   82   82   48   84   84   85   49   87   82   41    5   81   42   82   83   87   88   86   47   84   83   44    7   85   45    5    0   50   17   90   49   83   87   46   16   89   44  
 89   88   87   83   82   83   42   84   90   83   83   88   82   89   88   89   89   89   41   86   48   81    5   45   85   89   83   82   83   83   41   87   86   87   45   83   46   90   16   45   89   90   85   84   84   83   43   84   43   90   10   47    4   45    0    4   85   86   49   90   42   86    8   44  
 88   90   84   86   88   87   83   47   83   82   88   87   86   87   85   82   90   81   86   50   82   46   45   19   85   88   84   84   90   88   89   45   86   88   87   43   84   45   50   13   87   90   90   85   88   85   87   41   87   43   43    6   50   16   15    0   90   87   83   46   85   45   50   12  
 82   90   87   88   86   87   89   83   43   86   82   87   88   82   85   83   43   87   88   84   86   82   83   81    4   48   41   81   45   81   82   90   46   90   90   82   81   81   90   84    9   45   43   85   47   85   85   83   18   50   44   90   49   89   87   89    0    1   12   50    6   42   43   84  
 86   83   88   85   89   83   89   89   83   48   87   88   88   90   88   89   84   49   90   83   85   90   87   81   50    2   90   45   89   49   85   81   85   47   87   86   87   84   81   81   50    6   81   48   84   48   88   81   49   19   90   50   89   49   90   86   18    0   43   16   45   13   90   42  
 84   81   86   87   82   82   90   90   89   81   41   89   82   90   90   82   89   85   42   88   82   85   88   90   50   84   19   47   87   87   41   87   90   90   45   84   82   88   84   81   48   87   11   49   89   90   45   83   42   85   17   47   84   84   42   84    6   44    0    4   45   81    6   45  
 85   81   82   87   86   82   84   87   86   89   82   50   82   88   90   85   85   87   90   43   90   83   88   84   83   42   50    2   88   84   87   47   82   85   83   42   86   84   81   81   85   48   49    9   87   85   83   48   85   50   47    8   84   82   86   47   47   19   16    0   83   47   48   18  
 85   89   87   82   90   81   82   87   83   87   86   88   43   83   90   82   83   86   87   83   46   83   86   84   45   85   90   90   17   42   49   83   86   82   85   84   47   84   87   89   49   86   87   84    2   41   47   85   41   86   84   81   13   46   45   89    4   48   45   85    0   14   20   50  
 90   86   87   89   83   87   86   83   85   87   87   87   90   47   81   85   85   83   83   86   86   44   86   81   83   45   86   85   46    8   82   49   84   86   86   87   87   48   88   85   82   41   85   89   49   17   86   47   87   49   82   82   48    8   87   49   43   18   90   45    7    0   42   17  
 89   87   83   84   81   82   84   89   87   84   89   83   90   83   47   89   81   89   90   87   84   88   50   85   82   85   41   90   46   83    9   50   87   88   82   83   89   88   45   87   87   82   41   81   42   89    3   44   88   84   46   83   46   85   15   42   50   85   16   45   17   45    0   11  
 81   87   83   87   86   82   89   81   83   85   86   82   82   81   85   44   83   87   88   90   85   89   81   47   88   84   87   41   86   44   42   14   86   82   84   85   85   87   82   50   89   83   86   45   81   45   44    4   89   87   86   48   81   50   41    5   85   42   43   19   46   18   11    0  

  0    0    0    0    0    0    0    0    0    0    0    0    0    0  117  108    0    0    0    0    0    0  105  113    0    0    0    0    0  116    0  111    0    0  110    0  103    0    0    0    0    0  110    0  103   83    0  110    0    0    0    0  105  111    0    0    0    0    0    0    0    0    0  116  
  0    0    0    0    0    0    0    0    0    0    0    0    0    0    0  101    0    0    0    0    0    0  115  112    0    0    0    0    0  108    0  102    0    0  113  102  101    0    0    0    0    0  116    0  100    0    0    0    0    0    0    0  103  111    0    0    0    0    0    0    0    0    0  115  
  0    0    0  101    0   34    0    0  107    0  113   48    0    0    0    0    0    0   40    0    0    0    0    0  107    0  109  110    0    0  107    0  113  113    0    0    0    0    0    0    0    0    0    0    0    0  104    0    0  101   80    0    0    0    0    0  105    0    0  109    0    0    0    0  
 52    0  111    0    0    0    0    0  110    0    0    0    0    0    0    0    0    0    0    0    0   78   20    0  116    0  100  101  104    0  107    0  113  102    0    0    0    0    0  104    0    0    0    0    0    0  107    0    0  104    0    0    0    0    0    0  105    0    0  112    0    0    0    0  
  0    0    0    0   31  113    0    0    0    0    0  111    0  105    0    0  111  111  100    0  102    0    0    0    0    0    0    0    0    0    0    0    0    0    0    0    0  114    0    0  111    2    0    0    0    0    0    0  106    0  107    0    0    0    0    0    0  103  102    0  115  104    0    0  
  0   65    0    0  115    0   56    0    0  111    0    0    0  104    0    0  111  109  114  152  109    0    0    0    0    0    0    0    0    0    0    2    0    0    0    0    0  105    0    0  108    0    0   28    0    0    0    0  109    0    0    0    0    0    0    0    0  104  114    0  103    0  115    0  
  0    0    0    0    0    0    0    0    0    0    0   64  102    0    0    0    0    0    0    0    0  106    0    0    0  106    0    0    0    0   78    0    0    0    0    0    0    0  117    0    0    0    0  115    0  114    0    0    0    0    0  105    0    0  102    0   39    0    0    0    0    0    0    0  
  0    0    0    0    0    0    0    0    0    0   47    0  109    0    0    0    0    0    0    0    0  105    0    0    0  107    0    0    0    0    0    0    0    0    0    0    0   17  108    0    0    0    0  103    0  112    0    0    0    0    0  104    0    0  102  150    0    0    0    0    0    0    0    0  
  0    0  109  116    0    0    0    0    0    0  109    0    0    0    0    0    0    0    0    0    0    0    0    0  115    0  106    0  106    0    0    0  115  100    0    0    0    0    0  104    0    0    0    0    0    0  115    0    0  109    0    0    0    0    0    0    0    0    0  105    0    0    0    0  
  0    0    0    0    0  108    0    0    0    0    0  106    0  116    0    0  110  110  110  172  111    0    0    0    0    0    0    0    0    0    0    0    0    0    0    0    0  101    0    0  102    0    0    0    0    0    0    0  112    0  101    0    0    0    0    0    0  112  100    0  108  113  112    0  
  0    0  104    0    0    0    0    0  102    0    0    0    0    0    0    0    0    0    0    0    0    0    0    0  104    0  114  104  115    0  113    0  112    0    0    0    0    0    0  110    0    0    0    0    0    0    0    0    0  116    0    0    0    0    0    0    0    0    0  115    0    0    0    0  
  0    0    0    0  103    0    0    0    0  109    0    0    0  108    0    0  103  107  104  100  107    0    0    0    0    0    0    0    0    0    0    0    0    0    0    0    0  111    0    0  114    0    0   52    0    0    0    0  115    0  108    0    0    0   40    0    0  109  106    0    0  107  114    0  
  0    0   21    0    0    0  105  103    0    0    0    0    0    2    0    0    0    0    0    0    0  109    0    0    0    0    0    0    0    0    0    0    0    0    0    0    0   52  101    0    0  112    0  105    0  114    0    0    0    0    0  100    0    0  112  108    0    0    0    0    0    0    0    0  
  0    0    0    0  104  109    0    0    0  114    0  159    0    0    0    0  107  112  104  106  109    0    0    0    0    0    0    0    0    0    0    0    0    0    0    0    0  104    0    0    0    0    0    0    0    0    0    0  105    0    0    0    0    0    0    0    0  100  111    0  104  100  111    0  
113    0    0    0    0    0    0    0    0    0    0    0    0    0    0    0    0    0    0    0    0    0  105  107    0    0    0    0    0    0    0  101    0    0  113    0  106    0    0    0    0    0  110    0  111    0    0  102    0    0   22    0  103  115    0    0    0    0    0    0    0    0    0  100  
102  113    0    0    0    0    0    0    0    0    0    0    0    0    0    0    0    0    0    0    0    0  115  104    0    0    0    0    0  108    0  111    0    0  116  115  106    0    0    0    0    0    0    0    0    0    0  103    0    0    0    0    0  106    0    0    0    0    0    0    0    0    0  113  
  0    0    0    0  104  115    0    0    0  110    0  103    0  107    0    0    0  102    0    0  110    0    0    0    0    0    0    0    0    0    0    0    0    0    0    0    0  106    0    0  106    0    0    0    0    0    0    0  109    0  102    0    0    0    0    0    0  114  105    0    0  101  106    0  
  0    0    0    0  113  116    0    0    0  105    0  112    0  114   80    0  102    0  106  112  102    0    0    0    0    0    0    0    0    0    0    0    0    0    0    0    0  105    0    0  106    0    0    0    0    0    0   43  100    0  105    0    0    0   68    0    0  104    0    0  108  106  110    0  
  0    0    0    0  108  113    0    0    0  100    0  105    0  109    0    0    0  108    0  100  114    0    0    0    0    0    0    0    0    0    0    0    0    0    0    0    0    0    0    0    0    0    0    0    0    0    0    0  111    0  114    0    0    0    0    9    0  116  102    0  114  105    0    0  
  0    0    0    0    0  107    0    0    0  105    0  103    0  105    0    0    0  107  102    0  103    0    0    0    0    0    0    0    0    0    0    0    0    0    0    0    0  103    0    0  143    0    0    0    0    0    0    0    0    0  113    0    0    0    0    0    0    0  110    0  111  114  102    0  
  0    0   42    0  111  108    0    0    0  101    0  115    0  108    0    0  109  108  114  102    0    0    0    0    0    0    0    0    0    0    0    0    0    0    0    0    0  114    0    0  105    0    0    0    0    0    0    0  114    0    0    0    0    0    0    0    0  108  102    0  117  100  113    0  
  0    0    0    0    0    0  109  102    0    0    0    0  103    0    0    0    0    0    0    0    0    0    0    0    0  107    0    0    0    0    0    0    0    0    0    0    0    0    0    0    0  114    0  115    0  115    0    0    0    0    0    0    0    0  111  102    0    0    0    0    0   14    0   64  
104  104    0    0    0    0    0    0    0    0    0    0    0    0  116  113    0    0    0    0    0    0    0  112    0    0    0    0    0  104    0  116    0    0   40    0  114   41    0    0    0    0  152    0  100    0    0  109    0    0    0    0  116  104    0    0    0    0    0    0    0    0    0  102  
111  116    0    0    0    0    0    0    0    0    0    0    0    0  114  105    0    0    0    0    0    0  112    0    0    0    0    0    0    0    0  102    0    0  101  112  111    0    0    0    0    0  111    0  111   19    0  109    0    0    0    0  114  111    0    0    0    0    0    0    0    0    0  107  
  0    0  102  116    0    0    0   70  110    0  110    0    0    0    0    0    0    0    0    0    0    0    0   38    0    0  110  113    0    0  105    0  103  113    0    0    0    0    0    0    0    0    0    0    0    0    0    0    0  116    0    0    0    0    0    0  101    0    0    0    0    0    0    0  
  0    0    0    0    0    0  101  114    0    0    0    0    0    0    0    0    0    0    0    0    0  109    0    0    0    0    0    0    0    0    0    0    0    0    0    0    0    0  101    0    0    0    0  107    0  105    0    0    0    0    0  102    0    0  100    0    0    0    0    0    0    0    0    0  
  0    0  113  127    0    0    0    0  109    0  117    0    0    0    0    0    0    0    0   22    0    0    0    0  110    0    0  108  102   80  116    0  117    0    0    0    0    0    0    0    0    0    0    0    0    0  104    0    0  109    0    0    0    0    0    0   41    0    0  105    0    0    0    0  
  0    0  101  116    0    0    0    0    0    0  103    0    0    0    0    0    0    0    0    0    0    0    0    0  115    0  108    0  112    0  111    0    0    0    0   34    0    0    0  100    0    0    0    0    0    0  102    0    0  102    0    0    0    0    0    0  110    0    0  100    0    0    0    0  
  0    0    0  103    0    0    0    0  101    0  117    0    0    0    0    0    0    0    0    0    0    0    0    0    0    0  100  110    0    0  113    0  110  117    0    0    0    0    0  104    0    0    0    0    0    0  100    0    0  110    0    0    0    0    0    0  145    0    0    0    0    0    0    0  
115  104    0    0    0    0    0    0    0    0    0    0    0    0    0  115    0    0    0    0    0    0  115    0    0    0    0    0    0    0    0  103    0   13  100  112    0    0    0    0    0    0  109    0  114    0    0  108    0    0    0    0  111  112    0    0    0    0    0    0    0    0    0    0  
  0    0  115  183    0    0    0    0    0    0  108    0    0    0    0    0    0    0    0    0   22    0    0    0  110    0  105  107  109    0    0    0  116  109    0    0    0    0    0  107    0    0    0    0    0    0  115    0    0    0    0    0    0    0    0    0  104    0    0  102    0    0    0    0  
103  108    0    0    0    0    0    0    0    0    0    0    0    0  100  112    0    0    0    0    0    0  109  101    0    0    0    0    0  106    0    0    0    0  108   71  116    0    0    0   33    0  102    0  116    0    0    0    0    0    0    0  112  117    0    0    0    0    0    0    0    0    0    0  
  0   36  114  107    0    0    0    0  115    0  115    0    0    0    3    0    0    0    0    0    0    0    0    0  117    0  104    0  104    0  108    0    0  114    0    0    0    0    0  112    0    0    0    0    0    0  109    0    0  101    0    0    0    0    0    0  113    0    0  107    0   73    0    0  
  0    0  105  116    0    0    0    0  102    0    0    0    0    0    0    0    0    0    0   17    0    0    0    0  106    0    0    0  112    0  107    0  107    0    0    0    0    0    0  114    0    0    0    0    0    0  110    0    0  106    0    0    0    0    0    0  112    0    0  106    0   38    0    0  
106  101    0   56    0    0    0    0    0    0    0    0    0    0  103  105    0    0    0    0    0    0    0  115    0    0    0    0    0  111    0  106    0    0    0  178  109    0    0    0    0    0  100    0  101    0    0  115    0    0    0    0  114    0    0    0    0    0    0    0    0   31    0  106  
  0  104    0    0    0    0    0    0    0    0    0    0    0    0    0  115    0    0    0    0    0    0    0  107    0    0    0    0    0  115    0    0    0    0  113    0  112    0    0    0    0    0  105    0    0   75    0  107    0    0    0    0  101  111    0    0    0    0    0    0    0    0    0  114  
105  116    0    0    0    0    0    0   56    0    0    0    0    0  102  106    0    0    0    0    0    0  106  111    0    0    0    0    0    0    0  113    0    0  107  107    0    0    0    0    0    0    0    0    0    0    0    0    0    0    0    0  104  110    0    0    0    0    0    0    0    0    0  107  
  0    0    0    0  116  113    0    0    0  106    0  109    0  112    0    0  110  111    0  107  109    0    0    0    0    0    0    0    0    0    0    0    0    0    0    0    0    0    0    0    0    0    0    0    0    0    0    0  105    0  102    0    0    0    0    0    0    0    0    0  113  112  117    0  
  0    0    0    0    0    0  117  115    0    0    0    0  115    0    0    0    0    0    0    0    0    0    0    0    0  102    0    0    0    0    0    0    0    0    0    0   39    0    0    0    0  107    0  108    0  108    0    0    0    0    0    0    0    0  109  107    0    0    0    0    0    0    0    0  
  0    0    0  105    0    0    0    0  116    0  107    0    0    0    0    0    0    0    0    0    0    0    0    0    0    0    0  107  115    0  116    0  108  102    0    0    0    0    0    0    0    0    0    0    0    0  101    0    0  101    0    0    0    0    0    0  115    0    0  113    0    0    0    0  
  0    0    0    0  115  107    0    0    0  111    0  114    0    0    0    0  107  105    0  114  105    0    0    0    0    0    0    0    0    0    0    0    0    0    0    0    0    0    0    0    0    0    0    0    0    0    0    0  105    0  111    0    0    0    0    0    0  107    0    0  101  101  108    0  
  0    0    0    0    0    0    0    0    0    0    0    0  105    0    0    0    0    0    0    0    0  101    0    0    0    0    0    0    0    0    0    0    0    0    0    0    0    0  109    0    0    0    0    0    0  116   50    0    0    0    0  105    0    0    0  113    0    0    0    0    0    0    0    0  
111  113    0    0    0   60    0    0    0    0    0    0    0    0  104    0    0    0    0    0    0    0  115  106    0    0    0    0    0  102    0  114    0    0  113  104    0    0    0    0    0    0    0    0  105    0    0  113    0    0   49    0  107  102    0    0    0    0    0    0    0    0    0  108  
  0    0    0    0    0    0  110  116    0    0    0    0  101    0    0    0    0    0    0    0    0  105    0    0    0  111    0    0    0    0    0    0    0    0    0    0    0    0  110    0    0    0    0    0    0  112    0    0    0    0    0  107    0    0  108  109    0    0    0    0    0    0    0    0  
115  114    0    0    0    0    0    0    0    0    0    0    0    0  114    0    0    0    0    0    0    0  102  113    0    0    0    0    0  106    0  107    0    0  100    0    0    0    0    0    0    0  114    0    0    0    0  102    0    0    0    0  113  113    0    0    0    0    0    0    0    0    0  112  
  0    0    0    0    0    0  105  115    0    0    0    0  108    0    0    0    0    0    0    0    0  115    0    0    0  104   36    0    0    0    0    0    0    0    0    0    0    0  101    0    0  111    0  115    0    0    0    0    0    0    0  114    0    0  115  113    0    0    0    0    0    0    0    0  
  0    0  100  109    0    0    0    0  111    0    0    0    0    0    0    0    0    0    0    0    0    0    0    0    0    0  116  113  106    0  111    0  117  101    0    0    0    0    0  109    0    0    0    0    0    0    0    0    0  113    0    0    0    0    0    0    0   54    0  113    0    0    0    0  
113    0    0    0    0    0    0    0    0    0    0    0    0    0  106  100    0    0    0    0    0    0  101  110    0    0    0    0    0  111    0    0    0    0  109  115    0    0    0    0   72    0  113    0  103    0    0    0    0    0    0    0  105  110    0    0    0    0    0    0    0    0    0  108  
  0    0    0    0  103  114    0    0    0  114    0  101    0  102    0    0  108  100  107    0  101    0    0    0    0   47    0    0    0    0    0    0    0    0    0    0    0  100    0    0  105    0    0    0    0    0    0    0    0    0    0    0    0    0    0    0   15  111    0    0  115    0  115    0  
  5    0  112  102    0    0    0    0  165    0  113    0    0    0    0    0    0    0    0   66    0    0    0    0  101    0  111  100  103    0    0    0  115  117    0    0    0    0    0  107   20    0    0    0    0    0  105    0    0    0    0    0   46    0    0    0  108    0    0  101    0    0    0    0  
  0    0    0    0  102    0    0    0    0  106    0  103    0   74    0    0  114  103  116  108    0    0    0    0    0    0    0    0    0    0    0    0    0    0    0    0   60  109    0    0  113    0    0    0    0    0    0    0    0    0    0    0    0    0    0    0    0  114  109    0  111  114    0    0  
  0    0    0    0    0    0  105  115    0   58    0    0  102    0    0    0    0    0    0    0    0    0    0    0    0  107    0    0    0    0    0    0    0    0    0    0    0   78    0    0    0  116    0  111    0  103    0    0    0    0    0    0    0    0  101  109    0    0   60    0    0   80    0    0  
110  118    0    0    0    0    0    0    0    0    0    0    0    0  100    0    0    0    0    0    0    0  103  113    0    0    0    0    0  112    0  100    0    0  106  112  107    0    0    0    0    0  108    0  115    0    0  112    0    0    0    0    0    0    0    0    0    0    0    0    0    0    0  110  
115  110    0    0    0    0    0    0    0    0    0   33    0    0  101  107    0    0    0    0    0    0  101  116    0    0    0    0    0  115    0  116    0    0    0  108  106    0    0    0    0    0  109    0  111    0    0  109    0    0    0    0    0    0    0    0    0    0    0    0    0    0    0  105  
  0    0    0    0    0    0  111  111    0    0    0    0  105    0    0    0    0    0    0    0   45  109    0    0    0  110    0    0    0    0    0    0    0    0    0    0    0    0  103    0    0    0    0  107    0  114    0    0    0    0    0  112    0    0    0  106    0    0    0    0    0    0    0    0  
  0    0    0    0    0    0    0  110    0    0    0    0  115    0    0    0    0    0    0    0    0  104    0    0    0    0    0    0    0    0    0    0    0    0    0    0    0    0  102    0    0  108    0  113   32  116    0    0    0    0    0  107    0    0  109    0    0    0    0    0    0    0    0    0  
  0    0  117  116    0    0    0    0    0    0    0    0    0    0    0    0    0    0    0    0    0    0    0    5  114    0    0  104  111    0  109    0  100  165    0    0    0    0    0  101    0    0    0    0    0    0    0   64    0  109    0    0    0    0    0    0    0   26    0  100    0    0    0    0  
  0    0    0    0  100  107    0    0    0  117    0  103    0  107    0    0  114  105  117    0  110    0    0    0    0    0    0    0    0    0    0    0    0    0    0    0    0    0    0    0  107    0    0    0    0    0    0    0  110    0  101    0    0    0    0    0    0    0  110    0    0  104  103    0  
  0    0    0    0  110  116    0    0    0  100    0  103    0  110    0    0  116    0  110  112  103    0    0    0    0    0    0    0    0    0    0    0    0    0    0    0    0    0    0    0    0    0    0    0    0    0    0    0    0    0  105    0    0    0    0    3    0  107    0    0  105  103    0    0  
  0    0  107  103    0    0    0    0  101    0  116    0    0    0    0    0    0    0    0    0    0    0    0    0    0    0  103  108    0    0  111    0  100  106    0    0    0    0    0  100    0    0    0    0    0    0  102    0    0  101    0    0    0    0    0    0  102    0    0    0    0    0    0    0  
  0   60    0    0  106  108    0    0    0  112    0    0    0  117    0    0    0  100  109  117  115   58    0    0    0    0    0    0    0    0    0    0    0    0    0    0    0  108    0    0  105    0    0    0    0    0    0    0  110    0  113    0    0    0    0    0    0    0  101    0    0    7  102    0  
  0    0    0    0  112    0    0    0    0  163    0  113    0  103    0    0  110  100  116  108  109    0    0    0    0    0    0    0    0    0    0    0    0    0    0    0    0  101    0    0  103    0    0    0    0    0    0    0    0    0  116    0    0    0    0    0    0  112  103    0    0    0  114    0  
  0    0    0    0    0  115    0    0    0  112    0  114    0  107    0    0  159  116    0  113  104    0    0    0    0    0    0    0    0    0    0    0    0    0    0    0    0  100    0    0  108    0    0    0    0    0    0    0  107    0    0    0    0    0    0    0    0  103    0    0  104  114    0    0  
111  101    0    0    0    0    0    0    0    0    0    0   62    0  101  114    0    0    0    0    0    0  106  108    0    0    0    0    0    0    0    0    0    0  101  102  110    0    0    0    0    0  104    0  109    0    0  103    0    0    0    0  103  112    0    0    0    0    0    0    0    0    0    0  
