80

  0  235  246  246  218  166  151  159  180  179  181  163  169  175  185  188  167  163  180  180  187  162  164   72  105   87   84   90   78   76   99   78   90  106  125  128  101  112  115  117  100  132  124  117  139  138  148  161  152  136  157  131  118  112  133  106   96  131  143  133  111  135  117   73   98   67   84   90   88  220  218  225  225  243  216  139  113  123  124  122  
235    0   22   11   25   71   84   76   56   63   63   72   66  242  247  263  251  236  255  252  249  254  236  213  221  196  220  193  223  224  193  195  227  259  270  274  250  245  278  260  246  264  285  253  196  210  201  203  208  204  196  289  304  301  299  294  283  290  309  294  283  299  281  307  330  294  314  316  312  228  216  211  230  225  207  200  200  204  186  188  
246   22    0   21   29   87   98   88   73   81   83   84   80  237  242  259  248  232  251  247  243  251  232  218  223  200  224  197  227  229  196  201  231  277  289  292  268  264  296  279  264  283  303  272  216  231  221  224  228  224  217  291  308  305  301  298  287  292  311  296  287  301  284  317  339  303  323  324  320  250  238  233  252  247  229  198  201  204  186  189  
246   11   21    0   34   81   95   87   67   72   72   83   77  251  256  273  260  245  265  261  258  263  245  224  231  207  231  204  234  235  204  206  238  268  279  282  259  254  287  269  255  273  294  262  204  218  208  210  215  212  203  300  315  312  309  305  293  301  320  304  294  309  292  317  340  305  325  326  323  233  220  214  234  228  211  210  210  214  196  199  
218   25   29   34    0   60   70   59   47   58   60   56   53  217  222  239  226  211  231  227  224  229  211  191  197  174  197  171  201  202  170  173  205  250  264  267  241  238  270  253  238  258  277  246  193  207  199  203  206  201  195  266  282  279  275  272  261  267  286  270  261  275  258  289  310  275  295  296  292  234  222  218  236  233  213  175  176  180  162  164  
166   71   87   81   60    0   17   21   14   17   20   18   10  209  216  231  214  200  222  219  218  215  200  155  171  141  165  139  166  167  142  138  173  190  203  207  181  178  210  193  178  198  217  186  135  149  142  147  149  142  139  237  247  243  246  236  224  238  257  242  228  246  227  239  263  228  247  250  247  185  175  172  188  190  167  161  153  160  142  144  
151   84   98   95   70   17    0   15   29   33   36   16   18  195  203  216  200  186  207  205  205  200  186  138  154  125  148  123  149  150  126  122  157  182  196  199  173  171  201  185  169  192  209  179  132  145  140  146  147  139  139  221  231  226  229  219  208  222  240  225  211  230  211  223  247  212  232  234  231  189  179  178  192  196  172  146  137  144  127  129  
159   76   88   87   59   21   15    0   27   37   40    5   14  188  196  210  194  180  201  198  198  195  180  140  153  125  148  122  150  151  124  122  157  195  210  213  186  185  214  199  183  206  222  193  147  160  155  161  162  153  153  220  232  228  229  221  210  221  240  225  212  229  211  231  253  218  238  240  236  203  193  191  206  209  185  141  134  140  123  125  
180   56   73   67   47   14   29   27    0   14   18   22   13  214  221  236  220  206  227  224  223  221  206  166  180  151  175  149  177  178  151  149  183  204  217  220  195  192  223  206  192  212  231  200  147  161  153  157  160  154  150  247  258  254  256  247  236  248  267  252  239  256  238  252  276  241  261  263  260  193  182  179  195  195  173  167  161  167  150  152  
179   63   81   72   58   17   33   37   14    0    4   33   23  225  232  247  231  216  238  235  234  231  216  171  187  158  181  156  182  183  159  155  190  196  208  211  187  183  216  198  184  202  222  191  136  150  141  145  148  143  138  254  264  259  262  252  240  255  273  258  244  263  244  252  277  243  262  265  262  179  167  164  181  181  159  177  169  176  159  161  
181   63   83   72   60   20   36   40   18    4    0   37   27  228  236  250  234  220  241  238  238  235  220  174  190  161  184  159  185  186  162  157  193  195  207  210  187  182  215  197  183  201  222  190  134  148  139  143  146  142  135  257  266  262  265  255  243  258  276  261  247  266  247  254  278  244  264  267  264  176  165  161  178  178  156  181  173  180  162  164  
163   72   84   83   56   18   16    5   22   33   37    0   10  192  199  214  198  184  205  202  202  199  184  144  157  129  153  127  155  156  129  127  161  197  212  215  189  187  217  201  185  208  225  195  148  161  155  161  162  154  153  225  237  233  234  226  214  226  244  229  217  234  216  235  258  223  242  244  241  202  192  190  205  207  184  145  138  145  127  129  
169   66   80   77   53   10   18   14   13   23   27   10    0  202  210  224  208  194  215  212  212  209  194  153  167  139  162  136  164  165  139  136  170  198  212  215  189  186  217  201  186  207  225  194  145  158  151  157  159  151  149  234  246  242  243  234  223  235  254  239  226  243  225  241  264  230  249  251  248  195  185  183  198  200  177  155  148  155  137  139  
175  242  237  251  217  209  195  188  214  225  228  192  202    0   10   22   16   12   14   10   12   23   11  103   70   95   91   94   97   99   85  105   86  277  297  300  271  279  289  288  269  302  298  286  281  288  292  303  298  283  297   90  122  125  100  121  118   92  105   93  103   98   94  199  201  175  188  179  176  359  353  356  364  375  348   50   69   58   70   70  
185  247  242  256  222  216  203  196  221  232  236  199  210   10    0   17   22   22   13    9    2   30   21  114   80  105  101  104  107  109   95  115   96  287  307  310  281  290  299  298  279  312  309  296  291  298  301  313  307  293  306   96  129  132  106  129  126   98  110  100  111  104  101  208  210  184  197  188  184  369  362  365  373  384  357   59   79   68   79   79  
188  263  259  273  239  231  216  210  236  247  250  214  224   22   17    0   21   31    9   12   16   26   31  118   84  113  105  112  110  112  103  122   98  292  311  315  286  295  303  302  284  317  312  301  300  305  310  322  316  301  315   87  121  124   96  122  120   89   99   90  104   94   94  204  204  180  192  182  179  378  373  376  383  394  367   71   88   77   91   90  
167  251  248  260  226  214  200  194  220  231  234  198  208   16   22   21    0   15   13   14   23    8   16   97   63   92   84   91   89   91   83  101   78  271  291  294  265  274  282  282  263  296  291  280  279  285  290  301  295  280  295   75  107  110   85  107  104   76   89   78   89   83   79  187  188  162  175  166  163  358  353  356  363  375  348   54   68   58   73   71  
163  236  232  245  211  200  186  180  206  216  220  184  194   12   22   31   15    0   22   20   24   20    1   92   58   83   79   82   85   87   73   93   74  265  285  288  259  267  277  276  257  290  287  274  270  276  280  291  286  271  285   84  115  117   94  113  109   85  100   87   95   93   86  189  192  165  178  170  167  348  342  345  352  364  337   40   57   47   60   59  
180  255  251  265  231  222  207  201  227  238  241  205  215   14   13    9   13   22    0    4   13   19   22  110   76  103   96  103  102  103   94  113   90  283  303  306  277  286  294  294  275  308  304  292  290  296  301  312  307  292  306   84  118  120   94  118  115   86   97   87   99   92   90  199  199  174  187  177  174  369  363  366  374  385  358   61   78   68   81   81  
180  252  247  261  227  219  205  198  224  235  238  202  212   10    9   12   14   20    4    0   10   21   19  109   75  102   96  102  102  104   93  112   90  283  303  306  277  286  295  294  275  308  304  292  289  295  300  311  306  291  305   87  120  123   97  120  118   89  101   90  102   95   92  200  201  176  189  179  176  368  362  365  372  383  356   59   77   66   79   79  
187  249  243  258  224  218  205  198  223  234  238  202  212   12    2   16   23   24   13   10    0   31   24  116   82  108  103  106  109  111   97  117   98  290  309  312  283  292  301  300  281  314  311  298  293  300  304  315  310  295  309   97  130  133  107  130  127   99  111  100  112  105  102  210  211  185  198  189  186  371  365  367  375  386  359   61   81   70   81   81  
162  254  251  263  229  215  200  195  221  231  235  199  209   23   30   26    8   20   19   21   31    0   21   93   59   89   79   89   84   86   81   98   72  266  286  289  260  270  277  277  258  291  286  275  276  282  287  298  292  277  292   67  100  102   77   99   97   69   82   70   81   75   71  179  180  155  168  158  155  356  350  354  360  373  346   55   66   56   73   71  
164  236  232  245  211  200  186  180  206  216  220  184  194   11   21   31   16    1   22   19   24   21    0   92   59   84   80   83   86   88   74   93   75  266  286  289  260  268  278  276  258  291  287  274  270  277  281  292  287  272  286   84  116  118   95  114  110   86  101   88   96   93   87  190  193  165  179  171  168  348  342  345  353  364  337   40   58   47   60   59  
 72  213  218  224  191  155  138  140  166  171  174  144  153  103  114  118   97   92  110  109  116   93   92    0   34   20   14   24   12   12   31   18   23  174  194  197  168  177  186  184  166  199  195  183  186  190  196  208  201  186  203   85   92   88   92   81   70   86  103   89   73   93   74  115  129   95  114  111  107  267  262  267  272  286  259   67   42   51   55   52  
105  221  223  231  197  171  154  153  180  187  190  157  167   70   80   84   63   58   76   75   82   59   59   34    0   32   21   33   27   29   28   40   18  208  228  231  202  211  219  219  200  233  229  217  218  223  228  240  234  218  234   68   88   86   78   80   71   70   88   73   65   78   61  138  146  115  131  125  122  298  293  297  303  316  289   41   22   25   40   36  
 87  196  200  207  174  141  125  125  151  158  161  129  139   95  105  113   92   83  103  102  108   89   84   20   32    0   24    3   27   29   12   10   32  184  203  207  177  185  197  194  175  207  206  191  187  193  198  209  203  188  203   96  108  105  105   98   87   97  115  100   88  105   86  135  150  115  134  131  127  267  262  265  272  284  257   52   27   38   37   35  
 84  220  224  231  197  165  148  148  175  181  184  153  162   91  101  105   84   79   96   96  103   79   80   14   21   24    0   27    7    9   30   27    9  187  207  210  181  190  198  198  179  212  208  196  200  204  210  222  216  200  217   73   84   81   81   74   63   74   92   78   64   82   63  120  131   98  115  111  107  281  276  281  286  300  272   59   35   43   51   48  
 90  193  197  204  171  139  123  122  149  156  159  127  136   94  104  112   91   82  103  102  106   89   83   24   33    3   27    0   30   32   10   12   34  186  205  208  179  186  199  196  176  209  208  193  188  194  198  210  204  189  204   98  111  108  107  101   90   99  117  102   90  107   88  139  153  119  137  134  131  267  262  265  272  284  257   50   25   36   34   32  
 78  223  227  234  201  166  149  150  177  182  185  155  164   97  107  110   89   85  102  102  109   84   86   12   27   27    7   30    0    2   35   28   12  182  201  204  176  186  193  193  174  207  202  191  197  200  207  219  212  196  214   73   82   78   81   71   60   74   92   77   62   81   62  113  125   92  109  105  102  278  274  278  283  297  270   65   41   49   57   54  
 76  224  229  235  202  167  150  151  178  183  186  156  165   99  109  112   91   87  103  104  111   86   88   12   29   29    9   32    2    0   37   29   13  180  200  203  175  184  191  191  173  206  201  190  196  200  206  219  211  196  213   73   81   77   80   70   59   74   91   77   61   81   62  111  123   89  107  103  100  277  273  278  282  297  269   67   43   51   59   56  
 99  193  196  204  170  142  126  124  151  159  162  129  139   85   95  103   83   73   94   93   97   81   74   31   28   12   30   10   35   37    0   22   35  195  215  218  188  196  209  205  186  219  218  203  197  203  207  218  213  198  212   96  112  110  106  103   93   97  116  101   91  106   88  146  160  125  144  140  136  275  270  273  280  292  265   40   16   27   25   22  
 78  195  201  206  173  138  122  122  149  155  157  127  136  105  115  122  101   93  113  112  117   98   93   18   40   10   27   12   28   29   22    0   36  174  194  197  167  175  187  184  165  198  197  182  178  184  189  201  195  179  195  100  110  106  108   99   87  101  119  104   90  108   89  129  145  110  129  127  124  258  253  257  263  276  249   62   37   48   46   44  
 90  227  231  238  205  173  157  157  183  190  193  161  170   86   96   98   78   74   90   90   98   72   75   23   18   32    9   34   12   13   35   36    0  194  213  216  188  198  204  205  186  219  214  203  208  213  219  231  224  208  226   64   77   75   73   68   58   65   84   69   56   73   54  120  129   97  114  109  105  289  285  290  294  308  281   58   37   42   54   50  
106  259  277  268  250  190  182  195  204  196  195  197  198  277  287  292  271  265  283  283  290  266  266  174  208  184  187  186  182  180  195  174  194    0   20   23    9   18   20   12   12   27   27   16   78   67   82   92   80   70   93  236  219  212  237  207  199  235  245  238  215  238  222  139  166  151  159  171  170  139  143  153  144  167  145  236  211  222  218  216  
125  270  289  279  264  203  196  210  217  208  207  212  212  297  307  311  291  285  303  303  309  286  286  194  228  203  207  205  201  200  215  194  213   20    0    4   27   25   18   11   30   13   18   17   82   69   83   91   80   73   93  255  237  230  255  225  217  254  264  256  234  257  241  154  180  168  175  187  186  132  137  148  137  160  140  255  230  241  237  236  
128  274  292  282  267  207  199  213  220  211  210  215  215  300  310  315  294  288  306  306  312  289  289  197  231  207  210  208  204  203  218  197  216   23    4    0   30   29   19   14   33   14   17   20   84   71   86   92   82   76   95  257  239  232  258  228  220  257  266  259  236  260  244  156  182  170  177  189  188  132  138  149  137  160  141  258  234  245  241  239  
101  250  268  259  241  181  173  186  195  187  187  189  189  271  281  286  265  259  277  277  283  260  260  168  202  177  181  179  176  175  188  167  188    9   27   30    0   14   28   17    3   31   36   16   72   62   76   87   75   64   87  232  216  209  233  204  195  231  242  234  211  235  218  139  166  149  159  170  169  137  140  149  142  164  141  229  204  215  211  209  
112  245  264  254  238  178  171  185  192  183  182  187  186  279  290  295  274  267  286  286  292  270  268  177  211  185  190  186  186  184  196  175  198   18   25   29   14    0   35   15   14   23   40    8   60   49   64   73   62   52   74  243  228  222  245  217  208  243  254  246  223  247  230  153  180  163  173  184  183  122  125  135  127  149  127  236  212  223  218  216  
115  278  296  287  270  210  201  214  223  216  215  217  217  289  299  303  282  277  294  295  301  277  278  186  219  197  198  199  193  191  209  187  204   20   18   19   28   35    0   22   32   31   10   29   95   83   98  107   95   87  109  242  223  216  242  212  204  242  251  244  221  244  229  138  163  152  159  171  171  150  155  166  155  178  158  249  224  235  232  230  
117  260  279  269  253  193  185  199  206  198  197  201  201  288  298  302  282  276  294  294  300  277  276  184  219  194  198  196  193  191  205  184  205   12   11   14   17   15   22    0   19   15   26    8   74   62   77   85   74   66   87  247  231  224  248  219  211  247  257  249  227  250  234  151  177  163  171  183  182  130  134  145  135  157  137  245  221  232  227  226  
100  246  264  255  238  178  169  183  192  184  183  185  186  269  279  284  263  257  275  275  281  258  258  166  200  175  179  176  174  173  186  165  186   12   30   33    3   14   32   19    0   33   39   17   69   59   74   84   73   61   85  230  215  208  232  203  194  230  241  233  210  234  217  139  167  149  159  170  169  135  138  148  140  162  140  226  202  213  208  207  
132  264  283  273  258  198  192  206  212  202  201  208  207  302  312  317  296  290  308  308  314  291  291  199  233  207  212  209  207  206  219  198  219   27   13   14   31   23   31   15   33    0   30   16   72   59   73   79   68   64   82  263  246  239  264  234  226  262  273  265  242  266  249  166  192  178  186  198  197  119  124  135  124  147  128  259  235  245  241  239  
124  285  303  294  277  217  209  222  231  222  222  225  225  298  309  312  291  287  304  304  311  286  287  195  229  206  208  208  202  201  218  197  214   27   18   17   36   40   10   26   39   30    0   33   99   86  101  109   98   91  111  251  231  225  251  220  213  251  259  253  230  253  238  145  170  160  166  178  178  148  154  165  153  177  158  259  233  244  241  240  
117  253  272  262  246  186  179  193  200  191  190  195  194  286  296  301  280  274  292  292  298  275  274  183  217  191  196  193  191  190  203  182  203   16   17   20   16    8   29    8   17   16   33    0   66   54   69   78   66   58   79  248  232  225  249  220  211  247  258  250  227  251  234  154  181  165  174  186  185  124  128  138  129  151  130  243  218  229  224  223  
139  196  216  204  193  135  132  147  147  136  134  148  145  281  291  300  279  270  290  289  293  276  270  186  218  187  200  188  197  196  197  178  208   78   82   84   72   60   95   74   69   72   99   66    0   14   11   23   17    8   19  264  256  250  268  244  233  264  278  267  246  269  251  197  225  201  215  224  222   82   80   87   87  104   78  233  212  223  213  213  
138  210  231  218  207  149  145  160  161  150  148  161  158  288  298  305  285  276  296  295  300  282  277  190  223  193  204  194  200  200  203  184  213   67   69   71   62   49   83   62   59   59   86   54   14    0   15   25   14    7   26  266  257  250  270  244  234  266  280  269  248  271  253  192  220  198  211  221  219   82   82   91   87  106   82  240  219  230  221  220  
148  201  221  208  199  142  140  155  153  141  139  155  151  292  301  310  290  280  301  300  304  287  281  196  228  198  210  198  207  206  207  189  219   82   83   86   76   64   98   77   74   73  101   69   11   15    0   13    7   13   11  275  266  260  278  254  243  275  289  278  256  280  261  205  233  210  223  233  231   71   70   78   77   95   69  244  223  234  224  223  
161  203  224  210  203  147  146  161  157  145  143  161  157  303  313  322  301  291  312  311  315  298  292  208  240  209  222  210  219  219  218  201  231   92   91   92   87   73  107   85   84   79  109   78   23   25   13    0   12   26    7  287  279  272  291  266  256  287  301  290  269  292  274  217  245  222  236  245  244   59   57   65   64   82   57  255  234  245  234  234  
152  208  228  215  206  149  147  162  160  148  146  162  159  298  307  316  295  286  307  306  310  292  287  201  234  203  216  204  212  211  213  195  224   80   80   82   75   62   95   74   73   68   98   66   17   14    7   12    0   16   14  279  270  263  283  257  247  279  293  282  260  284  266  207  235  212  225  235  233   68   68   76   73   92   68  250  229  239  230  229  
136  204  224  212  201  142  139  153  154  143  142  154  151  283  293  301  280  271  292  291  295  277  272  186  218  188  200  189  196  196  198  179  208   70   73   76   64   52   87   66   61   64   91   58    8    7   13   26   16    0   24  263  254  248  267  242  231  263  277  266  245  268  250  192  220  197  210  220  218   84   83   91   89  108   82  235  214  225  215  215  
157  196  217  203  195  139  139  153  150  138  135  153  149  297  306  315  295  285  306  305  309  292  286  203  234  203  217  204  214  213  212  195  226   93   93   95   87   74  109   87   85   82  111   79   19   26   11    7   14   24    0  282  275  268  286  262  252  282  297  285  264  288  269  215  243  219  233  242  241   64   61   68   69   86   59  248  228  239  228  228  
131  289  291  300  266  237  221  220  247  254  257  225  234   90   96   87   75   84   84   87   97   67   84   85   68   96   73   98   73   73   96  100   64  236  255  257  232  243  242  247  230  263  251  248  264  266  275  287  279  263  282    0   34   37   11   37   39    2   20    5   21   10   13  124  119  100  108   97   95  346  343  348  351  367  340   98   90   88  106  102  
118  304  308  315  282  247  231  232  258  264  266  237  246  122  129  121  107  115  118  120  130  100  116   92   88  108   84  111   82   81  112  110   77  219  237  239  216  228  223  231  215  246  231  232  256  257  266  279  270  254  275   34    0    7   26   13   24   32   30   31   23   28   30   96   87   74   78   66   64  338  336  342  343  360  334  124  110  111  127  124  
112  301  305  312  279  243  226  228  254  259  262  233  242  125  132  124  110  117  120  123  133  102  118   88   86  105   81  108   78   77  110  106   75  212  230  232  209  222  216  224  208  239  225  225  250  250  260  272  263  248  268   37    7    0   31    7   19   36   36   36   23   33   31   90   82   67   72   60   58  331  330  336  336  354  327  123  108  110  126  122  
133  299  301  309  275  246  229  229  256  262  265  234  243  100  106   96   85   94   94   97  107   77   95   92   78  105   81  107   81   80  106  108   73  237  255  258  233  245  242  248  232  264  251  249  268  270  278  291  283  267  286   11   26   31    0   32   38    9   11    7   22    2   19  120  113   97  103   91   89  350  347  353  355  371  344  109  100   98  116  113  
106  294  298  305  272  236  219  221  247  252  255  226  234  121  129  122  107  113  118  120  130   99  114   81   80   98   74  101   71   70  103   99   68  207  225  228  204  217  212  219  203  234  220  220  244  244  254  266  257  242  262   37   13    7   32    0   12   35   39   36   19   34   28   88   82   65   72   61   58  325  323  330  330  348  321  118  102  104  120  116  
 96  283  287  293  261  224  208  210  236  240  243  214  223  118  126  120  104  109  115  118  127   97  110   70   71   87   63   90   60   59   93   87   58  199  217  220  195  208  204  211  194  226  213  211  233  234  243  256  247  231  252   39   24   19   38   12    0   39   47   40   18   40   28   85   84   61   71   62   59  315  313  319  320  337  310  110   93   96  110  107  
131  290  292  301  267  238  222  221  248  255  258  226  235   92   98   89   76   85   86   89   99   69   86   86   70   97   74   99   74   74   97  101   65  235  254  257  231  243  242  247  230  262  251  247  264  266  275  287  279  263  282    2   32   36    9   35   39    0   19    3   21    8   13  123  117   99  107   96   93  346  343  349  351  367  340  100   91   89  107  104  
143  309  311  320  286  257  240  240  267  273  276  244  254  105  110   99   89  100   97  101  111   82  101  103   88  115   92  117   92   91  116  119   84  245  264  266  242  254  251  257  241  273  259  258  278  280  289  301  293  277  297   20   30   36   11   39   47   19    0   15   32   11   30  125  116  103  107   95   93  360  358  363  365  382  355  117  110  108  126  122  
133  294  296  304  270  242  225  225  252  258  261  229  239   93  100   90   78   87   87   90  100   70   88   89   73  100   78  102   77   77  101  104   69  238  256  259  234  246  244  249  233  265  253  250  267  269  278  290  282  266  285    5   31   36    7   36   40    3   15    0   23    5   16  124  117  100  108   96   94  349  346  352  354  370  343  103   95   93  110  107  
111  283  287  294  261  228  211  212  239  244  247  217  226  103  111  104   89   95   99  102  112   81   96   73   65   88   64   90   62   61   91   90   56  215  234  236  211  223  221  227  210  242  230  227  246  248  256  269  260  245  264   21   23   23   22   19   18   21   32   23    0   24   10  103  100   80   89   78   75  328  325  331  333  349  322  101   88   88  105  101  
135  299  301  309  275  246  230  229  256  263  266  234  243   98  104   94   83   93   92   95  105   75   93   93   78  105   82  107   81   81  106  108   73  238  257  260  235  247  244  250  234  266  253  251  269  271  280  292  284  268  288   10   28   33    2   34   40    8   11    5   24    0   19  122  115   99  105   94   91  351  348  354  356  372  345  108  100   98  116  112  
117  281  284  292  258  227  211  211  238  244  247  216  225   94  101   94   79   86   90   92  102   71   87   74   61   86   63   88   62   62   88   89   54  222  241  244  218  230  229  234  217  249  238  234  251  253  261  274  266  250  269   13   30   31   19   28   28   13   30   16   10   19    0  113  110   89   99   88   85  333  330  335  338  354  327   95   83   83  100   97  
 73  307  317  317  289  239  223  231  252  252  254  235  241  199  208  204  187  189  199  200  210  179  190  115  138  135  120  139  113  111  146  129  120  139  154  156  139  153  138  151  139  166  145  154  197  192  205  217  207  192  215  124   96   90  120   88   85  123  125  124  103  122  113    0   28   24   21   34   34  273  274  283  278  299  274  178  155  162  170  167  
 98  330  339  340  310  263  247  253  276  277  278  258  264  201  210  204  188  192  199  201  211  180  193  129  146  150  131  153  125  123  160  145  129  166  180  182  166  180  163  177  167  192  170  181  225  220  233  245  235  220  243  119   87   82  113   82   84  117  116  117  100  115  110   28    0   36   16   22   25  301  302  311  306  327  302  187  166  171  182  179  
 67  294  303  305  275  228  212  218  241  243  244  223  230  175  184  180  162  165  174  176  185  155  165   95  115  115   98  119   92   89  125  110   97  151  168  170  149  163  152  163  149  178  160  165  201  198  210  222  212  197  219  100   74   67   97   65   61   99  103  100   80   99   89   24   36    0   20   24   21  280  280  288  285  304  279  155  133  139  149  145  
 84  314  323  325  295  247  232  238  261  262  264  242  249  188  197  192  175  178  187  189  198  168  179  114  131  134  115  137  109  107  144  129  114  159  175  177  159  173  159  171  159  186  166  174  215  211  223  236  225  210  233  108   78   72  103   72   71  107  107  108   89  105   99   21   16   20    0   13   14  292  293  301  297  317  292  172  150  156  167  163  
 90  316  324  326  296  250  234  240  263  265  267  244  251  179  188  182  166  170  177  179  189  158  171  111  125  131  111  134  105  103  140  127  109  171  187  189  170  184  171  183  170  198  178  186  224  221  233  245  235  220  242   97   66   60   91   61   62   96   95   96   78   94   88   34   22   24   13    0    4  302  303  311  307  327  302  166  145  151  162  159  
 88  312  320  323  292  247  231  236  260  262  264  241  248  176  184  179  163  167  174  176  186  155  168  107  122  127  107  131  102  100  136  124  105  170  186  188  169  183  171  182  169  197  178  185  222  219  231  244  233  218  241   95   64   58   89   58   59   93   93   94   75   91   85   34   25   21   14    4    0  301  301  309  306  326  300  163  142  147  158  155  
220  228  250  233  234  185  189  203  193  179  176  202  195  359  369  378  358  348  369  368  371  356  348  267  298  267  281  267  278  277  275  258  289  139  132  132  137  122  150  130  135  119  148  124   82   82   71   59   68   84   64  346  338  331  350  325  315  346  360  349  328  351  333  273  301  280  292  302  301    0   13   23    5   28   22  310  291  301  290  290  
218  216  238  220  222  175  179  193  182  167  165  192  185  353  362  373  353  342  363  362  365  350  342  262  293  262  276  262  274  273  270  253  285  143  137  138  140  125  155  134  138  124  154  128   80   82   70   57   68   83   61  343  336  330  347  323  313  343  358  346  325  348  330  274  302  280  293  303  301   13    0   12   14   25    9  304  285  295  283  284  
225  211  233  214  218  172  178  191  179  164  161  190  183  356  365  376  356  345  366  365  367  354  345  267  297  265  281  265  278  278  273  257  290  153  148  149  149  135  166  145  148  135  165  138   87   91   78   65   76   91   68  348  342  336  353  330  319  349  363  352  331  354  335  283  311  288  301  311  309   23   12    0   22   19    9  306  288  298  286  286  
225  230  252  234  236  188  192  206  195  181  178  205  198  364  373  383  363  352  374  372  375  360  353  272  303  272  286  272  283  282  280  263  294  144  137  137  142  127  155  135  140  124  153  129   87   87   77   64   73   89   69  351  343  336  355  330  320  351  365  354  333  356  338  278  306  285  297  307  306    5   14   22    0   24   23  315  295  306  294  294  
243  225  247  228  233  190  196  209  195  181  178  207  200  375  384  394  375  364  385  383  386  373  364  286  316  284  300  284  297  297  292  276  308  167  160  160  164  149  178  157  162  147  177  151  104  106   95   82   92  108   86  367  360  354  371  348  337  367  382  370  349  372  354  299  327  304  317  327  326   28   25   19   24    0   27  325  307  317  305  305  
216  207  229  211  213  167  172  185  173  159  156  184  177  348  357  367  348  337  358  356  359  346  337  259  289  257  272  257  270  269  265  249  281  145  140  141  141  127  158  137  140  128  158  130   78   82   69   57   68   82   59  340  334  327  344  321  310  340  355  343  322  345  327  274  302  279  292  302  300   22    9    9   23   27    0  298  280  290  278  278  
139  200  198  210  175  161  146  141  167  177  181  145  155   50   59   71   54   40   61   59   61   55   40   67   41   52   59   50   65   67   40   62   58  236  255  258  229  236  249  245  226  259  259  243  233  240  244  255  250  235  248   98  124  123  109  118  110  100  117  103  101  108   95  178  187  155  172  166  163  310  304  306  315  325  298    0   26   16   20   21  
113  200  201  210  176  153  137  134  161  169  173  138  148   69   79   88   68   57   78   77   81   66   58   42   22   27   35   25   41   43   16   37   37  211  230  234  204  212  224  221  202  235  233  218  212  219  223  234  229  214  228   90  110  108  100  102   93   91  110   95   88  100   83  155  166  133  150  145  142  291  285  288  295  307  280   26    0   11   17   14  
123  204  204  214  180  160  144  140  167  176  180  145  155   58   68   77   58   47   68   66   70   56   47   51   25   38   43   36   49   51   27   48   42  222  241  245  215  223  235  232  213  245  244  229  223  230  234  245  239  225  239   88  111  110   98  104   96   89  108   93   88   98   83  162  171  139  156  151  147  301  295  298  306  317  290   16   11    0   18   16  
124  186  186  196  162  142  127  123  150  159  162  127  137   70   79   91   73   60   81   79   81   73   60   55   40   37   51   34   57   59   25   46   54  218  237  241  211  218  232  227  208  241  241  224  213  221  224  234  230  215  228  106  127  126  116  120  110  107  126  110  105  116  100  170  182  149  167  162  158  290  283  286  294  305  278   20   17   18    0    4  
122  188  189  199  164  144  129  125  152  161  164  129  139   70   79   90   71   59   81   79   81   71   59   52   36   35   48   32   54   56   22   44   50  216  236  239  209  216  230  226  207  239  240  223  213  220  223  234  229  215  228  102  124  122  113  116  107  104  122  107  101  112   97  167  179  145  163  159  155  290  284  286  294  305  278   21   14   16    4    0  

  0    0    2    0    0    0    0    0    0    0    0    0   82    0    0    0    0    0    0    0    0    0    0    0    0    0    0    0    0    0    0    0    0    0    0    0    0    0    0    0    0    0    0    0    0    0    0    0    0    0    0    0    0    0    0    0    0    0    1    0    0    0    0    0    0    0    0    0    0    0    0    0    0    0    0    0    0    0    0    0  
  0    0    0    0    0    0    0    0    0    0    0    0    0    0    0    0    0    0   41    0    0    0    0    0    0    0    0    0    0    0    0    0    0    0    0    0    0    0    0    0    0    0    0    0    0    0    0    0    0    0    0    1    0    0    0    0    0    0    0    0    0    0    0    0    0    0    0    0    0    0    0    0    0    0    0    0    0    0    0    0  
  1    0    0    0    0    0    0    0    0    0    0    0    0    0    0    0    0    0    0    0    0    0    0    0    0    0    0    0    0    0    0    0    0    0    0    0    0    0    0    0    0    0    0    0    0    0    0    0    0    0    0    0    0    0    0    0    0    0    0    0    0    0    0    0    0    0    0    0    0    0    0    0    0    0    0    0    1    0    0    0  
  0    0    0    0    0    0    0    0    0    0    0    0    0    0    0    0    2    0    0    0    0    0    0    0    0    0    0    0    0    0    0    0    0    0    0    0    0    0    0    0    0    0    0    0    0    0    1   11    0    0    0    0    0    0    0    0    0    0    0    0    0    0    0    0    0    0    0    0    0    0    0    0    0    0    0    0    0    0    0    0  
  0    0    0    0    0    0    0    0    0    0    0    0    0    0    0    0    0    0    0    0    0    0    0    0    0    0    0    0    0    0    0    0    0    0    0    0    0    0    0    0    0    0    0    0    0    0    0    0    0    0    0    0    0    0    0    0    0    0    0    0    0    0    0    0    0    0    0    0    1    0    0    0    0    0    0    0    0    0    0    0  
  0    0    0    0    0    0    0    0    0    0    0    0    0    0    0    0    0    0    0    0    0    0    0    1    0    0    0    0    0    0    0    0    0    0    0    0    0    0    0    0    0    0    0    0    0    0    0    0    0    0    0    0    0    0    0    3    0    0    0    0    0    0    0    0    0    0    0    0    0    0    0    0    0    0    0    0    0    0    0    0  
  0    0    0    0    0    0    0    0    0    0    0    0    1    4    0    0    0    0    0    0    0    0    0    0    0    0    0    0    0    0    0    0    0    0    0    0    0    0    0    0    0    0    0    0    0   11    0    0    0    0    0    0    0    0    0    0    0    0    1    0    0    0    0    0    0    0    0    0    0    0    0    0    0    0    0    0    0    0    0    0  
  0    0    0    0    0    0    0    0    0    0    0    0    0    0    0    0    0    0    0    0    0    0    0    0   13    0    1    0    0    0    0    0    0    0    0    0    0    0    0    0    0    0    1    0    0    0    0    0    0    1    0    0    0    0    0    0    0    0    0    0    0    0    0    0    0    0    1    0    0    0    0    0    0    0    0    0    0    0    0    0  
  0    0    0    0    0    0    0    0    0    0    0    0    0    0    0    0    0    0    0    0    0    0    0    0    0    0    0    0    0    0    0    0    0    0    0    0    0    0    0    0    0    0    0    0    0    0    0    0    0    0    0    0    1    0    0    0    0    0    0    0    0    0    0    0    0    0    0    0    0    0    0    0    0    0    0    0    0    0    0    0  
  0    0    0    0    0    0    0    0    0    0    0    0    0    0    0    0    0    0    0    0    0    0    1    0    0    1    0    0    0    0    0   83    0    0    0    0    1    0    0    0    0    0    0    0    0    0    0    0    0    0    2    0    0    0    0    0    0    0    0    0    0    0    0   35    0    0    0    0    0    0    0    0    0    0    0    0    0    0    0    0  
  0    0    0    0    0    0    0    0    0    0    0    0    0    0    0    0    0    0    0    0    0    0    0    0    0    0    0    0    0    0    0    0    0    0    0    0    0    0    0    0    0    0    0    0    0    0    0    0    0    0    0    0    0    0    0    0    0    0    0    0    0    0    0    0    0    0    0    0    0    0    0    0    0    0    0    0    0    0    0    0  
  0    0    0    0    0    0    0    0    0    0    0    0    0    0    0    0    0    0    0    0    0    0    0    0    0    0    0    0    0    0    1    0    0    0    0    0    0    0    0    0    0    0    0    0    0    0    0    0    0    0    0    0    0    0    0    0    0    0    0    0    0    0    0    0    0    0    0    0    0    0    0    0    0    0    0    0    0    0    0    0  
  1    0    0    0    0    0    7    0    0    0    0    0    0    1    0    0    0    0    0    0    0    0    0    0    0    0    0    0    0    0    0    0    0    0    0    0    0    0    0    0    0    0    0    0    0    0    0    0    0    0    0    0    0    0    0    0    0    0    7    0    0    0    0    0    0    0    0    0    0    0    0    0    0    2    0    0    0    0    0    0  
  0    0    0    0    0    0    1    0    0    0    0    0    1    0    0    0    0    0    0    0    0    0    0    0    0    0    0    0    0    0    0    0    0    0    0    0    0    0    0    0    0    0    0    0    0    1    0    0    0    0    0    0    0    0    0    0    0    0    1    0    0    0    0    0    0    0    0    0    0    0    0    0    0    0    0    0    0    0    0    0  
  0    0    0    0    0    0    0    0    0    0    0    0    0    0    0    1    0    0    0    0    0    0    0    0    0    0    0    0    0    0    0    0    0    0    0    0    0    0    0    0    0    0    0    0    0    0    0    0    0    0    0    0    0    0   49    0    0    0    0    0   30    0    0    0    0    0    0    0    0    0    0    0    0    0    0    0    0    0    0    0  
  0    0    0    0    0    0    0    0    0    0    0    0    0    0    1    0    0    0    0    0    0    0    0    0    0    0    0    0    0    0    0    0    0    0    0    0    0    0    0    0    0    0    0    0    0    0    0    0    0    0    0    0    0    0   73    0    0    0    0    0    1    0    0    0    0    0    0    0    0    0    0    0    0    0    0    0    0    0    0    0  
  0    0    0    4    0    0    0    0    0    0    0    0    0    0    0    0    0    0    0    0    0    0    0    0    0    0    0    0    0    0    0    0    0    0    0    0    0    0    0    0    0    0    0    0    0    0    1    1    0    0    0    0    0    0    0    0    0    0    0    0    0    0    0    0    0    0    0    0    0    0    0    0    0    0    0    0    0    0    0    0  
  0    0    0    0    0    0    0    0    0    0    0    0    0    0    0    0    0    0    0    0    0    0    0    0    0    0    0    0    0    0    0    0    0    0    0    0    0    0    0    1    0    0    0    0    0    0    0    0    0    0    0    0    0    0    0    0    0    0    0   24    0    1    0    0    0    0    0    0    0    0    0    0    0    0    0    0    0    0    0    0  
  0    1    0    0    0    0    0    0    0    0    0    0    0    0    0    0    0    0    0    0    0    0    0    0    0    0    0    0    0    0    0    0    0    0    0    0    0    0    0    0    0    0    0    0    0    0    0    0    0    0    0    0    0    0    0    0    0    0    0    0    0    0    0    0    0    0    0    0    0    0    0    0    0    0    0    0    0    0    0    0  
  0    0    0    0    0    0    0    0    0    0    0    0    0    0    0    0    0    0    0    0    0    0    0    0    0    0    0    0    0   31    0    0    0    0    0    0    0    0   61    0    0    0    0    0    0   16    0    0    4    0    0    0    0    0    0    0   99    0   12    0    0    0    0    0    0    0    0    0    0    0    0    0    0    0    0    0    0    0    0    0  
  0    0    0    0    0    0    0    0    0    0    0    0    0    0    0    0    0    0    0    0    0    0    0    0    0    0    0    0    0    0    0    0    0    0    0    0    0    0    0    0    0    0    0    0    7    0    0    0    0    0    0    0    0    0    0    0    0    0    0    0    0    0    0    0    0    0    0    0    0    0    0    0    0    0    0    0    0    0    0    0  
  0    0    0    0    0    0    0    0    0    0    0    0    0    0    0    0    0    0    0    0    0    0    0    0    0    0   20    0    0    0    0    0    0    0    0    8    0    0    0    0   41    0    0    0    0    0    0    0    0    0    0    0    0    0    0    0    0    0    0    0    0    0    0    0    0    0    0    0    0    0    0    0    0    0    0    0    0    0    0    0  
  0    0    0    0    0    0    0    0    0    1    0    0    0    0    0    0    0    0    0    0    0    0    0    0    0    0    0    0    0    0    0    0    0    0    0    0    0    0    0    0    0    0    0    0    0    0    0    0    0    0    0    0    0    0    0    0    0    0    0    0    0    0    0    0    0    0    0    0    0    0    0    0    0    0    0    0    0    0    0    0  
  0    0    0    0    0    1    0    0    0    0    0    0    0    0    0    0    0    0    0    0    0    0    0    0    0    0    0    0    0    0    0    0    0    0    0    0    0    0    0    0    0    0    0    0    0    0    0    0    0    0    0    0    0    0    0    0    0    0    0    0    0    0    0    0    0    0    0    0    0    0    0    0    0    0    0    0    0    0    0    0  
  0    0    0    0    0    0    0   63    0    0    0    0    0    0    0    0    0    0    0    0    0    0    0    0    0    0    0    0    0    0    0    0    0    0    0    0    0    0    0    0    0    0    1    0    0    0    0    0    0    0    0    0    0    0    0    0    0    0    0    0    0    0    0    0    0    0   28    0    0   31    0    0    0    0    0    0    0    0    0    0  
  0    0    0    0    0    0    0    0    0    1    0    0    0    0    0    0    0    0    0    0    0    0    0    0    0    0    0    0    0    0    0    1    0    0    0    0    0    0    0    0    0    0    0    0    0    0    0    0    0    0    0    0    0    0    0    0    0    0    0    0    0    0    0    1    0    0    0    0    0    0    0    0    0    0    0    0    0    0    0    6  
  0    0    0    0    0    0    0    1    0    0    0    0    0    0    0    0    0    0    0    0    0    1    0    0    0    0    0    0    0    0    0    0    0    0    0    0    0    0    0    0    0    0    5    0    0    0    0    0    0    0    0    0    0    0    0    0    0    0    0    0    0    0    0    0    0    0    1    0    0    0    0    0    0    0    0    0    0    0    0    0  
  0    0    0    0    0    0    0    0    0    0    0    0    0    0    0    0    0    0    0    0    0    0    0    0    0    0    0    0    0    0    0    0    0    0    0    0    0    0    0    0    0    0    0    0    0    0    0    0    0    0    0    0    0    0    0    1    0    0    0    0    0    0    0    0    0    0    0    0    0    0    0    0    0    0    0    0    0    0    0    0  
  0    0    0    0    0    0    0    0    0    0    0    0    0    0    0    0    0    0    0    0    0    0    0    0    0    0    0    0    0    3    0    0    0    0    0    0    0    0    1    0    0    0    0    0    0    0    0    0   29    0    0    0    0    0    0    0    0    0    0    0    0    0    0    0    0    0    0    0    0    0    0    0    0    0    0    0    0    0    0    0  
  0    0    0    0    0    0    0    0    0    0    0    0    0    0    0    0    0    0    0    1    0    0    0    0    0    0    0    0    7    0    0    0    0    0    0    0    0    0   49    0    0    0    0    0    0    1    0    0    1    0    0    0    0    0    0    0    1    0    0    0    0    0    0    0    0    0    0    0    0    0    0    0    0    0    0    0    0    0    0    0  
  0    0    0    0    0    0    0    0    0    0    0    1    0    0    0    0    0    0    0    0    0    0    0    0    0    0    0    0    0    0    0    0    0    0    0    0    0    0    0    0    0    0    0    0    0    0    0    0    0    0    0    0    0    0    0    0    0    0    0    0    0    0    0    0    0    0    0    0    0    0    0    0    0    0    0    0    0    0    0    0  
  0    0    0    0    0    0    0    0    0    1    0    0    0    0    0    0    0    0    0    0    0    0    0    0    0    1    0    0    0    0    0    0    0    0    0    0    1    0    0    0    0    0    0    0    0    0    0    0    0    0    1    0    0    0    0    0    0    0    0    0    0    0    0    0    0    0    0    0    0    0    0    0    0    0    0   12    0    0    0    1  
  0    0    0    0    0    0    0    0    0    0    0    0    0    0    0    0    0    0    0    0    0    0    0    0    0    0    0    0    0    0    0    0    0    0    0    0    0    0    0    0    0    0    0    0    0    0    0    0    0    0    0    0    0    0    0    0    0    0    0    0    0    0    0    0    1    0    0    0    0    0    1    0    0    0    0    0    0    0    0    0  
  0    0    0    0    0    0    0    0    0    0    0    0    0    0    0    0    0    0    0    0    0    0    0    0    0    0    0    0    0    0    0    0    0    0    0    0    0    0    0    0    1    0    0    0    0    0    0    0    0    0    0    0    0    0    0    0    0    0    0    0    0    0    0    0    0    0    0    0    0    0    0    0    0    0    0    0    0    0    0    0  
  0    0    0    0    0    0    0    0    0    0    0    0    0    0    0    0    0    0    0    0    0    0    0    0    0    0    0    0    0    0    0    0    0    0    0    0    0    0    0    0    0    0    0    0    0    0    0    0    0    0    0    0    0    0    0    0    0    0    0    0    0    0    0    0    0    0    0    0    0    0    0    0    0    0   27    0    0    1    0    0  
  0    0    0    0    0    0    0    0    0    0    0    0    0    0    0    0    0    0    0    0    0    1    0    0    0    0    0    0    0    0    0    0    0    0    0    0    0    0    0    0    0    0    0    0    0    0    0    0    0    0    0    0    0    0    0    0    0    0    0    0    0    0    0    0    0    0    0    0    0    1    0    0    0    0    0    0    0    0    0    0  
  0    0    0    0    0    0    0    0    0    1    0    0    0    0    0    0    0    0    0    0    0    0    0    0    0    0    0    0    0    0    0    1    0    0    0    0    0    0    0    0    0    0    0    0    0    0    0    0    0    0    8    0    0    0    0    0    0    0    0    0    0    0    0    0    0    0    0    0    0    0    0    0    0    0    0    0    0    0    0    0  
  0    0    0    0    0    0    0    0    0    0    0    0    0    0    0    0    0    0    0    0    0    0    0    0    0    0    0    0    0    0    0    0    0    0    0    0    0    0    0    0    0    0    0    0    0    0    0    0    0    0    0    0    0    0    0    0    0    0    0    0    0    0    0    0    1    0    0    0    0    0   93    0    0    0    0    0    0    0    0    0  
  0    0    0    0    0    0    0    0    0    0    0    0    0    0    0    0    0    0    0    1    0    0    0    0    0    0    0    0    2    1    0    0    0    0    0    0    0    0    0    0    0    0    0    0    0   59    0    0    3    0    0    0    0    0    0    0    1    0    0    0    0    0    0    0    0    0    0    0    0    0    0    0    0    0    0    0    0    0    0    0  
  0    0    0    0    0    0    0    0    0    0    0    0    0    0    0    0    0    2    0    0    0    0    0    0    0    0    0    0    0    0    0    0    0    0    0    0    0    0    0    0    0    0    0    0    0    0    0    0    0    0    0    0    0    0    0    0    0    0    0    0    0    1    0    0    0    0    0    0    0    0    0    0    0    0    0    0    0    0    0    0  
  0    0    0    0    0    0    0    0    0    0    0    0    0    0    0    0    0    0    0    0    0   10    0    0    0    0    0    0    0    0    0    0    0    8    0    0    0    0    0    0    0    0    0    0    0    0    0    0    0    0    0    0    0    0    0    0    0    0    0    0    0    0    0    0    0    0    0    0    0    0    0    0    0    0    0    0    0    0    0    0  
  0    0    0    0    0    0    0    0    0    0    0    0    0    0    0    0    0    0    0    0    0    0    0    0    0    0    0    0    0    0    0    0    0    0    0    0    0    0    0    0    0    0    0    0    0    0    0    0    0    0    0    0    0    0    0    0    0    0    0   10    0    0    0    0    0    0    0    0    0    0    0    0    0    0    0    0    0    0    1    0  
  0    0    0    0    0    0    0    3    0    0    0    0    0    0    0    0    0    0    0    0    0    0    0    0   10    0   33    0    0    0    0    0    0    0    0    0    0    0    0    0    0    0    0    0    0    0    0    0    0    1    0    0    0    0    0    0    0    0    0    0    0    0    0    0    0    0    1    0    0    0    0    0    0    0    0    0    0    0    0    0  
  0    0    0    0    0    0    0    0    0    0    0    0    0    0    0    0    0    0    0    0    0    0    0    0    0    0    0    0    0    0    0    0    0    0    0    0    0    0    0    0    0    0    0    0    0    0    0    0    0    0    0    0    0    0    0    0    0    0    0    0    0    0    0    0    0    0    0    0    0    0    0    0    0    0    0    0    0    0    0    0  
  0    0    0    0    0    0    0    0    0    0    0    0    0    0    0    0    0    0    0    0    1    0    0    0    0    0    0    0    0    0    0    0    0    0    0    0    0    0    0    0    0    0    0    0    0    0    0    0    0    0    0    0    0    0    0    0    0    0    0    0    0    0    0    0    0    0    0    0    0    0    0    0    0    0    0    0    0    0    0    0  
  0    0    0    0    0    0    1    0    0    0    0    0    0    1    0    0    0    0    0   15    0    0    0    0    0    0    0    0    0   15    0    0    0    0    0    0    0    0   49    0    0    0    0    0    0    0    0    0    1    0    0    0    0    0    0    0    2    0    1    0    0    0    0    0    0    0    0    0    0    0    0    0    0    0    0    0    0    0    0    0  
  0    0    0   42    0    0    0    0    0    0    0    0    0    0    0    0    1    0    0    0    0    0    0    0    0    0    0    0    0    0    0    0    0    0    0    0    0    0    0    0    0    0    0    0    0    0    0   29    0    0    0    0    0    0    0    0    0    0    0    0    0    0    0    0    0    0    0    0    0    0    0    0    0    0    0    0    0    0    0    0  
  0    0    0    3    0    0    0    0    0    0    0    0    0    0    0    0    1    0    0    0    0    0    0    0    0    0    0    0    0    0    0    0    0    0    0    0    0    0    0    0    0    0    0    0    0    0    1    0    0    0    0    0    0    0    0    0    0    0    0    0    0    0    0    0    1    0    0    0    0    0    0    0    0    0    0    0    0    0    0    0  
  0    0    0    0    0    0    0    0    0    0    0    0    0    0    0    0    0    0    0   45    0    0    0    0    0    0    0    0    1   12    0    0    0    0    0    0    0    0    1    0    0    0    0    0    0    1    0    0    0    0    0    0    0    0    0    0    1    0    1    0    0    0    0    0    0    0    0    0    0    0    0    0    0    0    0    0    0    0    0    0  
  0    0    0    0    0    0    0    1    0    0    0    0    0    0    0    0    0    0    0    0    0    0    0    0    0    0    0    0    0    0    0    0    0    0    0    0    0    0    0    0    0    0    1    0    0    0    0    0    0    0    0    0    0    0    0    0    0    0    0    0    0    0    0    0    0    0   40    0    0    0    0    0    0    0    0    0    0    0    0    0  
  0    0    0    0    0    0    0    0    0    4    0    0    0    0    0    0    0    0    0    0    0    0    0    0    0    0    0    0    0    0    0    1    0    0    0    0    1    0    0    0    0    0    0    0    0    0    0    0    0    0    0    0    0    0    0    0    0    0    0    0    0    0    0    0    0    0    0    0    0    0    0    0    0    0    0    0    0    0    0    1  
  0    1    0    0    0    0    0    0    0    0    0    0    0    0    0    0    0    0    0    0    0    0    0    0    0    0    0    0    0    0    0    0    0    0    0    0    0    0    0    0    0    0    0    0    0    0    0    0    0    0    0    0    0    0    0    0    0    0    0    0    0    0    0    0    0    0    0    0    0    0    0    0    0    0    0    1    0    0    0    1  
  0    0    0    0    0    0    0    0    1    0    0    0    0    0    0    0    0    0    0    0    0    0    0    0    0    0    0    0    0    0    0    0    0    0    0    0    0    0    0    0    0    0    0    0    0    0    0    0    0    0    0    0    0    0    0    0    0    0    0    0    0    0    0    0    0    0    0    0    0    0    0    1    0    0    0    0    0    0    0    0  
  0    0    0    0    0    0    0    0    0    0    0    0    0    0    0    0    0    0    0    0    0    0    0    0    0    0    0    0    0    0    0    0    0    0    0    0    0    0    0    0    0    0    0    0    0    0    0    0    0    0    0    0    0    0    0    0    0    0    0    0    0    0    0    0    0    0    0    1    0    0    0    0    0    0    0    0    0    0    0    0  
  0    0    0    0    0    0    0    0    0    0    0    0    0    0    1    5    0    0    0    0    0    0    0    0    0    0    0    0    0    0    0    0    0    0    0    0    0    0    0    0    0    0    0    0    0    0    0    0    0    0    0    0    0    0    0    0    0    0    0    0    0    0    0    0    0    0    0    0    0    0    0    0    0    0    0    0    0    0    0    0  
  0    0    0    0    0    1    0    0    0    0    0    0    0    0    0    0    0    0    0    0    0    0    0    0    0    0    0    1    0    0    0    0    0    0    0    0    0    0    0    0    0    0    0    0    0    0    0    0    0    0    0    0    0    0    0    0    0    0    0    0    0    0    0    0    0    0    0    0    0    0    0    0    0    0    0    0    0    0    0    0  
  0    0    0    0    0    0    0    0    0    0    0    0    0    0    0    0    0    0    0    4    0    0    0    0    0    0    0    0    0    1    0    0    0    0    0    0    0    0   29    0    0    0    0    0    0    1    0    0    1    0    0    0    0    0    0    0    0    0    0    0    0    0    0    0    0    0    0    0    0    0    0    0    0    0    0    0    0    0    0    0  
  0    0    0    0    0    0    0    0    0    0    0    0    0    0    0    0    0    0    0    0    0    0    0    0    0    0    0    0    0    0    0    0    0    0    0    0    0    0    0    0    0    0    0    0    0    0    0    0    0    0    0    0    0    0    0    0    0    0    0    0    0    0    0    0    0    0    0    0    0    0    0    0    0    0    0    0    0    0    0    0  
 10    0    0    0    0    0    1    0    0    0    0    0   84   37    0    0    0    0    0    1    0    0    0    0    0    0    0    0    0    0    0    0    0    0    0    0    0    0    0    0    0    0    0    0    0   63    0    0    1    0    0    0    0    0    0    0    0    0    0    0    0    0    0    0    0    0    0    0    0    0    0    0    0    0    0    0    0    0    0    0  
  0    0    0    0    0    0    0    0    0    0    0    0    0    0    0    0    0    1    0    0    0    0    0    0    0    0    0    0    0    0    0    0    0    0    0    0    0    0    0    0    0    1    0    0    0    0    0    0    0    0    0    0    0    0    0    0    0    0    0    0    0    0    0    0    0    0    0    0    0    0    0    0    0    0    0    0    0    0    0    0  
  0    0    0    0    0    0    0    0    0    0    0    0    0    0    7    1    0    0    0    0    0    0    0    0    0    0    0    0    0    0    0    0    0    0    0    0    0    0    0    0    0    0    0    0    0    0    0    0    0    0    0    0    0    0    0    0    0    0    0    0    0    0    0    0    0    0    0    0    0    0    0    0    0    0    0    0    0    0    0    0  
  0    0    0    0    0    0    0    0    0    0    0    0    0    0    0    0    0   23    0    0    0    0    0    0    0    0    0    0    0    0    0    0    0    0    0    0    0    0    0    1    0    0    0    0    0    0    0    0    0    0    0    0    0    0    0    0    0    0    0    0    0    0    0    0    0    0    0    0    0    0    0    0    0    0    0    0    0    0    0    0  
  0    0    0    0    0    0    0    0    0    0    0    0    0    0    0    0    0    0    0    0    0    0    0    0    0    0    0    0    0    0    0    0    0    0    0    0    0    0    0    0    0    0    0    0    0    0    0    0    0    0    0    0    0    0    0    0    0    0    0    0    0    0    0    0    0    0    0    0    0    0    0    0   92    0    0    0    0    0    0    0  
  0    0    0    0    0    0    0    0    0   30    0    0    0    0    0    0    0    0    0    0    0    0    0    0    0    1    0    0    0    0    0    0    0    0    0    0    0    0    0    0    0    0    0    0    0    0    0    0    0    0    0    0    0    0    0    0    0    0    0    0    0    0    0    0    0    0    0    0    0    0    0    0    0    0    0    0    0    0    0    0  
  0    0    0    0    0    0    0    0    0    0    0    0    0    0    0    0    0    0    0    0    0    0    0    0    0    0    0    0    0    0    0    0    1    0    0    0    0    1    0    0    0    0    0    0    0    0    0    1    0    0    0    0    0    0    0    0    0    0    0    0    0    0    0    0    0    0    0    0    0    0   85    0    0    0    0    0    0    0    0    0  
  0    0    0    0    0    0    0    0    0    0    0    0    0    0    0    0    0    0    0    0    0    0    0    0    0    0    0    0    0    0    0    0    0    0    0    0    0    0    0    0    0    0    0    0    0    0    0    0    0    0    0    0    0    0    0    0    0    0    0    0    0    0    0    0    0    0    0    0    0    0    0    0    0    0    0    0    0    0    0    0  
  0    0    0    0    0    0    0    3    0    0    0    0    0    0    0    0    0    0    0    0    0    0    0    0   34    0    1    0    0    0    0    0    0    0    0    0    0    0    0    0    0    0    1    0    0    0    0    0    0    1    0    0    0    0    0    0    0    0    0    0    0    0    0    0    0    0    0    0    0    0    0    0    0    0    0    0    0    0    0    0  
  0    0    0    0    0    0    0    0    0    0    0    0    0    0    0    0    0    0    0    0    0    0    0    0    0    0    0    0    0    0    0    0    0    0    0    0    0    0    0    0    0    0    0    0    0    0    0    0    0    0    0    0    0    1    0    0    0    0    0    0    0    0    0    0    0    0    0    0    0    0    0    0    0    0    0    0    0    0    0    0  
  0    0    0    0   43    0    0    0    0    0    0    0    0    0    0    0    0    0    0    0    0    0    0    0    0    0    0    0    0    0    0    0    0    0    0    0    0    0    0    0    0    0    0    0    0    0    0    0    0    0    0    0    0    0    0    0    0    0    0    0    0    0    0    0    0    0    0    0    0    0    0    0    0    0    0    0    0    0    0    0  
  0    0    0    0    0    0    0    0    0    0    0    0    0    0    0    0    0    0    0    0    0    0    0    0    1    0    0    0    0    0    0    0    0    0    0    1    0    0    0    0    0    0    0    0    0    0    0    0    0    0    0    0    0    0    0    0    0    0    0    0    0    0    0    0    0    0    0    0    0    0    0    0    0    0    0    0    0    0    0    0  
  0    0    0    0    0    0    0    0    0    0    0    0    0    0    0    0    0    0    0    0    0    0    0    0    0    0    0    0    0    0    0    0   24    0    0    0    0    1    0    0    0    0    0    0    0    0    0    0    0    0    0    0    0    0    0    0    0    0    0    0    0    0    0    0   40    0    0    0    0    0    0    0    0    0    0    0    0    0    0    0  
  0    0    0    0    0    0    0    0    0    0    0    0    0    0    0    0    0    0    0    0    0    0    0    0    0    0    0    0    0    0    0    0    0    0    0    0    0    0    0    0    0    0    0    0    0    0    0    0    0    0    0    0    1    0    0    0    0    0    0    0    0    0    0    0    0    0    0    0    0    0    0    0    0    0    0    0    0    0    0    0  
  0    0    0    0    0    0    0    0    0    0    0    0    0    0    0    0    0    0    0    0    0    0    0    0    0    0    0    0    0    0    0    0    0    0    0    0    0    0    0    0    0    0    0    0    0    0    0    0    0    0    0    0    0    0    0    0    0    0    0    0    0    0    1    0    0    0    0    0    0    0    0    0    0    0    0    0    0    0    0    0  
  0    0    0    0    0    0    0    0    0    0    0    0    3    0    0    0    0    0    0    0    0    0    0    0    0    0    0    0    0    0    0    0    0    0    0    0    0    0    0    0    0    0    0    0    0    0    0    0    0    0    0    0    0    0    0    0    0    0    0    0    0    0    0    0    0    0    0    0    0    0    0    0    0    0    0    0    0    0    0    0  
  0    0    0    0    0    0    0    0    0    0    0    0    0    0    0    0    0    0    0    0    0    0    0    0    0    0    0    0    0    0    0    0    0    0   16    0    0    0    0    0    0    0    0    0    0    0    0    0    0    0    0    0    0    0    0    0    0    0    0    0    0    0    0    0    0    0    0    0    0    0    0    0    0    0    0    0    0    1    0    0  
  0    0    0    0    0    0    0    0    0    0    0    0    0    0    0    0    0    0    0    0    0    0    0    0    0    0    0    0    0    0    0    4    0    0    0    0    0    0    0    0    0    0    0    0    0    0    0    0    0    0    0   44    0    0    0    0    0    0    0    0    0    0    0    0    0    0    0    0    0    0    0    0    0    0    0    0    0    0    0    1  
  0    0    1    0    0    0    0    0    0    0    0    0    0    0    0    0    0    0    0    0    0    0    0    0    0    0    0    0    0    0    0    0    0    0    0    0    0    0    0    0    0    0    0    0    0    0    0    0    0    0    0    0    0    0    0    0    0    0    0    0    0    0    0    0    0    0    0    0    0    0    0    0    0    0    0    0    0   31    0    0  
  0    0    0    0    0    0    0    0    0    0    0    0    0    0    0    0    0    0    0    0    0    0    0    0    0    0    0    0    0    0    0    0    0    0    1    0    0    0    0    0    0    0    0    0    0    0    0    0    0    0    0    0    0    0    0    0    0    0    0    0    0    0    0    0    0    0    0    0    0    0    0    0    0    0   45    0    1    0    0    0  
  0    0    0    0    0    0    0    0    0    0    0    0    0    0    0    0    0    0    0    0    0    0    0    0    0    0    0    0    0    0    0    0    0    0    0    0    0    0    0    0    0   74    0    0    0    0    0    0    0    0    0    0    0    0    0    0    0    0    0    0    0    0    0    0    0    0    0    0    0    0    0    0    0    0    0    0    0    0    0    0  
  0    0    0    0    0    0    0    0    0    0    0    0    0    0    0    0    0    0    0    0    0    0    0    0    0   84    0    0    0    0    0    5    0    0    0    0    0    0    0    0    0    0    0    0    0    0    0    0    0    0   48   50    0    0    0    0    0    0    0    0    0    0    0    0    0    0    0    0    0    0    0    0    0    0    0   76    0    0    0    0  
