80

  0  437   31  546  604  377  844  739  558  259  142   51  293  395  571  984  274  998  596  483  973  952  441  332  496  575  963  967  983  438  830  512  581  458  473  113  389  429  224  372  351  924  652   60    0  938  922   59  449  451  616  195  823  574  605  153  430  326  705  946  474  530  184  969  556  992  386   13  436  754  168  838  270  283   88  574  243  875  937  700  
437    0  547  450  447  726  157  203   21  885  259  191  838  134  679  967   27  541  644  741  588  903  926  627  907  697   20  172  445   39  145  695  594  499  737  301  344  687   34  444  390  712  446  383  622   29  357  447  781  322  967  381   12  444  614   90  226  866  395  215  598  630  899  644  490  114  130   82  914  694  540  601  208  897  560  510  111  934   87  181  
 31  547    0   55  853  809  775  466  692  254  699  876  633  412  461   18   59  104  682  768  194   51  564  589  929   92  235  909  987  655  427  846  373  262  121  995  322  612  315  600  524  446  120  853  421   48  571  102  156  525  783  747  903  221  397  141  229  367  237  578  531  333  230  440   72  449  621  184  959  429  889  721  996  890  269  301  773  687  137  289  
546  450   55    0   45  819  803  305  353  428  825  659  161  832  873  126  103  691   56  380  277  469  950  503  699  788  137  316  932  728  872   90  326  196  460  207  145  803  465  958  907  332  466  908  201  693  315  720  374  736   64  661  451  524  826  981  493  615  391  432  322  661  661  517  453  461  483  956  995  262  777  929  201  994  787  528  665  125  147  812  
604  447  853   45    0  208  579  835   40  204  531  542  990  995  263  304  313  634  249  489  366   39  399  615  656  206  787  275  499  141  476  968  258  460  659  419  328  839  527  963  973  109  637  841  812  473  240  112  212  765  342  163  451  272  507  903  443  826   21   46  653  847  330  793  251  355  949  482  169  969  812  630   96  796  770  400  157  239  374  342  
377  726  809  819  208    0  938  600  666  767  673  578  493  272  650  382  211   11  964  616  778  454  436  893  667   52  679  999  154  650  423  343  997  498  788  368  779  189  298  615  229  499  603   20  269  699  482  527  947  624  894  889  518   46  264  903  353  321  855  529   76  997  157  339  183  957  918  935  405  252  881  222  444  370  384  191  259  954  367    2  
844  157  775  803  579  938    0  701  886  166   16  988  940  364  751   21  871  735  687  594  663  545  574  905   43  308  729  430  743  134  996  550  732  506  574   63  919  660  212  670  789   85  521  615  735  575  121  338  543  376  691  952  992  758  554   92  948  663  840  973  173  919  835  285  506  676  246  705  128   75  538  678  695   90  337  816  609  202  930  161  
739  203  466  305  835  600  701    0  858  112  694  411  302  178  754  408  746  881  600  509  639  244   92  920  118  169  848  685  923  635  543  866  356  690  664  164  969  484  241  490  868  813  318  936  641  513  138  624  121  843  552  758  720  149  654  548   44  270  542  259  462  491  652  367  436  422  766  959  706  761  785  117  855  693  992  880  874  957  347  344  
558   21  692  353   40  666  886  858    0  437  989  662  189  980  550  446  684  514  758  719  646   88  588  285  289  458   51   65  975  881  840  903  373  719  983    8  452  294  613  443  880  376  716  473  272  683  327  868  734  589  684  861   50   46  901   71  374  113  692  925  281  572  393  454  886  873  927  356  857   56   73  870  865  642  645  351   66  322  960  815  
259  885  254  428  204  767  166  112  437    0  867  551  985  763  725  922  873  217  669   69   92  934  614  703  962  811  682  350  787  544  238   60  690  924  147  726  460  268  779  551  678  732  336  131   84  786  518  786  915  805  116  962   16   89  903  641  318  652  633  171  716  682  180   97  185  882  268  932  297  790  228  828  972  235  954  183  739  208  665  521  
142  259  699  825  531  673   16  694  989  867    0  409  482  798   51  514  618  626  533  896  379  367  114  948  921  451  242  506  879  414  715  436  647  357  135  517  385  711  840  512  148   47  876  628  648  667   69  439  351  259   46  879  340  205   82  441  407  989  145  840  321  509  314    7  730  130  123  926  514  152  888  397  286  374  307  786  738  459  801  516  
 51  191  876  659  542  578  988  411  662  551  409    0  746  905   85  459  750  133   91  807  794  584  765  530  688  532   75  741  723  769  820  890   55   28   85  739  821  180  833   38  453  371  425   94  492  449  717  423  687  529   51  466  960  672  848  814  747  819  685   77  206  783  360  711  791  415    4  860  982  452  825  422  471  196  279  233  398   40  185  157  
293  838  633  161  990  493  940  302  189  985  482  746    0  599  871  731  433  852  409  810  115  328  652  779  673  294  494  638  447  622  284  442  386  902  888  111   25  667  128  402  681  513  538  757  846  909  491  867  140  259  693  991   36   89   25  688  602    7  105  890  281  963  713  771  488  977  211  992  760  481  632  792  649  193  454  303   29  316  943  240  
395  134  412  832  995  272  364  178  980  763  798  905  599    0  842  445   40  283  468  419  205  829  815  403  208  120  457  953  752  989   14  528  474  950  636  908  363  989  606  165  106  992  262  823  241  815  616  310   20  631  980  643  813  658  633  584   42  563   75  512  632  981  136  550  182   54  775  727  705  251  501  408  855  727  348  619  302  641  348   82  
571  679  461  873  263  650  751  754  550  725   51   85  871  842    0  505   85  821  461  647  202  877  831  105  167  220  977  733  269  391  608  591  243  293  817  939   74  258   44  457  302  390  300   23   99  576  408  230  378  639  157  218  295  682  815  296  161  827  470  762  884  597  802  832  803  675  545  479  312  485  434  565  258  108  963   69  997  937  545  852  
984  967   18  126  304  382   21  408  446  922  514  459  731  445  505    0   76  217  687  862  189  960   26    2  691  414  736  347  412  607  215  672  907  972  995  128  989  792  600  488  694   57  669  992  326   78  731  288  465  965    1  522  901  908   43  471  132  631  888  767  112   53  292  845  687  937  293    5  712  298  418  319  537  508  728  290  654  552  480  274  
274   27   59  103  313  211  871  746  684  873  618  750  433   40   85   76    0   42  461  427  976  708  914  605  755  350  720  183  954  717  400  755  139   97  194  455  199  796  566   13  715  207  118  491  380  344  576  220  704  269  958  711    3  361   79  268  296  305  113  949  777  680  527  784  513  204  483   94  139  537    0  430   57  624  699  840  395   39  507  474  
998  541  104  691  634   11  735  881  514  217  626  133  852  283  821  217   42    0  148  285   40  660  509  540  593  683  325  872    9  819  594  983  284  565   63  311   59  209  631  748  503   61  830  341  182  350  135   49  510  797  244   29   29   13  627  197  798  311  600   37  589  981   46  102  638  314  195  285  331  719   69  502   79  454  708  724  258  545  979  359  
596  644  682   56  249  964  687  600  758  669  533   91  409  468  461  687  461  148    0  367  318  181  325  199  527    9  145  574   38  553  861  692  984  357  440  771  428  250  184  470  187  948  558  468  196  738  669  526  757  244  920  296  882  832  510  326  454  878  320  183  682  863  535   53    7  233  210  262  110  239  396  778  551  470  143  298   64  788  322  471  
483  741  768  380  489  616  594  509  719   69  896  807  810  419  647  862  427  285  367    0  580  632  576  564  643  495   89  526  272  950   71  192  788   94  338  630  180  708  475  802  103  638   62  797  348  709  176  913  372  902  263  224  422  596  190   70  658  770  643  630  475  778   58   34   35  127  550  725  111  897  977  736  107  665  826  767  931  955  211  689  
973  588  194  277  366  778  663  639  646   92  379  794  115  205  202  189  976   40  318  580    0   67  934  155  679  535  962  389  846   96  308  265  298  216  537  639  968  155  931  939  997  488  503  883  694  122  730  819  677  250  859  307  860  994  421  971  878  425  930   57  720  376  129  290  704  358  116  120  681  108  676  445  360  155  464  336  136  504   57  827  
952  903   51  469   39  454  545  244   88  934  367  584  328  829  877  960  708  660  181  632   67    0  964  440  410  312  361  520  109  198  438  298  558   90  476   86  463  565  358  629  408  648  619  902  969  430  974  519  573  768   40   54  420  301  172   28  249  634   96  739  245  662  313  249  225  534  490  295  213  394  783  524  609  437  699  440  791  210  816  370  
441  926  564  950  399  436  574   92  588  614  114  765  652  815  831   26  914  509  325  576  934  964    0  348  286  591  221  809   62  109  142  666  115   73  125  485  197  687  913  330  882  874   97  482   10  471  482   13  116  976  609   71  783  586  320  139  682  261  714  945  212  771  527  322  843  593  111  769  246  444  323    4   58   57  104  366    1  745  427  226  
332  627  589  503  615  893  905  920  285  703  948  530  779  403  105    2  605  540  199  564  155  440  348    0    6  208  180  769   93  382  952  826  527  640  106  695  289  400   43  234  734  722  686  339  497  247  580  220  557  260   40   80  835  378  485  881  976  807  524  842  633  550  497  418  996  781  708  306  283  575  137  755   11   21  346  859  414  734  221  678  
496  907  929  699  656  667   43  118  289  962  921  688  673  208  167  691  755  593  527  643  679  410  286    6    0  478  176   45  388   21  686  612  500  580  689   26  216  136  672  418  115  693  635  778  905  657  391  380  218  367  363  381  749  385  147   85  717  522  753  540  633  784  125  596  668  596  460  473  151  435  282  796  133  250  250  812  134  877  307  625  
575  697   92  788  206   52  308  169  458  811  451  532  294  120  220  414  350  683    9  495  535  312  591  208  478    0  970  869   40  789  975  219  120  159  369  701  890  858  309  697  820  612  301  698  675  249  281  815  381  363  215  303  696  401  586  784  997  212  809  690  853  991  643  961  424  745  985  157  129  778  721  219  224  570   30  490  231  102  911  573  
963   20  235  137  787  679  729  848   51  682  242   75  494  457  977  736  720  325  145   89  962  361  221  180  176  970    0  540  403  498  378  969  262  516  451  162  525  217  632  751  152   41  187   51  172  563  671  228  967  160  609   49  379  503   10   11   78  322  193  338  292  793  962  368  869  222   65  647   50  652  640  648  550  200  791   80  176  571  264  293  
967  172  909  316  275  999  430  685   65  350  506  741  638  953  733  347  183  872  574  526  389  520  809  769   45  869  540    0   81  993  776  311  256  933  577   84  918  666  463  508  803  717  631  875  636  296  172  370  387  566  620  678  393  909  580  581  990  982  561  763  255  492   65  140  842  859  987  348  368  311  998  159  986  121  215  656  276  324  401  567  
983  445  987  932  499  154  743  923  975  787  879  723  447  752  269  412  954    9   38  272  846  109   62   93  388   40  403   81    0  973  415  310  604  134  182  454  325  476   45   25   88  735  802  199  917  897  583  680  834  754  578  399   42   49  303  735  305  353  557  191  588   42  800  365  245  560  624  302  472  587  870  170  484  530  835  909    1  214  259  645  
438   39  655  728  141  650  134  635  881  544  414  769  622  989  391  607  717  819  553  950   96  198  109  382   21  789  498  993  973    0  575  260   64  436  552  648  432  416   51  159  783  147  909  591  886   53  466  112  900  953  812  331  271   51  889  985  364  646   28  230  720  924  567  838  927  251   33  722   47  554   56  898  523  722  139  261  254  791  894  473  
830  145  427  872  476  423  996  543  840  238  715  820  284   14  608  215  400  594  861   71  308  438  142  952  686  975  378  776  415  575    0  523  908  842  260  937  246  526   80  230  464  879  969  399  901   54  311  856  858  584  238  561  964  596  945  567  181  674  478  117  911  788  542  743  921  665  493  149  240  974  903  715  186  254  506  664  661  930  778  283  
512  695  846   90  968  343  550  866  903   60  436  890  442  528  591  672  755  983  692  192  265  298  666  826  612  219  969  311  310  260  523    0  854  905    3  463  536  233  281  169  156  422  237  871  291  122  823  151  270  433  962  796  606  592  638  808  917  898  174  161   33  338  742   35  348  774  487   94  101  708   96  676  168  797  208  651  397  478  542  659  
581  594  373  326  258  997  732  356  373  690  647   55  386  474  243  907  139  284  984  788  298  558  115  527  500  120  262  256  604   64  908  854    0  966  990  831  498  848  879  504  529  164  651  201  943  992  906  510  342  835   83   93  621  138  985   79  574  647  484  854  386   63  186  380  748  210  444  198  289  875  590  213  484  707  272  758  540  122  131  495  
458  499  262  196  460  498  506  690  719  924  357   28  902  950  293  972   97  565  357   94  216   90   73  640  580  159  516  933  134  436  842  905  966    0  508  110  159  838  786  392  820  813  729  541   26  425  784  506  615  463  609  687  247  532  441  604  978  204  705  412  743  669  179  483  858  468  417  667  610  994  368  856  796  185  358  100  938   71  363  812  
473  737  121  460  659  788  574  664  983  147  135   85  888  636  817  995  194   63  440  338  537  476  125  106  689  369  451  577  182  552  260    3  990  508    0   38  882  957  351  268  957  883  421  644   65  420  443  123  396  574  565  303  239  430  535  583  626  715  498  276  363  306  512  199   86  787  494  558  393  985  704  271    4  657  480  889   88  951   89  565  
113  301  995  207  419  368   63  164    8  726  517  739  111  908  939  128  455  311  771  630  639   86  485  695   26  701  162   84  454  648  937  463  831  110   38    0  512  950  723  164  185  202   41  933   94  962    1  606  964  689  940  496  603  750  490   29   65  888  359  371  124  758  160  345  257  481  643  528  931  264  613  726  207  397  822  611  504  543  492  840  
389  344  322  145  328  779  919  969  452  460  385  821   25  363   74  989  199   59  428  180  968  463  197  289  216  890  525  918  325  432  246  536  498  159  882  512    0  354  923  596  288  595  560  500  461  512  469  563  661  463  371  169  921  198  274  239  784  562  954  371   54  625  465  745  901  839  332  298  226   17  897  727  277  689  103  948  294  301  501  867  
429  687  612  803  839  189  660  484  294  268  711  180  667  989  258  792  796  209  250  708  155  565  687  400  136  858  217  666  476  416  526  233  848  838  957  950  354    0  498  268  479  213  635  641  997  271   55  274  938  552  547  755  598  709  219  421  284  932  773  976   86  595  654  598  217  503  985    5  478  598  485  912  228  323   52  565  849  747  482  472  
224   34  315  465  527  298  212  241  613  779  840  833  128  606   44  600  566  631  184  475  931  358  913   43  672  309  632  463   45   51   80  281  879  786  351  723  923  498    0  475  328  306  185  485  497  294  809  724  170  308  688  353  136  161  701  963  848  355  604  863  820  856  479  693  184  160  994   66  992  217  885  337  316  310  713  663  717  104  700   80  
372  444  600  958  963  615  670  490  443  551  512   38  402  165  457  488   13  748  470  802  939  629  330  234  418  697  751  508   25  159  230  169  504  392  268  164  596  268  475    0  588  545  336  294  570  802  398  688  908  113  114  628  122  696  101  491  410  900  516  672  208  531  518  553  139  882  123  165  416  498  841  946  760  564  566  487  377   81  595  573  
351  390  524  907  973  229  789  868  880  678  148  453  681  106  302  694  715  503  187  103  997  408  882  734  115  820  152  803   88  783  464  156  529  820  957  185  288  479  328  588    0  147  251  548  951  407   88  277  335  563  616  893  173  803   74   35  659  304  649  441  573  338  264  894  608  416  960  288  892  380  923  586  350  296  339  634  143  779  280  295  
924  712  446  332  109  499   85  813  376  732   47  371  513  992  390   57  207   61  948  638  488  648  874  722  693  612   41  717  735  147  879  422  164  813  883  202  595  213  306  545  147    0  476  487  101  295  150  508  612  432  831  238  197  120  847   63  861   57  982  499  442  436  291  322  986  995   69  419  545  303  262  351  763  180    0  489  279  415  888    5  
652  446  120  466  637  603  521  318  716  336  876  425  538  262  300  669  118  830  558   62  503  619   97  686  635  301  187  631  802  909  969  237  651  729  421   41  560  635  185  336  251  476    0  538  989  124  892   25  441   12  688  650  545  701  228  153  155  538   78  932  147  493  867  311   35  248  379  908  853  723  121  459  394  602  938  563  607  681  252  536  
 60  383  853  908  841   20  615  936  473  131  628   94  757  823   23  992  491  341  468  797  883  902  482  339  778  698   51  875  199  591  399  871  201  541  644  933  500  641  485  294  548  487  538    0  527  330  241  851  914  378  381  524  217  959  188  604  882  417  327  283  366  781  298  912  255  575   88  517  959  196  855  558  469  501  851   97  738  168  177  330  
  0  622  421  201  812  269  735  641  272   84  648  492  846  241   99  326  380  182  196  348  694  969   10  497  905  675  172  636  917  886  901  291  943   26   65   94  461  997  497  570  951  101  989  527    0    8  524  806  296   82  698  764   66  955  613  480   27  763  930  160  934  285  251  247  185  818  532  668  145  847  420   45   39  905  169  856  224  502  802  890  
938   29   48  693  473  699  575  513  683  786  667  449  909  815  576   78  344  350  738  709  122  430  471  247  657  249  563  296  897   53   54  122  992  425  420  962  512  271  294  802  407  295  124  330    8    0  350  505  486  935   70  881  554  176  866  680  805  773  428   44  631   65  575  162  713  375  216  941   88  109  874  760   94  598  707  479  906   91  299  598  
922  357  571  315  240  482  121  138  327  518   69  717  491  616  408  731  576  135  669  176  730  974  482  580  391  281  671  172  583  466  311  823  906  784  443    1  469   55  809  398   88  150  892  241  524  350    0  812  510  720  754  634  167  285  393  737  580   40   43  119  881  225  892  784  735   79  414  788  535  898   11  385  114  725  874  963  297   19   20  121  
 59  447  102  720  112  527  338  624  868  786  439  423  867  310  230  288  220   49  526  913  819  519   13  220  380  815  228  370  680  112  856  151  510  506  123  606  563  274  724  688  277  508   25  851  806  505  812    0  922  542  848  260   65  605  324  226  391  660   44  521   33   42  507  703  482  734  935  948  614  935  487  555  296  839  506  394  659   52  499  816  
449  781  156  374  212  947  543  121  734  915  351  687  140   20  378  465  704  510  757  372  677  573  116  557  218  381  967  387  834  900  858  270  342  615  396  964  661  938  170  908  335  612  441  914  296  486  510  922    0  944  701  198   11  920  496  235  224  771  419  771  249  798  465  108  851  557  881  161  917  666   96  166  437  540  806  256  520  228  830  862  
451  322  525  736  765  624  376  843  589  805  259  529  259  631  639  965  269  797  244  902  250  768  976  260  367  363  160  566  754  953  584  433  835  463  574  689  463  552  308  113  563  432   12  378   82  935  720  542  944    0  620  119  868  900  303  417  663  124  981  299  541   13  845  388  520  117  823  865  838  617  317  998  579  698  988  559  410   13  983  572  
616  967  783   64  342  894  691  552  684  116   46   51  693  980  157    1  958  244  920  263  859   40  609   40  363  215  609  620  578  812  238  962   83  609  565  940  371  547  688  114  616  831  688  381  698   70  754  848  701  620    0  782  870  997  905  536  935  890  572  536  527  707    6   12  741  415  641  407  997  422   97  548  352  293  754  352   99  326  779   97  
195  381  747  661  163  889  952  758  861  962  879  466  991  643  218  522  711   29  296  224  307   54   71   80  381  303   49  678  399  331  561  796   93  687  303  496  169  755  353  628  893  238  650  524  764  881  634  260  198  119  782    0  101  375  228  484  484  471  953  775  152  535  723   85  120  538  705  367   96  632  510  180  767  320   94  901  705  359  469  195  
823   12  903  451  451  518  992  720   50   16  340  960   36  813  295  901    3   29  882  422  860  420  783  835  749  696  379  393   42  271  964  606  621  247  239  603  921  598  136  122  173  197  545  217   66  554  167   65   11  868  870  101    0  721  840  119  191  741  402  423  488  856  706   49  473  843  947  889  944  164  192  432  407  299   94  232  729  722  108  403  
574  444  221  524  272   46  758  149   46   89  205  672   89  658  682  908  361   13  832  596  994  301  586  378  385  401  503  909   49   51  596  592  138  532  430  750  198  709  161  696  803  120  701  959  955  176  285  605  920  900  997  375  721    0  652  176  921  370  834  864  884  563  755   30   79  576  356  316  236  246  150  124  563  526  749  160  141  106  935   10  
605  614  397  826  507  264  554  654  901  903   82  848   25  633  815   43   79  627  510  190  421  172  320  485  147  586   10  580  303  889  945  638  985  441  535  490  274  219  701  101   74  847  228  188  613  866  393  324  496  303  905  228  840  652    0  482  697   19  716  575  565  994  189  380  636  126  743  784   11  808  949  462  731  302   53  880  614    3  963  644  
153   90  141  981  903  903   92  548   71  641  441  814  688  584  296  471  268  197  326   70  971   28  139  881   85  784   11  581  735  985  567  808   79  604  583   29  239  421  963  491   35   63  153  604  480  680  737  226  235  417  536  484  119  176  482    0  824  994  734  205  716  170  284  195   84  247  200  280  954  368  223  786  403  287  421  646  170  873  714  159  
430  226  229  493  443  353  948   44  374  318  407  747  602   42  161  132  296  798  454  658  878  249  682  976  717  997   78  990  305  364  181  917  574  978  626   65  784  284  848  410  659  861  155  882   27  805  580  391  224  663  935  484  191  921  697  824    0  547  538  821  428  994  158  592  567  284  892  519  349  267  128  565  976   61  754  302   56  485  981  602  
326  866  367  615  826  321  663  270  113  652  989  819    7  563  827  631  305  311  878  770  425  634  261  807  522  212  322  982  353  646  674  898  647  204  715  888  562  932  355  900  304   57  538  417  763  773   40  660  771  124  890  471  741  370   19  994  547    0  377  778  519  139  631  765  452  642  864  167  618  572  160  786  389  854  881  552  698  998  287  709  
705  395  237  391   21  855  840  542  692  633  145  685  105   75  470  888  113  600  320  643  930   96  714  524  753  809  193  561  557   28  478  174  484  705  498  359  954  773  604  516  649  982   78  327  930  428   43   44  419  981  572  953  402  834  716  734  538  377    0   90  811  681  454  574  909  903  123   91  275  519  350  618  873   11  963  844   92  886  509  920  
946  215  578  432   46  529  973  259  925  171  840   77  890  512  762  767  949   37  183  630   57  739  945  842  540  690  338  763  191  230  117  161  854  412  276  371  371  976  863  672  441  499  932  283  160   44  119  521  771  299  536  775  423  864  575  205  821  778   90    0  247  419  402  216  636  276  697  306  778  818  400  619  222  253  606  539  568  223  194  517  
474  598  531  322  653   76  173  462  281  716  321  206  281  632  884  112  777  589  682  475  720  245  212  633  633  853  292  255  588  720  911   33  386  743  363  124   54   86  820  208  573  442  147  366  934  631  881   33  249  541  527  152  488  884  565  716  428  519  811  247    0  250  152  544  830  230   91  226  990   43  975  402  407  739  246  243  620  885  238  334  
530  630  333  661  847  997  919  491  572  682  509  783  963  981  597   53  680  981  863  778  376  662  771  550  784  991  793  492   42  924  788  338   63  669  306  758  625  595  856  531  338  436  493  781  285   65  225   42  798   13  707  535  856  563  994  170  994  139  681  419  250    0  190  782  652  472  626    3  815  578  960  955  698  785  517  935  691  725  196  433  
184  899  230  661  330  157  835  652  393  180  314  360  713  136  802  292  527   46  535   58  129  313  527  497  125  643  962   65  800  567  542  742  186  179  512  160  465  654  479  518  264  291  867  298  251  575  892  507  465  845    6  723  706  755  189  284  158  631  454  402  152  190    0  251  891  737  481  601   14  217  372  700  547  946  951  674  520  171   30   35  
969  644  440  517  793  339  285  367  454   97    7  711  771  550  832  845  784  102   53   34  290  249  322  418  596  961  368  140  365  838  743   35  380  483  199  345  745  598  693  553  894  322  311  912  247  162  784  703  108  388   12   85   49   30  380  195  592  765  574  216  544  782  251    0  954  224  286  244  483  202  326  150  461  655   76  350  212  876  553  884  
556  490   72  453  251  183  506  436  886  185  730  791  488  182  803  687  513  638    7   35  704  225  843  996  668  424  869  842  245  927  921  348  748  858   86  257  901  217  184  139  608  986   35  255  185  713  735  482  851  520  741  120  473   79  636   84  567  452  909  636  830  652  891  954    0  154  419  679  344  159  435  196  860  277  693  337  654  443  734  509  
992  114  449  461  355  957  676  422  873  882  130  415  977   54  675  937  204  314  233  127  358  534  593  781  596  745  222  859  560  251  665  774  210  468  787  481  839  503  160  882  416  995  248  575  818  375   79  734  557  117  415  538  843  576  126  247  284  642  903  276  230  472  737  224  154    0  777  197  425  653  949  715  351  420  177  314  148  175  342  727  
386  130  621  483  949  918  246  766  927  268  123    4  211  775  545  293  483  195  210  550  116  490  111  708  460  985   65  987  624   33  493  487  444  417  494  643  332  985  994  123  960   69  379   88  532  216  414  935  881  823  641  705  947  356  743  200  892  864  123  697   91  626  481  286  419  777    0  467  548   35  122  451  177  387  207  351  864  689  712   31  
 13   82  184  956  482  935  705  959  356  932  926  860  992  727  479    5   94  285  262  725  120  295  769  306  473  157  647  348  302  722  149   94  198  667  558  528  298    5   66  165  288  419  908  517  668  941  788  948  161  865  407  367  889  316  784  280  519  167   91  306  226    3  601  244  679  197  467    0  721  598  314  161   83  158  778   32  859  156  356    3  
436  914  959  995  169  405  128  706  857  297  514  982  760  705  312  712  139  331  110  111  681  213  246  283  151  129   50  368  472   47  240  101  289  610  393  931  226  478  992  416  892  545  853  959  145   88  535  614  917  838  997   96  944  236   11  954  349  618  275  778  990  815   14  483  344  425  548  721    0  371   37  236  433  987  177  760  534  604  159  756  
754  694  429  262  969  252   75  761   56  790  152  452  481  251  485  298  537  719  239  897  108  394  444  575  435  778  652  311  587  554  974  708  875  994  985  264   17  598  217  498  380  303  723  196  847  109  898  935  666  617  422  632  164  246  808  368  267  572  519  818   43  578  217  202  159  653   35  598  371    0  916  153  324  201  844  465  959   13  129  913  
168  540  889  777  812  881  538  785   73  228  888  825  632  501  434  418    0   69  396  977  676  783  323  137  282  721  640  998  870   56  903   96  590  368  704  613  897  485  885  841  923  262  121  855  420  874   11  487   96  317   97  510  192  150  949  223  128  160  350  400  975  960  372  326  435  949  122  314   37  916    0  533  793  648  752   47  231   38  103  388  
838  601  721  929  630  222  678  117  870  828  397  422  792  408  565  319  430  502  778  736  445  524    4  755  796  219  648  159  170  898  715  676  213  856  271  726  727  912  337  946  586  351  459  558   45  760  385  555  166  998  548  180  432  124  462  786  565  786  618  619  402  955  700  150  196  715  451  161  236  153  533    0  486  836  343  492  233  331  365  527  
270  208  996  201   96  444  695  855  865  972  286  471  649  855  258  537   57   79  551  107  360  609   58   11  133  224  550  986  484  523  186  168  484  796    4  207  277  228  316  760  350  763  394  469   39   94  114  296  437  579  352  767  407  563  731  403  976  389  873  222  407  698  547  461  860  351  177   83  433  324  793  486    0  920  963  801  827  234  578  519  
283  897  890  994  796  370   90  693  642  235  374  196  193  727  108  508  624  454  470  665  155  437   57   21  250  570  200  121  530  722  254  797  707  185  657  397  689  323  310  564  296  180  602  501  905  598  725  839  540  698  293  320  299  526  302  287   61  854   11  253  739  785  946  655  277  420  387  158  987  201  648  836  920    0  366  326  319  253   52   29  
 88  560  269  787  770  384  337  992  645  954  307  279  454  348  963  728  699  708  143  826  464  699  104  346  250   30  791  215  835  139  506  208  272  358  480  822  103   52  713  566  339    0  938  851  169  707  874  506  806  988  754   94   94  749   53  421  754  881  963  606  246  517  951   76  693  177  207  778  177  844  752  343  963  366    0  125  383  820  261   87  
574  510  301  528  400  191  816  880  351  183  786  233  303  619   69  290  840  724  298  767  336  440  366  859  812  490   80  656  909  261  664  651  758  100  889  611  948  565  663  487  634  489  563   97  856  479  963  394  256  559  352  901  232  160  880  646  302  552  844  539  243  935  674  350  337  314  351   32  760  465   47  492  801  326  125    0  749   56  709   44  
243  111  773  665  157  259  609  874   66  739  738  398   29  302  997  654  395  258   64  931  136  791    1  414  134  231  176  276    1  254  661  397  540  938   88  504  294  849  717  377  143  279  607  738  224  906  297  659  520  410   99  705  729  141  614  170   56  698   92  568  620  691  520  212  654  148  864  859  534  959  231  233  827  319  383  749    0   15  314  280  
875  934  687  125  239  954  202  957  322  208  459   40  316  641  937  552   39  545  788  955  504  210  745  734  877  102  571  324  214  791  930  478  122   71  951  543  301  747  104   81  779  415  681  168  502   91   19   52  228   13  326  359  722  106    3  873  485  998  886  223  885  725  171  876  443  175  689  156  604   13   38  331  234  253  820   56   15    0  683  344  
937   87  137  147  374  367  930  347  960  665  801  185  943  348  545  480  507  979  322  211   57  816  427  221  307  911  264  401  259  894  778  542  131  363   89  492  501  482  700  595  280  888  252  177  802  299   20  499  830  983  779  469  108  935  963  714  981  287  509  194  238  196   30  553  734  342  712  356  159  129  103  365  578   52  261  709  314  683    0   72  
700  181  289  812  342    2  161  344  815  521  516  157  240   82  852  274  474  359  471  689  827  370  226  678  625  573  293  567  645  473  283  659  495  812  565  840  867  472   80  573  295    5  536  330  890  598  121  816  862  572   97  195  403   10  644  159  602  709  920  517  334  433   35  884  509  727   31    3  756  913  388  527  519   29   87   44  280  344   72    0  

  0  192  941  203  493   99   90  195  555  790  520  345  266  544   98  577  158  183  155    1  150  883  530  824   33  842  315  753  353   10  932  968  642  399  811  208  783  119  273  576  469  925  535  303  547    1  634  686  428  307  481  909  102  510  105  905  914  131  226  742  202  584  119  356  143  177   70  289  630  806  231  939  170  190  443  366  622   71  565   13  
192    0  792  358  210  602  433  755  505  837   26  779  330  481  713  807  917    6  762  582  326  315  678  149  341  973  359  871  594  637  310  139  631  799  476  406  206  222  243  756  872  182  887  321  111  276  295  720  102  329  860  522  371  251  602  658   29  143  999  128  498  585  120   23  949  631  652  698  333  746  648  940   16  403  934  920  739  190  973  715  
941  792    0  789  893    1  115  213  340   59  788   81  173  761  183  142  757  179  937  208  285  978  475  269   40  754  245  904  460  722   58   11  400  995  935  724  940  277  394  238  776   67  495   87  621  316   92  918  138  997  845  687  931  571  288  607  461  236  830  279  874  106  152  720   58   19  321  681  827  192  917  513  649  310  538  940  744  113  782  866  
203  358  789    0  547  484  855  563  851  438  348  399  321  199  429  883  598  791   46  876  203   21  877  774  846  941  529   79   23  127  623   55  234  550  494  654  987   32   57  967  331  532  903  825  298  619  900  885   78  628  926  710  453  823  147  280  730  410  406  912  755  486  237  373  878  851   95  223  744  438  865   93  790  686  677  324  423    8    8  593  
493  210  893  547    0  870  516  975  649  359  890  719  539   65  974    6  993  389  835  804  863  856  922  850  883   13  219  199  957  384  918  749  386  956  517  138  396  871  307  702  604  671  359  472  556  352  507  947  238  698  587  523  283  680  639  293  679  887  910  897   19  732  811  220  151  956  801  216  749   82   83  367  944  173  817  260    6  655  103  629  
 99  602    1  484  870    0  900  323  333  760  898  676  304   34  167  968  431  790  443  718  160  634   69  505  841    1  626   64  929  833  821  764  697  799  899  519  233    4  380  550  439  606   93  435  970  239  661  158  315   64  248  436  701  908   66  357  269  900  125  742  969   61  623  570   51  842  736  805  561  903  556  636  458  212  997  258  224  933  328  878  
 90  433  115  855  516  900    0  615  384  544  413    8  636  734  791  461  271  228  883  651   25  383  880  385  855  846  418  490  922  907  419  682  165    0  588  799  844  100  460  700  407  183  680  476  872  287  600  420  782  552   18  331  752  678  453   49  799  797  739  780   81  823  544  364  630  363   80   49  656  936  927  406  781  529  956  729  921  783  569  126  
195  755  213  563  975  323  615    0   59  725  251   31  617  518   12  847  372  266  795  491  772  472   47  542   65  357  173  135  471  667  236  194  689  583  777  385    4  107   92  761  793  486  343  741  114  364  835  965  413  532   31    5  708  175  660  737  226  317  288  408   89  360  822  142  143  792  818  859  667  820  775  246  480  540  328  347  607  912  145  635  
555  505  340  851  649  333  384   59    0  789  846  971  263   17   97  383   18  749  385  500  904  448  320   70  922  784  211  704  213  695   14  831  817  834  754  798  391  884  853  583  306  564  711  401  187  545  924  562  965  232  320   39   73  153  650  330   69  938  310  879  317  786   66  394  759  373  433  161  972  400  255  841  993  418  471  890  828  553  734  801  
790  837   59  438  359  760  544  725  789    0   65  312   18  418  654  205  162  695  981  647  639  839  755  335  790  392  923  850  401  406  145   53  525   87  835  152  361  270  325  592  338  200  498  334  859  618  973  374  815  131  154  757  614  787  807  182  169  242  434  878  756  385  721  341  119  289  301  825  498  537  515  179  673  546  165   60  140  967  552  599  
520   26  788  348  890  898  413  251  846   65    0   53  536  757  116  348  741  566  217  575  365  877  124   79  949  596  411  994  846  660  829  278  122  314  358  177  944  457  958  903  925  664  873  715  399  141  505  352  574  731  453  979  775  204  316  209  863  785  218  291  877  353  935  807  858  528  318  836    7  758  356  591  489   96   47  481  949  792  602  863  
345  779   81  399  719  676    8   31  971  312   53    0  148   13  137  359  131  905  976  206   80  973  201  350  607  548  133  626   91  638  498  382  538  296  145  654   18  618  134  974  100  851  659  141  851  746  315  119  307  391  170  755  138  956  601  903   62   62  373  378  662  595  584  374  542  462  844  321  547  947  930  647   52  136  984  342  388  690  477  528  
266  330  173  321  539  304  636  617  263   18  536  148    0  671  468  673  346  789  231  332  137  720  762  518  645  914  703  263   93  569  559  608  162  994  348  440  686  676  281  148   38  870  352  924  553  746  514  139  111  878  758  261  249  861    8  295  573  949  568  540  461  292  543  130  971   76  921  675  376  294  979  439  155  935  143  914  934  871  300  990  
544  481  761  199   65   34  734  518   17  418  757   13  671    0   92   27   48  672  827  325  467   97  154  716  565  754  884  551  940  458  875  346  244   82  764  354  251  826  305  277  757  938  715  163  651  342  293  677  425  881  448  742    9  917   29  779  174  689  185  238  181  535  349  168  609  550  239  841  177  414  304  630  502  611  962  390  127  819  361  251  
 98  713  183  429  974  167  791   12   97  654  116  137  468   92    0  657  836  572   58  793  217  937   36  884  203  994  357  999  160  681  733  586  220  282  465  640  323   29  442  691  319  109  477  201  685  955  847   71  572  278  493  389  918  664  420  946  812  832   15  512   35  460  381  627  460  230  293  881  216  524  903  856  942  155  390  998  181  427  260  325  
577  807  142  883    6  968  461  847  383  205  348  359  673   27  657    0  286  958  853   26  448  121  228  809  355  871  181  587   64  686  779  992  335  229  759  866  746  502  577  292  513   43  393  864  816  652  244  995  494  638  837  232  838  129  680  972  384   11  603  656    2  587  162  113  118  782  794   53   42  180  478  483  790  379  350  716  170  174  264  987  
158  917  757  598  993  431  271  372   18  162  741  131  346   48  836  286    0  170  731   36  518  371  751  272  102  375  704  593  904   87  461  374  498  953  503  698  817  305  691  515  481  695  497  645  839  651  467  259  790  139  763  766   84  199  306  540  910  365  828  266  961  894  917  743  825  457  647  351   37  443  476  819  453  235  473  859  633  895  739  373  
183    6  179  791  389  790  228  266  749  695  566  905  789  672  572  958  170    0  772  713  923  636  466  156  432  803  882  909  885  669  712  747  254  491  954  390  299  792  190  178  200  603  153  844  571  745  621  821  605  714  960  738  387   87  683  171  590  331  431  509  413  298  243  280  820  921  773  948  162  924  417  328  570   20  438  366  911  273  373  911  
155  762  937   46  835  443  883  795  385  981  217  976  231  827   58  853  731  772    0   22  378  743  518  552  278  639  685  615  435  818  578  358  177  843  976  688  517  973   94  219   86   77  563   92  346  541  334  620  449  717  596  654  954  344  946  749  915  220  633  867  936  405   56  797  922  540  839  292  961  314  152  191  127  900  170  367  748  303  461   54  
  1  582  208  876  804  718  651  491  500  647  575  206  332  325  793   26   36  713   22    0  680  503  630  980  778   73  714   23  233  721  870  241  132  807  677  765  308  529  573  798  856  707   61  282  338  211  763  726  441  122  700  974  322  792   87  651  909   72  405  845  472  925  691  196  541  194  264  962  254   61  327  715   49  539  586  112  948  704  445  656  
150  326  285  203  863  160   25  772  904  639  365   80  137  467  217  448  518  923  378  680    0  412  546  765  213  610  553  647  436  779  114  323  967  862  871  272  537  522  218  368  650  278  767  144  576  939   75  550  863  255  281  677  164  333  235  775  432  380  643  714  917  308  374  899  712  944  355  598  477   22  200  285  195  541  468  346  205  376   56    1  
883  315  978   21  856  634  383  472  448  839  877  973  720   97  937  121  371  636  743  503  412    0  232  954   60  568  430  645  796  829  800   49  216  167  332  696  426  601  958  444  257  409  830  512  926  655  170  420  111   75  460   65  621    1  301   40  350  185  277  142  261  363  518  385  428  364  412  808  149  701  772  931  920  660  687  208  414  104  786  483  
530  678  475  877  922   69  880   47  320  755  124  201  762  154   36  228  751  466  518  630  546  232    0  719  686  798  298  785  297  938  120  858  713  775   86  384  481  190  380  507  413  842  234  552  557  959  189  135  811  315  203  895  949  523  509  896  451  385  557  218   19  370   57  793  804  549  488  684  963  678  643  423  665  921  579  142  221  607  131  739  
824  149  269  774  850  505  385  542   70  335   79  350  518  716  884  809  272  156  552  980  765  954  719    0    6  671  239  866  850  978  824   49  890  345   89  926  855  825  265  765  179  540  840  186  985  836  543  806  372  425  714  157  538  561  517  971  222  205  192  363  486  597  902   86  812  461   95  135  213  247  245  480   37  723  865  179  976  332   23  534  
 33  341   40  846  883  841  855   65  922  790  949  607  645  565  203  355  102  432  278  778  213   60  686    6    0  735  531  948  381  565  105  630  368  710  717   58  893  931  855  186  313  423  402  100  276  376  993  427  269   42   12   15   99  636   48  909  395  296  501  438   58  892  991  139  703  683  931  284  451  876  197  572  401  412  188  697  703  891  161  265  
842  973  754  941   13    1  846  357  784  392  596  548  914  754  994  871  375  803  639   73  610  568  798  671  735    0  929  461  975  571  351  131  522   78  576  975  947  101  422  664  809  861  766  842  756  567  600  122  334  971  511  320  552  344  645  587  409  262  137  713  453  845   38  300   80  201  116  205  939  269  153  655  415  604  141  798  775  165  244  815  
315  359  245  529  219  626  418  173  211  923  411  133  703  884  357  181  704  882  685  714  553  430  298  239  531  929    0   81  152  754  640  973  735   55  593  868  408  923  662  576  836   76  169  193  495  304  380  618  141  278  289  429  911  588  619  596   14  229   16   89  694  560  564    4  640  627  581  757  133  457   58  754  756  282  577  660  127  776    8  815  
753  871  904   79  199   64  490  135  704  850  994  626  263  551  999  587  593  909  615   23  647  645  785  866  948  461   81    0  278  802   87  330  245  274  504  394  106  907  413  932  371  347  615  253  420  343  483  550  310  990  554  616   19  913  619  426   89  285  244  194  135  644  179  144  479   60  757  474  690  292  117  717  744  321  856  438  875  782  603  391  
353  594  460   23  957  929  922  471  213  401  846   91   93  940  160   64  904  885  435  233  436  796  297  850  381  975  152  278    0  754  391  724  272  142  194  284  116   61  720  995  272  916   49  772  770  625  650  734  218  180  436   92  765  442  128  282  573  962  683  510  734  587   13  401  512   32  487  931  224  742  561  108  659  675  229  584  974  218  738  944  
 10  637  722  127  384  833  907  667  695  406  660  638  569  458  681  686   87  669  818  721  779  829  938  978  565  571  754  802  754    0  303   97   88  359  118  522  597  584  241  640   12  890  558  409  700  464  448  882  977  591  619  688    1   38  775  920  647  629  573  620   79  184  353  119  864  408  828  371  864  282  368  879  424   68  938  185  982  159  863  641  
932  310   58  623  918  821  419  236   14  145  829  498  559  875  733  779  461  712  578  870  114  800  120  824  105  351  640   87  391  303    0  372  541  605  157  813  271  233  764  484   58  167  994  790  493  740  144   41  150  754  272  157  271  105  105  520  207  114  769  886  132  748  452  729  751  745  771  751  731  390  996   31  776  899  239   27  948  449  104  335  
968  139   11   55  749  764  682  194  831   53  278  382  608  346  586  992  374  747  358  241  323   49  858   49  630  131  973  330  724   97  372    0   61  793  483  894  801  144  330   71   78  854  315  189  645  708  432  875  895  151  330  512  893    2  948  317  348  564  344  519  335  167  450  247  792  958  475  173  695  312  338  180  957  229  745  874   98   43  919  921  
642  631  400  234  386  697  165  689  817  525  122  538  162  244  220  335  498  254  177  132  967  216  713  890  368  522  735  245  272   88  541   61    0  456   81  107  982  614  280   56  393  174  390  393  187  357  298   99  559  177  134  203   11  854  608   33   81  824  694   93  156  809  777  199  731  836  947  225  609   38  532  485  483    5   70  568  966  768  976  236  
399  799  995  550  956  799    0  583  834   87  314  296  994   82  282  229  953  491  843  807  862  167  775  345  710   78   55  274  142  359  605  793  456    0  385  259  679  721  277   19  682  429  342  104  228  103  525    5  210  345   35  959  686  628  529  419  670  283   55  129  658  348  754  294  209  295  541  485   57  485  357  125  727  181  557  214  815  891  574  436  
811  476  935  494  517  899  588  777  754  835  358  145  348  764  465  759  503  954  976  677  871  332   86   89  717  576  593  504  194  118  157  483   81  385    0  720  264  566  174  451  498  410  833  587  452  254  428   45  209  236   31  274  471  167  969  317  437  722  661  272  511  980  184  140  899  207   73  786  875  539  548  702  862  869  246  225  119  159  902  202  
208  406  724  654  138  519  799  385  798  152  177  654  440  354  640  866  698  390  688  765  272  696  384  926   58  975  868  394  284  522  813  894  107  259  720    0  412  841  819  993  673   93  162  888   82  102  459  260  200  245  683  649  386  980  203  642  467  439  323  686  254  128  166   18  127  216  639  439  261  860   69  532  895  555  871  475  718  545  246  785  
783  206  940  987  396  233  844    4  391  361  944   18  686  251  323  746  817  299  517  308  537  426  481  855  893  947  408  106  116  597  271  801  982  679  264  412    0  963  555  308  894  316  483   89  853  592  719  249  550  352  950  103  119  506  370  101  226  578  501  287  531  838  349  655  751  347  990  603    4  991  676  675   23  820  302  150  279  333  302  518  
119  222  277   32  871    4  100  107  884  270  457  618  676  826   29  502  305  792  973  529  522  601  190  825  931  101  923  907   61  584  233  144  614  721  566  841  963    0  304  476  349  372  886  389  191  134  459  382  831  301  843  945    3  634  914    6  127  722  804  825  328  324  153  285  409  943  536  328  955  823  954  414  132  493  349   52  762  491  168  331  
273  243  394   57  307  380  460   92  853  325  958  134  281  305  442  577  691  190   94  573  218  958  380  265  855  422  662  413  720  241  764  330  280  277  174  819  555  304    0  877  236  717  310  709   60  958  476  225  497  403  757  586  426  958   41  212  444  701  441  541  472  828  884   29  287   77  988  341  153  708  280  594  240  937  149  496  760  951  241  687  
576  756  238  967  702  550  700  761  583  592  903  974  148  277  691  292  515  178  219  798  368  444  507  765  186  664  576  932  995  640  484   71   56   19  451  993  308  476  877    0  747  997  146  662  126  242  939  139   91   96  796  138  102  477   81  592  147  906  349  298  453  685   35  672  732  113  418  680  449  355  588  450  702    1  532  540  742  889  251  767  
469  872  776  331  604  439  407  793  306  338  925  100   38  757  319  513  481  200   86  856  650  257  413  179  313  809  836  371  272   12   58   78  393  682  498  673  894  349  236  747    0  555  683  958  318  767  636   21   91  778   28  115   68  372  121   41  590  981  927  260  230  934  913  997  665  556  850  728  242  724  239  199  464  460  462  461  671  230  494  870  
925  182   67  532  671  606  183  486  564  200  664  851  870  938  109   43  695  603   77  707  278  409  842  540  423  861   76  347  916  890  167  854  174  429  410   93  316  372  717  997  555    0  966  856  499  183  457   44  552  921  560  500  708  937  126  968  492  192  594  772  551  170  797   76  871  535   62  215  662  223  648  116  111  874  318  981  975  401  963  111  
535  887  495  903  359   93  680  343  711  498  873  659  352  715  477  393  497  153  563   61  767  830  234  840  402  766  169  615   49  558  994  315  390  342  833  162  483  886  310  146  683  966    0  911  964  548  339  884  701  983  949  816  478  588  227  448  549  629  531  544  534  259  167  731  649  785  195  393  229  973  980  994  641  785   35  318   88  602  412  678  
303  321   87  825  472  435  476  741  401  334  715  141  924  163  201  864  645  844   92  282  144  512  552  186  100  842  193  253  772  409  790  189  393  104  587  888   89  389  709  662  958  856  911    0  640  561  961  762   60  607  184  494  250  432  506   54  179  440  359  715  827  835  766  853  825  857  208  858   30   45  537  489  358  314  391  233  646  153  341  852  
547  111  621  298  556  970  872  114  187  859  399  851  553  651  685  816  839  571  346  338  576  926  557  985  276  756  495  420  770  700  493  645  187  228  452   82  853  191   60  126  318  499  964  640    0  369  772   95  144   94  603  247  743  336  760  831  749  322  805  428  510  143  925  460  263  795   59  155  636  548  874  206  131  718  283  691  193  604  633  520  
  1  276  316  619  352  239  287  364  545  618  141  746  746  342  955  652  651  745  541  211  939  655  959  836  376  567  304  343  625  464  740  708  357  103  254  102  592  134  958  242  767  183  548  561  369    0  465  389  366  121  397  838  948  581  703  244  945  272  487  512  297  473    9  445  134  976  423  394  570   85  260   12  684  699  313  647  574  896   23  436  
634  295   92  900  507  661  600  835  924  973  505  315  514  293  847  244  467  621  334  763   75  170  189  543  993  600  380  483  650  448  144  432  298  525  428  459  719  459  476  939  636  457  339  961  772  465    0  590  958  118  262  487  245  210  491   49  747  520  406  583  864   31  792  263  560  787  154  812  682  482   37  876  512  237   32  950  106  230  381  856  
686  720  918  885  947  158  420  965  562  374  352  119  139  677   71  995  259  821  620  726  550  420  135  806  427  122  618  550  734  882   41  875   99    5   45  260  249  382  225  139   21   44  884  762   95  389  590    0   49  678  206  385  852  286  528  378  949  355  220  276  708  447  731   84  841  285    6  756  327    2  162  885  665  216  603  739  955  341  797  192  
428  102  138   78  238  315  782  413  965  815  574  307  111  425  572  494  790  605  449  441  863  111  811  372  269  334  141  310  218  977  150  895  559  210  209  200  550  831  497   91   91  552  701   60  144  366  958   49    0  134  319  227  867  218  231  566  674   18  954  818  146  172  435   75  899  227  678  829  775  824  673  614  672  319  436  340  100  117  567  501  
307  329  997  628  698   64  552  532  232  131  731  391  878  881  278  638  139  714  717  122  255   75  315  425   42  971  278  990  180  591  754  151  177  345  236  245  352  301  403   96  778  921  983  607   94  121  118  678  134    0  299  377  703  100  403  713  696   28   72  589  273  111  170  627  265  184  390  749  927  934  458  318  110   50  879  544  596  954  364  100  
481  860  845  926  587  248   18   31  320  154  453  170  758  448  493  837  763  960  596  700  281  460  203  714   12  511  289  554  436  619  272  330  134   35   31  683  950  843  757  796   28  560  949  184  603  397  262  206  319  299    0  465  851  356  439  457  523  600  804   26  404  314  590  316  293  346  680  633  131  718  567  987  806  815  422  924  264  944  957  295  
909  522  687  710  523  436  331    5   39  757  979  755  261  742  389  232  766  738  654  974  677   65  895  157   15  320  429  616   92  688  157  512  203  959  274  649  103  945  586  138  115  500  816  494  247  838  487  385  227  377  465    0  995  245  280  284   45  784  106  836  772  647  768  110  253  264  540  378   88  701  373  608  326  542  768  413  272  213  466  617  
102  371  931  453  283  701  752  708   73  614  775  138  249    9  918  838   84  387  954  322  164  621  949  538   99  552  911   19  765    1  271  893   11  686  471  386  119    3  426  102   68  708  478  250  743  948  245  852  867  703  851  995    0  228  892  551  375  371  905  194  281  649  517  869  495  633  439  827  346  430   88  604  302  471  341  661   37  874  589  836  
510  251  571  823  680  908  678  175  153  787  204  956  861  917  664  129  199   87  344  792  333    1  523  561  636  344  588  913  442   38  105    2  854  628  167  980  506  634  958  477  372  937  588  432  336  581  210  286  218  100  356  245  228    0  297  909  299  750  574  679  221  387  889   70  315   82  523  407  258    8  464  146  224   35  942  333  860    0  263   35  
105  602  288  147  639   66  453  660  650  807  316  601    8   29  420  680  306  683  946   87  235  301  509  517   48  645  619  619  128  775  105  948  608  529  969  203  370  914   41   81  121  126  227  506  760  703  491  528  231  403  439  280  892  297    0  228  127  733  651  340  200  541  550  321   56  635  691  168  534  978  319   96  241  420  250  235  797  827  598  150  
905  658  607  280  293  357   49  737  330  182  209  903  295  779  946  972  540  171  749  651  775   40  896  971  909  587  596  426  282  920  520  317   33  419  317  642  101    6  212  592   41  968  448   54  831  244   49  378  566  713  457  284  551  909  228    0  363  862  352  147  920  971  157  987  104  653  532    9  880  127  332  310  132  923  320  767   63  120  183  947  
914   29  461  730  679  269  799  226   69  169  863   62  573  174  812  384  910  590  915  909  432  350  451  222  395  409   14   89  573  647  207  348   81  670  437  467  226  127  444  147  590  492  549  179  749  945  747  949  674  696  523   45  375  299  127  363    0  854  346  790  894  866  690  386  233  764  254    1  319  887  926  461  605  325  625  583   12   18  572  194  
131  143  236  410  887  900  797  317  938  242  785   62  949  689  832   11  365  331  220   72  380  185  385  205  296  262  229  285  962  629  114  564  824  283  722  439  578  722  701  906  981  192  629  440  322  272  520  355   18   28  600  784  371  750  733  862  854    0   35   83  801   59  636  751  731   69  922   43  485  895  612  355  436  849   81  159  890  664  236  798  
226  999  830  406  910  125  739  288  310  434  218  373  568  185   15  603  828  431  633  405  643  277  557  192  501  137   16  244  683  573  769  344  694   55  661  323  501  804  441  349  927  594  531  359  805  487  406  220  954   72  804  106  905  574  651  352  346   35    0   41  852  303  594  289  309  564  220  668  605  793   47  121  599  566  358  765  584  215  995  324  
742  128  279  912  897  742  780  408  879  878  291  378  540  238  512  656  266  509  867  845  714  142  218  363  438  713   89  194  510  620  886  519   93  129  272  686  287  825  541  298  260  772  544  715  428  512  583  276  818  589   26  836  194  679  340  147  790   83   41    0  933  291  976  468  920  881  420  762  422  197  887  354  907  487   23  367  658  383  193  510  
202  498  874  755   19  969   81   89  317  756  877  662  461  181   35    2  961  413  936  472  917  261   19  486   58  453  694  135  734   79  132  335  156  658  511  254  531  328  472  453  230  551  534  827  510  297  864  708  146  273  404  772  281  221  200  920  894  801  852  933    0  461  230  649  324  705  422  955  415  763  627  895  845  256  553  996  775   88  548  918  
584  585  106  486  732   61  823  360  786  385  353  595  292  535  460  587  894  298  405  925  308  363  370  597  892  845  560  644  587  184  748  167  809  348  980  128  838  324  828  685  934  170  259  835  143  473   31  447  172  111  314  647  649  387  541  971  866   59  303  291  461    0  444  414   94  333   95   60  887    7  621  507  618  896  842  136  447  341  996  984  
119  120  152  237  811  623  544  822   66  721  935  584  543  349  381  162  917  243   56  691  374  518   57  902  991   38  564  179   13  353  452  450  777  754  184  166  349  153  884   35  913  797  167  766  925    9  792  731  435  170  590  768  517  889  550  157  690  636  594  976  230  444    0  262  177  452  735  880   77  575  318  793  368   30  964  908  941  787  790  397  
356   23  720  373  220  570  364  142  394  341  807  374  130  168  627  113  743  280  797  196  899  385  793   86  139  300    4  144  401  119  729  247  199  294  140   18  655  285   29  672  997   76  731  853  460  445  263   84   75  627  316  110  869   70  321  987  386  751  289  468  649  414  262    0  687  339  177  564  765  536   60  950   58  481  765  213  435  928   41  396  
143  949   58  878  151   51  630  143  759  119  858  542  971  609  460  118  825  820  922  541  712  428  804  812  703   80  640  479  512  864  751  792  731  209  899  127  751  409  287  732  665  871  649  825  263  134  560  841  899  265  293  253  495  315   56  104  233  731  309  920  324   94  177  687    0  377  462  941  125  155  107  813  544  411  343  748  238   33  126  818  
177  631   19  851  956  842  363  792  373  289  528  462   76  550  230  782  457  921  540  194  944  364  549  461  683  201  627   60   32  408  745  958  836  295  207  216  347  943   77  113  556  535  785  857  795  976  787  285  227  184  346  264  633   82  635  653  764   69  564  881  705  333  452  339  377    0   32   67  593  735  552  466  343  498  283  575  154  811  912   84  
 70  652  321   95  801  736   80  818  433  301  318  844  921  239  293  794  647  773  839  264  355  412  488   95  931  116  581  757  487  828  771  475  947  541   73  639  990  536  988  418  850   62  195  208   59  423  154    6  678  390  680  540  439  523  691  532  254  922  220  420  422   95  735  177  462   32    0  246  202  462  745  165  695  551  248  292  823  393  311  517  
289  698  681  223  216  805   49  859  161  825  836  321  675  841  881   53  351  948  292  962  598  808  684  135  284  205  757  474  931  371  751  173  225  485  786  439  603  328  341  680  728  215  393  858  155  394  812  756  829  749  633  378  827  407  168    9    1   43  668  762  955   60  880  564  941   67  246    0  712  144  962  958  636  335  288  661  931  345  421  543  
630  333  827  744  749  561  656  667  972  498    7  547  376  177  216   42   37  162  961  254  477  149  963  213  451  939  133  690  224  864  731  695  609   57  875  261    4  955  153  449  242  662  229   30  636  570  682  327  775  927  131   88  346  258  534  880  319  485  605  422  415  887   77  765  125  593  202  712    0  934  342    7   59  131  657  187  963   83  238  113  
806  746  192  438   82  903  936  820  400  537  758  947  294  414  524  180  443  924  314   61   22  701  678  247  876  269  457  292  742  282  390  312   38  485  539  860  991  823  708  355  724  223  973   45  548   85  482    2  824  934  718  701  430    8  978  127  887  895  793  197  763    7  575  536  155  735  462  144  934    0  821  166  808  635  138  564  595  970  433  653  
231  648  917  865   83  556  927  775  255  515  356  930  979  304  903  478  476  417  152  327  200  772  643  245  197  153   58  117  561  368  996  338  532  357  548   69  676  954  280  588  239  648  980  537  874  260   37  162  673  458  567  373   88  464  319  332  926  612   47  887  627  621  318   60  107  552  745  962  342  821    0  879  120  247  856  331  731  844  288  259  
939  940  513   93  367  636  406  246  841  179  591  647  439  630  856  483  819  328  191  715  285  931  423  480  572  655  754  717  108  879   31  180  485  125  702  532  675  414  594  450  199  116  994  489  206   12  876  885  614  318  987  608  604  146   96  310  461  355  121  354  895  507  793  950  813  466  165  958    7  166  879    0  850  210  212  884  176  278  371  163  
170   16  649  790  944  458  781  480  993  673  489   52  155  502  942  790  453  570  127   49  195  920  665   37  401  415  756  744  659  424  776  957  483  727  862  895   23  132  240  702  464  111  641  358  131  684  512  665  672  110  806  326  302  224  241  132  605  436  599  907  845  618  368   58  544  343  695  636   59  808  120  850    0  891  762  690  927  228  443  594  
190  403  310  686  173  212  529  540  418  546   96  136  935  611  155  379  235   20  900  539  541  660  921  723  412  604  282  321  675   68  899  229    5  181  869  555  820  493  937    1  460  874  785  314  718  699  237  216  319   50  815  542  471   35  420  923  325  849  566  487  256  896   30  481  411  498  551  335  131  635  247  210  891    0  854   85  357  424    7  635  
443  934  538  677  817  997  956  328  471  165   47  984  143  962  390  350  473  438  170  586  468  687  579  865  188  141  577  856  229  938  239  745   70  557  246  871  302  349  149  532  462  318   35  391  283  313   32  603  436  879  422  768  341  942  250  320  625   81  358   23  553  842  964  765  343  283  248  288  657  138  856  212  762  854    0  418  396  919  795  797  
366  920  940  324  260  258  729  347  890   60  481  342  914  390  998  716  859  366  367  112  346  208  142  179  697  798  660  438  584  185   27  874  568  214  225  475  150   52  496  540  461  981  318  233  691  647  950  739  340  544  924  413  661  333  235  767  583  159  765  367  996  136  908  213  748  575  292  661  187  564  331  884  690   85  418    0   23  174  636  652  
622  739  744  423    6  224  921  607  828  140  949  388  934  127  181  170  633  911  748  948  205  414  221  976  703  775  127  875  974  982  948   98  966  815  119  718  279  762  760  742  671  975   88  646  193  574  106  955  100  596  264  272   37  860  797   63   12  890  584  658  775  447  941  435  238  154  823  931  963  595  731  176  927  357  396   23    0  921    7  505  
 71  190  113    8  655  933  783  912  553  967  792  690  871  819  427  174  895  273  303  704  376  104  607  332  891  165  776  782  218  159  449   43  768  891  159  545  333  491  951  889  230  401  602  153  604  896  230  341  117  954  944  213  874    0  827  120   18  664  215  383   88  341  787  928   33  811  393  345   83  970  844  278  228  424  919  174  921    0   52  494  
565  973  782    8  103  328  569  145  734  552  602  477  300  361  260  264  739  373  461  445   56  786  131   23  161  244    8  603  738  863  104  919  976  574  902  246  302  168  241  251  494  963  412  341  633   23  381  797  567  364  957  466  589  263  598  183  572  236  995  193  548  996  790   41  126  912  311  421  238  433  288  371  443    7  795  636    7   52    0  315  
 13  715  866  593  629  878  126  635  801  599  863  528  990  251  325  987  373  911   54  656    1  483  739  534  265  815  815  391  944  641  335  921  236  436  202  785  518  331  687  767  870  111  678  852  520  436  856  192  501  100  295  617  836   35  150  947  194  798  324  510  918  984  397  396  818   84  517  543  113  653  259  163  594  635  797  652  505  494  315    0  
