100

 0  20  20  30  30  50  10  10  14  14  14  22  32  32  32  32  32  41  41  41  41  41  51  51  61  61  61  20  20  22  22  28  28  36  36  36  54  54  63  63  63  63  30  30  30  30  32  32  36  36  36  42  50  50  50  58  58  58  67  67  67  40  40  40  41  45  45  45  45  50  50  50  50  64  64  64  64  72  72  72  50  50  50  51  51  58  64  64  71  78  78  78  60  61  61  63  67  72  85  85  
20   0   0  10  10  30  22  22  14  14  14  10  14  14  14  14  14  22  22  22  22  22  32  32  41  41  41  28  28  22  22  20  20  22  22  22  36  36  45  45  45  45  36  36  36  36  32  32  30  30  30  32  36  36  36  42  42  42  50  50  50  45  45  45  41  40  40  40  40  41  41  41  41  50  50  50  50  57  57  57  54  54  54  51  51  51  54  54  58  64  64  64  63  61  61  60  61  63  72  72  
20   0   0  10  10  30  22  22  14  14  14  10  14  14  14  14  14  22  22  22  22  22  32  32  41  41  41  28  28  22  22  20  20  22  22  22  36  36  45  45  45  45  36  36  36  36  32  32  30  30  30  32  36  36  36  42  42  42  50  50  50  45  45  45  41  40  40  40  40  41  41  41  41  50  50  50  50  57  57  57  54  54  54  51  51  51  54  54  58  64  64  64  63  61  61  60  61  63  72  72  
30  10  10   0   0  20  32  32  22  22  22  14  10  10  10  10  10  14  14  14  14  14  22  22  32  32  32  36  36  28  28  22  22  20  20  20  28  28  36  36  36  36  42  42  42  42  36  36  32  32  32  30  32  32  32  36  36  36  42  42  42  50  50  50  45  41  41  41  41  40  40  40  40  45  45  45  45  50  50  50  58  58  58  54  54  50  51  51  54  58  58  58  67  63  63  61  60  61  67  67  
30  10  10   0   0  20  32  32  22  22  22  14  10  10  10  10  10  14  14  14  14  14  22  22  32  32  32  36  36  28  28  22  22  20  20  20  28  28  36  36  36  36  42  42  42  42  36  36  32  32  32  30  32  32  32  36  36  36  42  42  42  50  50  50  45  41  41  41  41  40  40  40  40  45  45  45  45  50  50  50  58  58  58  54  54  50  51  51  54  58  58  58  67  63  63  61  60  61  67  67  
50  30  30  20  20   0  51  51  41  41  41  32  22  22  22  22  22  14  14  14  14  14  10  10  14  14  14  54  54  45  45  36  36  28  28  28  20  20  22  22  22  22  58  58  58  58  50  50  42  42  42  36  32  32  32  30  30  30  32  32  32  64  64  64  57  50  50  50  50  45  45  45  45  40  40  40  40  41  41  41  71  71  71  64  64  54  51  51  50  51  51  51  78  72  72  67  63  61  61  61  
10  22  22  32  32  51   0   0  10  10  10  20  30  30  30  30  30  40  40  40  40  40  50  50  60  60  60  10  10  14  14  22  22  32  32  32  51  51  61  61  61  61  20  20  20  20  22  22  28  28  28  36  45  45  45  54  54  54  63  63  63  30  30  30  32  36  36  36  36  42  42  42  42  58  58  58  58  67  67  67  40  40  40  41  41  50  57  57  64  72  72  72  50  51  51  54  58  64  78  78  
10  22  22  32  32  51   0   0  10  10  10  20  30  30  30  30  30  40  40  40  40  40  50  50  60  60  60  10  10  14  14  22  22  32  32  32  51  51  61  61  61  61  20  20  20  20  22  22  28  28  28  36  45  45  45  54  54  54  63  63  63  30  30  30  32  36  36  36  36  42  42  42  42  58  58  58  58  67  67  67  40  40  40  41  41  50  57  57  64  72  72  72  50  51  51  54  58  64  78  78  
14  14  14  22  22  41  10  10   0   0   0  10  20  20  20  20  20  30  30  30  30  30  40  40  50  50  50  14  14  10  10  14  14  22  22  22  41  41  51  51  51  51  22  22  22  22  20  20  22  22  22  28  36  36  36  45  45  45  54  54  54  32  32  32  30  32  32  32  32  36  36  36  36  50  50  50  50  58  58  58  41  41  41  40  40  45  50  50  57  64  64  64  51  50  50  51  54  58  71  71  
14  14  14  22  22  41  10  10   0   0   0  10  20  20  20  20  20  30  30  30  30  30  40  40  50  50  50  14  14  10  10  14  14  22  22  22  41  41  51  51  51  51  22  22  22  22  20  20  22  22  22  28  36  36  36  45  45  45  54  54  54  32  32  32  30  32  32  32  32  36  36  36  36  50  50  50  50  58  58  58  41  41  41  40  40  45  50  50  57  64  64  64  51  50  50  51  54  58  71  71  
14  14  14  22  22  41  10  10   0   0   0  10  20  20  20  20  20  30  30  30  30  30  40  40  50  50  50  14  14  10  10  14  14  22  22  22  41  41  51  51  51  51  22  22  22  22  20  20  22  22  22  28  36  36  36  45  45  45  54  54  54  32  32  32  30  32  32  32  32  36  36  36  36  50  50  50  50  58  58  58  41  41  41  40  40  45  50  50  57  64  64  64  51  50  50  51  54  58  71  71  
22  10  10  14  14  32  20  20  10  10  10   0  10  10  10  10  10  20  20  20  20  20  30  30  40  40  40  22  22  14  14  10  10  14  14  14  32  32  41  41  41  41  28  28  28  28  22  22  20  20  20  22  28  28  28  36  36  36  45  45  45  36  36  36  32  30  30  30  30  32  32  32  32  42  42  42  42  50  50  50  45  45  45  41  41  41  45  45  50  57  57  57  54  51  51  50  51  54  64  64  
32  14  14  10  10  22  30  30  20  20  20  10   0   0   0   0   0  10  10  10  10  10  20  20  30  30  30  32  32  22  22  14  14  10  10  10  22  22  32  32  32  32  36  36  36  36  28  28  22  22  22  20  22  22  22  28  28  28  36  36  36  42  42  42  36  32  32  32  32  30  30  30  30  36  36  36  36  42  42  42  50  50  50  45  45  40  41  41  45  50  50  50  58  54  54  51  50  51  58  58  
32  14  14  10  10  22  30  30  20  20  20  10   0   0   0   0   0  10  10  10  10  10  20  20  30  30  30  32  32  22  22  14  14  10  10  10  22  22  32  32  32  32  36  36  36  36  28  28  22  22  22  20  22  22  22  28  28  28  36  36  36  42  42  42  36  32  32  32  32  30  30  30  30  36  36  36  36  42  42  42  50  50  50  45  45  40  41  41  45  50  50  50  58  54  54  51  50  51  58  58  
32  14  14  10  10  22  30  30  20  20  20  10   0   0   0   0   0  10  10  10  10  10  20  20  30  30  30  32  32  22  22  14  14  10  10  10  22  22  32  32  32  32  36  36  36  36  28  28  22  22  22  20  22  22  22  28  28  28  36  36  36  42  42  42  36  32  32  32  32  30  30  30  30  36  36  36  36  42  42  42  50  50  50  45  45  40  41  41  45  50  50  50  58  54  54  51  50  51  58  58  
32  14  14  10  10  22  30  30  20  20  20  10   0   0   0   0   0  10  10  10  10  10  20  20  30  30  30  32  32  22  22  14  14  10  10  10  22  22  32  32  32  32  36  36  36  36  28  28  22  22  22  20  22  22  22  28  28  28  36  36  36  42  42  42  36  32  32  32  32  30  30  30  30  36  36  36  36  42  42  42  50  50  50  45  45  40  41  41  45  50  50  50  58  54  54  51  50  51  58  58  
32  14  14  10  10  22  30  30  20  20  20  10   0   0   0   0   0  10  10  10  10  10  20  20  30  30  30  32  32  22  22  14  14  10  10  10  22  22  32  32  32  32  36  36  36  36  28  28  22  22  22  20  22  22  22  28  28  28  36  36  36  42  42  42  36  32  32  32  32  30  30  30  30  36  36  36  36  42  42  42  50  50  50  45  45  40  41  41  45  50  50  50  58  54  54  51  50  51  58  58  
41  22  22  14  14  14  40  40  30  30  30  20  10  10  10  10  10   0   0   0   0   0  10  10  20  20  20  41  41  32  32  22  22  14  14  14  14  14  22  22  22  22  45  45  45  45  36  36  28  28  28  22  20  20  20  22  22  22  28  28  28  50  50  50  42  36  36  36  36  32  32  32  32  32  32  32  32  36  36  36  57  57  57  50  50  41  40  40  41  45  45  45  64  58  58  54  51  50  54  54  
41  22  22  14  14  14  40  40  30  30  30  20  10  10  10  10  10   0   0   0   0   0  10  10  20  20  20  41  41  32  32  22  22  14  14  14  14  14  22  22  22  22  45  45  45  45  36  36  28  28  28  22  20  20  20  22  22  22  28  28  28  50  50  50  42  36  36  36  36  32  32  32  32  32  32  32  32  36  36  36  57  57  57  50  50  41  40  40  41  45  45  45  64  58  58  54  51  50  54  54  
41  22  22  14  14  14  40  40  30  30  30  20  10  10  10  10  10   0   0   0   0   0  10  10  20  20  20  41  41  32  32  22  22  14  14  14  14  14  22  22  22  22  45  45  45  45  36  36  28  28  28  22  20  20  20  22  22  22  28  28  28  50  50  50  42  36  36  36  36  32  32  32  32  32  32  32  32  36  36  36  57  57  57  50  50  41  40  40  41  45  45  45  64  58  58  54  51  50  54  54  
41  22  22  14  14  14  40  40  30  30  30  20  10  10  10  10  10   0   0   0   0   0  10  10  20  20  20  41  41  32  32  22  22  14  14  14  14  14  22  22  22  22  45  45  45  45  36  36  28  28  28  22  20  20  20  22  22  22  28  28  28  50  50  50  42  36  36  36  36  32  32  32  32  32  32  32  32  36  36  36  57  57  57  50  50  41  40  40  41  45  45  45  64  58  58  54  51  50  54  54  
41  22  22  14  14  14  40  40  30  30  30  20  10  10  10  10  10   0   0   0   0   0  10  10  20  20  20  41  41  32  32  22  22  14  14  14  14  14  22  22  22  22  45  45  45  45  36  36  28  28  28  22  20  20  20  22  22  22  28  28  28  50  50  50  42  36  36  36  36  32  32  32  32  32  32  32  32  36  36  36  57  57  57  50  50  41  40  40  41  45  45  45  64  58  58  54  51  50  54  54  
51  32  32  22  22  10  50  50  40  40  40  30  20  20  20  20  20  10  10  10  10  10   0   0  10  10  10  51  51  41  41  32  32  22  22  22  10  10  14  14  14  14  54  54  54  54  45  45  36  36  36  28  22  22  22  20  20  20  22  22  22  58  58  58  50  42  42  42  42  36  36  36  36  30  30  30  30  32  32  32  64  64  64  57  57  45  41  41  40  41  41  41  71  64  64  58  54  51  51  51  
51  32  32  22  22  10  50  50  40  40  40  30  20  20  20  20  20  10  10  10  10  10   0   0  10  10  10  51  51  41  41  32  32  22  22  22  10  10  14  14  14  14  54  54  54  54  45  45  36  36  36  28  22  22  22  20  20  20  22  22  22  58  58  58  50  42  42  42  42  36  36  36  36  30  30  30  30  32  32  32  64  64  64  57  57  45  41  41  40  41  41  41  71  64  64  58  54  51  51  51  
61  41  41  32  32  14  60  60  50  50  50  40  30  30  30  30  30  20  20  20  20  20  10  10   0   0   0  61  61  51  51  41  41  32  32  32  14  14  10  10  10  10  63  63  63  63  54  54  45  45  45  36  28  28  28  22  22  22  20  20  20  67  67  67  58  50  50  50  50  42  42  42  42  32  32  32  32  30  30  30  72  72  72  64  64  50  45  45  41  40  40  40  78  71  71  64  58  54  50  50  
61  41  41  32  32  14  60  60  50  50  50  40  30  30  30  30  30  20  20  20  20  20  10  10   0   0   0  61  61  51  51  41  41  32  32  32  14  14  10  10  10  10  63  63  63  63  54  54  45  45  45  36  28  28  28  22  22  22  20  20  20  67  67  67  58  50  50  50  50  42  42  42  42  32  32  32  32  30  30  30  72  72  72  64  64  50  45  45  41  40  40  40  78  71  71  64  58  54  50  50  
61  41  41  32  32  14  60  60  50  50  50  40  30  30  30  30  30  20  20  20  20  20  10  10   0   0   0  61  61  51  51  41  41  32  32  32  14  14  10  10  10  10  63  63  63  63  54  54  45  45  45  36  28  28  28  22  22  22  20  20  20  67  67  67  58  50  50  50  50  42  42  42  42  32  32  32  32  30  30  30  72  72  72  64  64  50  45  45  41  40  40  40  78  71  71  64  58  54  50  50  
20  28  28  36  36  54  10  10  14  14  14  22  32  32  32  32  32  41  41  41  41  41  51  51  61  61  61   0   0  10  10  20  20  30  30  30  50  50  60  60  60  60  10  10  10  10  14  14  22  22  22  32  41  41  41  51  51  51  61  61  61  20  20  20  22  28  28  28  28  36  36  36  36  54  54  54  54  63  63  63  30  30  30  32  32  42  50  50  58  67  67  67  40  41  41  45  50  57  72  72  
20  28  28  36  36  54  10  10  14  14  14  22  32  32  32  32  32  41  41  41  41  41  51  51  61  61  61   0   0  10  10  20  20  30  30  30  50  50  60  60  60  60  10  10  10  10  14  14  22  22  22  32  41  41  41  51  51  51  61  61  61  20  20  20  22  28  28  28  28  36  36  36  36  54  54  54  54  63  63  63  30  30  30  32  32  42  50  50  58  67  67  67  40  41  41  45  50  57  72  72  
22  22  22  28  28  45  14  14  10  10  10  14  22  22  22  22  22  32  32  32  32  32  41  41  51  51  51  10  10   0   0  10  10  20  20  20  40  40  50  50  50  50  14  14  14  14  10  10  14  14  14  22  32  32  32  41  41  41  51  51  51  22  22  22  20  22  22  22  22  28  28  28  28  45  45  45  45  54  54  54  32  32  32  30  30  36  42  42  50  58  58  58  41  40  40  41  45  50  64  64  
22  22  22  28  28  45  14  14  10  10  10  14  22  22  22  22  22  32  32  32  32  32  41  41  51  51  51  10  10   0   0  10  10  20  20  20  40  40  50  50  50  50  14  14  14  14  10  10  14  14  14  22  32  32  32  41  41  41  51  51  51  22  22  22  20  22  22  22  22  28  28  28  28  45  45  45  45  54  54  54  32  32  32  30  30  36  42  42  50  58  58  58  41  40  40  41  45  50  64  64  
28  20  20  22  22  36  22  22  14  14  14  10  14  14  14  14  14  22  22  22  22  22  32  32  41  41  41  20  20  10  10   0   0  10  10  10  30  30  40  40  40  40  22  22  22  22  14  14  10  10  10  14  22  22  22  32  32  32  41  41  41  28  28  28  22  20  20  20  20  22  22  22  22  36  36  36  36  45  45  45  36  36  36  32  32  32  36  36  42  50  50  50  45  41  41  40  41  45  57  57  
28  20  20  22  22  36  22  22  14  14  14  10  14  14  14  14  14  22  22  22  22  22  32  32  41  41  41  20  20  10  10   0   0  10  10  10  30  30  40  40  40  40  22  22  22  22  14  14  10  10  10  14  22  22  22  32  32  32  41  41  41  28  28  28  22  20  20  20  20  22  22  22  22  36  36  36  36  45  45  45  36  36  36  32  32  32  36  36  42  50  50  50  45  41  41  40  41  45  57  57  
36  22  22  20  20  28  32  32  22  22  22  14  10  10  10  10  10  14  14  14  14  14  22  22  32  32  32  30  30  20  20  10  10   0   0   0  20  20  30  30  30  30  32  32  32  32  22  22  14  14  14  10  14  14  14  22  22  22  32  32  32  36  36  36  28  22  22  22  22  20  20  20  20  28  28  28  28  36  36  36  42  42  42  36  36  30  32  32  36  42  42  42  50  45  45  41  40  41  50  50  
36  22  22  20  20  28  32  32  22  22  22  14  10  10  10  10  10  14  14  14  14  14  22  22  32  32  32  30  30  20  20  10  10   0   0   0  20  20  30  30  30  30  32  32  32  32  22  22  14  14  14  10  14  14  14  22  22  22  32  32  32  36  36  36  28  22  22  22  22  20  20  20  20  28  28  28  28  36  36  36  42  42  42  36  36  30  32  32  36  42  42  42  50  45  45  41  40  41  50  50  
36  22  22  20  20  28  32  32  22  22  22  14  10  10  10  10  10  14  14  14  14  14  22  22  32  32  32  30  30  20  20  10  10   0   0   0  20  20  30  30  30  30  32  32  32  32  22  22  14  14  14  10  14  14  14  22  22  22  32  32  32  36  36  36  28  22  22  22  22  20  20  20  20  28  28  28  28  36  36  36  42  42  42  36  36  30  32  32  36  42  42  42  50  45  45  41  40  41  50  50  
54  36  36  28  28  20  51  51  41  41  41  32  22  22  22  22  22  14  14  14  14  14  10  10  14  14  14  50  50  40  40  30  30  20  20  20   0   0  10  10  10  10  51  51  51  51  41  41  32  32  32  22  14  14  14  10  10  10  14  14  14  54  54  54  45  36  36  36  36  28  28  28  28  20  20  20  20  22  22  22  58  58  58  50  50  36  32  32  30  32  32  32  64  57  57  50  45  41  41  41  
54  36  36  28  28  20  51  51  41  41  41  32  22  22  22  22  22  14  14  14  14  14  10  10  14  14  14  50  50  40  40  30  30  20  20  20   0   0  10  10  10  10  51  51  51  51  41  41  32  32  32  22  14  14  14  10  10  10  14  14  14  54  54  54  45  36  36  36  36  28  28  28  28  20  20  20  20  22  22  22  58  58  58  50  50  36  32  32  30  32  32  32  64  57  57  50  45  41  41  41  
63  45  45  36  36  22  61  61  51  51  51  41  32  32  32  32  32  22  22  22  22  22  14  14  10  10  10  60  60  50  50  40  40  30  30  30  10  10   0   0   0   0  61  61  61  61  51  51  41  41  41  32  22  22  22  14  14  14  10  10  10  63  63  63  54  45  45  45  45  36  36  36  36  22  22  22  22  20  20  20  67  67  67  58  58  42  36  36  32  30  30  30  72  64  64  57  50  45  40  40  
63  45  45  36  36  22  61  61  51  51  51  41  32  32  32  32  32  22  22  22  22  22  14  14  10  10  10  60  60  50  50  40  40  30  30  30  10  10   0   0   0   0  61  61  61  61  51  51  41  41  41  32  22  22  22  14  14  14  10  10  10  63  63  63  54  45  45  45  45  36  36  36  36  22  22  22  22  20  20  20  67  67  67  58  58  42  36  36  32  30  30  30  72  64  64  57  50  45  40  40  
63  45  45  36  36  22  61  61  51  51  51  41  32  32  32  32  32  22  22  22  22  22  14  14  10  10  10  60  60  50  50  40  40  30  30  30  10  10   0   0   0   0  61  61  61  61  51  51  41  41  41  32  22  22  22  14  14  14  10  10  10  63  63  63  54  45  45  45  45  36  36  36  36  22  22  22  22  20  20  20  67  67  67  58  58  42  36  36  32  30  30  30  72  64  64  57  50  45  40  40  
63  45  45  36  36  22  61  61  51  51  51  41  32  32  32  32  32  22  22  22  22  22  14  14  10  10  10  60  60  50  50  40  40  30  30  30  10  10   0   0   0   0  61  61  61  61  51  51  41  41  41  32  22  22  22  14  14  14  10  10  10  63  63  63  54  45  45  45  45  36  36  36  36  22  22  22  22  20  20  20  67  67  67  58  58  42  36  36  32  30  30  30  72  64  64  57  50  45  40  40  
30  36  36  42  42  58  20  20  22  22  22  28  36  36  36  36  36  45  45  45  45  45  54  54  63  63  63  10  10  14  14  22  22  32  32  32  51  51  61  61  61  61   0   0   0   0  10  10  20  20  20  30  40  40  40  50  50  50  60  60  60  10  10  10  14  22  22  22  22  32  32  32  32  51  51  51  51  61  61  61  20  20  20  22  22  36  45  45  54  63  63  63  30  32  32  36  42  50  67  67  
30  36  36  42  42  58  20  20  22  22  22  28  36  36  36  36  36  45  45  45  45  45  54  54  63  63  63  10  10  14  14  22  22  32  32  32  51  51  61  61  61  61   0   0   0   0  10  10  20  20  20  30  40  40  40  50  50  50  60  60  60  10  10  10  14  22  22  22  22  32  32  32  32  51  51  51  51  61  61  61  20  20  20  22  22  36  45  45  54  63  63  63  30  32  32  36  42  50  67  67  
30  36  36  42  42  58  20  20  22  22  22  28  36  36  36  36  36  45  45  45  45  45  54  54  63  63  63  10  10  14  14  22  22  32  32  32  51  51  61  61  61  61   0   0   0   0  10  10  20  20  20  30  40  40  40  50  50  50  60  60  60  10  10  10  14  22  22  22  22  32  32  32  32  51  51  51  51  61  61  61  20  20  20  22  22  36  45  45  54  63  63  63  30  32  32  36  42  50  67  67  
30  36  36  42  42  58  20  20  22  22  22  28  36  36  36  36  36  45  45  45  45  45  54  54  63  63  63  10  10  14  14  22  22  32  32  32  51  51  61  61  61  61   0   0   0   0  10  10  20  20  20  30  40  40  40  50  50  50  60  60  60  10  10  10  14  22  22  22  22  32  32  32  32  51  51  51  51  61  61  61  20  20  20  22  22  36  45  45  54  63  63  63  30  32  32  36  42  50  67  67  
32  32  32  36  36  50  22  22  20  20  20  22  28  28  28  28  28  36  36  36  36  36  45  45  54  54  54  14  14  10  10  14  14  22  22  22  41  41  51  51  51  51  10  10  10  10   0   0  10  10  10  20  30  30  30  40  40  40  50  50  50  14  14  14  10  14  14  14  14  22  22  22  22  41  41  41  41  51  51  51  22  22  22  20  20  28  36  36  45  54  54  54  32  30  30  32  36  42  58  58  
32  32  32  36  36  50  22  22  20  20  20  22  28  28  28  28  28  36  36  36  36  36  45  45  54  54  54  14  14  10  10  14  14  22  22  22  41  41  51  51  51  51  10  10  10  10   0   0  10  10  10  20  30  30  30  40  40  40  50  50  50  14  14  14  10  14  14  14  14  22  22  22  22  41  41  41  41  51  51  51  22  22  22  20  20  28  36  36  45  54  54  54  32  30  30  32  36  42  58  58  
36  30  30  32  32  42  28  28  22  22  22  20  22  22  22  22  22  28  28  28  28  28  36  36  45  45  45  22  22  14  14  10  10  14  14  14  32  32  41  41  41  41  20  20  20  20  10  10   0   0   0  10  20  20  20  30  30  30  40  40  40  22  22  22  14  10  10  10  10  14  14  14  14  32  32  32  32  41  41  41  28  28  28  22  22  22  28  28  36  45  45  45  36  32  32  30  32  36  50  50  
36  30  30  32  32  42  28  28  22  22  22  20  22  22  22  22  22  28  28  28  28  28  36  36  45  45  45  22  22  14  14  10  10  14  14  14  32  32  41  41  41  41  20  20  20  20  10  10   0   0   0  10  20  20  20  30  30  30  40  40  40  22  22  22  14  10  10  10  10  14  14  14  14  32  32  32  32  41  41  41  28  28  28  22  22  22  28  28  36  45  45  45  36  32  32  30  32  36  50  50  
36  30  30  32  32  42  28  28  22  22  22  20  22  22  22  22  22  28  28  28  28  28  36  36  45  45  45  22  22  14  14  10  10  14  14  14  32  32  41  41  41  41  20  20  20  20  10  10   0   0   0  10  20  20  20  30  30  30  40  40  40  22  22  22  14  10  10  10  10  14  14  14  14  32  32  32  32  41  41  41  28  28  28  22  22  22  28  28  36  45  45  45  36  32  32  30  32  36  50  50  
42  32  32  30  30  36  36  36  28  28  28  22  20  20  20  20  20  22  22  22  22  22  28  28  36  36  36  32  32  22  22  14  14  10  10  10  22  22  32  32  32  32  30  30  30  30  20  20  10  10  10   0  10  10  10  20  20  20  30  30  30  32  32  32  22  14  14  14  14  10  10  10  10  22  22  22  22  32  32  32  36  36  36  28  28  20  22  22  28  36  36  36  42  36  36  32  30  32  42  42  
50  36  36  32  32  32  45  45  36  36  36  28  22  22  22  22  22  20  20  20  20  20  22  22  28  28  28  41  41  32  32  22  22  14  14  14  14  14  22  22  22  22  40  40  40  40  30  30  20  20  20  10   0   0   0  10  10  10  20  20  20  41  41  41  32  22  22  22  22  14  14  14  14  14  14  14  14  22  22  22  45  45  45  36  36  22  20  20  22  28  28  28  50  42  42  36  32  30  36  36  
50  36  36  32  32  32  45  45  36  36  36  28  22  22  22  22  22  20  20  20  20  20  22  22  28  28  28  41  41  32  32  22  22  14  14  14  14  14  22  22  22  22  40  40  40  40  30  30  20  20  20  10   0   0   0  10  10  10  20  20  20  41  41  41  32  22  22  22  22  14  14  14  14  14  14  14  14  22  22  22  45  45  45  36  36  22  20  20  22  28  28  28  50  42  42  36  32  30  36  36  
50  36  36  32  32  32  45  45  36  36  36  28  22  22  22  22  22  20  20  20  20  20  22  22  28  28  28  41  41  32  32  22  22  14  14  14  14  14  22  22  22  22  40  40  40  40  30  30  20  20  20  10   0   0   0  10  10  10  20  20  20  41  41  41  32  22  22  22  22  14  14  14  14  14  14  14  14  22  22  22  45  45  45  36  36  22  20  20  22  28  28  28  50  42  42  36  32  30  36  36  
58  42  42  36  36  30  54  54  45  45  45  36  28  28  28  28  28  22  22  22  22  22  20  20  22  22  22  51  51  41  41  32  32  22  22  22  10  10  14  14  14  14  50  50  50  50  40  40  30  30  30  20  10  10  10   0   0   0  10  10  10  51  51  51  41  32  32  32  32  22  22  22  22  10  10  10  10  14  14  14  54  54  54  45  45  28  22  22  20  22  22  22  58  50  50  42  36  32  32  32  
58  42  42  36  36  30  54  54  45  45  45  36  28  28  28  28  28  22  22  22  22  22  20  20  22  22  22  51  51  41  41  32  32  22  22  22  10  10  14  14  14  14  50  50  50  50  40  40  30  30  30  20  10  10  10   0   0   0  10  10  10  51  51  51  41  32  32  32  32  22  22  22  22  10  10  10  10  14  14  14  54  54  54  45  45  28  22  22  20  22  22  22  58  50  50  42  36  32  32  32  
58  42  42  36  36  30  54  54  45  45  45  36  28  28  28  28  28  22  22  22  22  22  20  20  22  22  22  51  51  41  41  32  32  22  22  22  10  10  14  14  14  14  50  50  50  50  40  40  30  30  30  20  10  10  10   0   0   0  10  10  10  51  51  51  41  32  32  32  32  22  22  22  22  10  10  10  10  14  14  14  54  54  54  45  45  28  22  22  20  22  22  22  58  50  50  42  36  32  32  32  
67  50  50  42  42  32  63  63  54  54  54  45  36  36  36  36  36  28  28  28  28  28  22  22  20  20  20  61  61  51  51  41  41  32  32  32  14  14  10  10  10  10  60  60  60  60  50  50  40  40  40  30  20  20  20  10  10  10   0   0   0  61  61  61  51  41  41  41  41  32  32  32  32  14  14  14  14  10  10  10  63  63  63  54  54  36  28  28  22  20  20  20  67  58  58  50  42  36  30  30  
67  50  50  42  42  32  63  63  54  54  54  45  36  36  36  36  36  28  28  28  28  28  22  22  20  20  20  61  61  51  51  41  41  32  32  32  14  14  10  10  10  10  60  60  60  60  50  50  40  40  40  30  20  20  20  10  10  10   0   0   0  61  61  61  51  41  41  41  41  32  32  32  32  14  14  14  14  10  10  10  63  63  63  54  54  36  28  28  22  20  20  20  67  58  58  50  42  36  30  30  
67  50  50  42  42  32  63  63  54  54  54  45  36  36  36  36  36  28  28  28  28  28  22  22  20  20  20  61  61  51  51  41  41  32  32  32  14  14  10  10  10  10  60  60  60  60  50  50  40  40  40  30  20  20  20  10  10  10   0   0   0  61  61  61  51  41  41  41  41  32  32  32  32  14  14  14  14  10  10  10  63  63  63  54  54  36  28  28  22  20  20  20  67  58  58  50  42  36  30  30  
40  45  45  50  50  64  30  30  32  32  32  36  42  42  42  42  42  50  50  50  50  50  58  58  67  67  67  20  20  22  22  28  28  36  36  36  54  54  63  63  63  63  10  10  10  10  14  14  22  22  22  32  41  41  41  51  51  51  61  61  61   0   0   0  10  20  20  20  20  30  30  30  30  50  50  50  50  60  60  60  10  10  10  14  14  32  41  41  51  61  61  61  20  22  22  28  36  45  63  63  
40  45  45  50  50  64  30  30  32  32  32  36  42  42  42  42  42  50  50  50  50  50  58  58  67  67  67  20  20  22  22  28  28  36  36  36  54  54  63  63  63  63  10  10  10  10  14  14  22  22  22  32  41  41  41  51  51  51  61  61  61   0   0   0  10  20  20  20  20  30  30  30  30  50  50  50  50  60  60  60  10  10  10  14  14  32  41  41  51  61  61  61  20  22  22  28  36  45  63  63  
40  45  45  50  50  64  30  30  32  32  32  36  42  42  42  42  42  50  50  50  50  50  58  58  67  67  67  20  20  22  22  28  28  36  36  36  54  54  63  63  63  63  10  10  10  10  14  14  22  22  22  32  41  41  41  51  51  51  61  61  61   0   0   0  10  20  20  20  20  30  30  30  30  50  50  50  50  60  60  60  10  10  10  14  14  32  41  41  51  61  61  61  20  22  22  28  36  45  63  63  
41  41  41  45  45  57  32  32  30  30  30  32  36  36  36  36  36  42  42  42  42  42  50  50  58  58  58  22  22  20  20  22  22  28  28  28  45  45  54  54  54  54  14  14  14  14  10  10  14  14  14  22  32  32  32  41  41  41  51  51  51  10  10  10   0  10  10  10  10  20  20  20  20  40  40  40  40  50  50  50  14  14  14  10  10  22  32  32  41  51  51  51  22  20  20  22  28  36  54  54  
45  40  40  41  41  50  36  36  32  32  32  30  32  32  32  32  32  36  36  36  36  36  42  42  50  50  50  28  28  22  22  20  20  22  22  22  36  36  45  45  45  45  22  22  22  22  14  14  10  10  10  14  22  22  22  32  32  32  41  41  41  20  20  20  10   0   0   0   0  10  10  10  10  30  30  30  30  40  40  40  22  22  22  14  14  14  22  22  32  41  41  41  28  22  22  20  22  28  45  45  
45  40  40  41  41  50  36  36  32  32  32  30  32  32  32  32  32  36  36  36  36  36  42  42  50  50  50  28  28  22  22  20  20  22  22  22  36  36  45  45  45  45  22  22  22  22  14  14  10  10  10  14  22  22  22  32  32  32  41  41  41  20  20  20  10   0   0   0   0  10  10  10  10  30  30  30  30  40  40  40  22  22  22  14  14  14  22  22  32  41  41  41  28  22  22  20  22  28  45  45  
45  40  40  41  41  50  36  36  32  32  32  30  32  32  32  32  32  36  36  36  36  36  42  42  50  50  50  28  28  22  22  20  20  22  22  22  36  36  45  45  45  45  22  22  22  22  14  14  10  10  10  14  22  22  22  32  32  32  41  41  41  20  20  20  10   0   0   0   0  10  10  10  10  30  30  30  30  40  40  40  22  22  22  14  14  14  22  22  32  41  41  41  28  22  22  20  22  28  45  45  
45  40  40  41  41  50  36  36  32  32  32  30  32  32  32  32  32  36  36  36  36  36  42  42  50  50  50  28  28  22  22  20  20  22  22  22  36  36  45  45  45  45  22  22  22  22  14  14  10  10  10  14  22  22  22  32  32  32  41  41  41  20  20  20  10   0   0   0   0  10  10  10  10  30  30  30  30  40  40  40  22  22  22  14  14  14  22  22  32  41  41  41  28  22  22  20  22  28  45  45  
50  41  41  40  40  45  42  42  36  36  36  32  30  30  30  30  30  32  32  32  32  32  36  36  42  42  42  36  36  28  28  22  22  20  20  20  28  28  36  36  36  36  32  32  32  32  22  22  14  14  14  10  14  14  14  22  22  22  32  32  32  30  30  30  20  10  10  10  10   0   0   0   0  20  20  20  20  30  30  30  32  32  32  22  22  10  14  14  22  32  32  32  36  28  28  22  20  22  36  36  
50  41  41  40  40  45  42  42  36  36  36  32  30  30  30  30  30  32  32  32  32  32  36  36  42  42  42  36  36  28  28  22  22  20  20  20  28  28  36  36  36  36  32  32  32  32  22  22  14  14  14  10  14  14  14  22  22  22  32  32  32  30  30  30  20  10  10  10  10   0   0   0   0  20  20  20  20  30  30  30  32  32  32  22  22  10  14  14  22  32  32  32  36  28  28  22  20  22  36  36  
50  41  41  40  40  45  42  42  36  36  36  32  30  30  30  30  30  32  32  32  32  32  36  36  42  42  42  36  36  28  28  22  22  20  20  20  28  28  36  36  36  36  32  32  32  32  22  22  14  14  14  10  14  14  14  22  22  22  32  32  32  30  30  30  20  10  10  10  10   0   0   0   0  20  20  20  20  30  30  30  32  32  32  22  22  10  14  14  22  32  32  32  36  28  28  22  20  22  36  36  
50  41  41  40  40  45  42  42  36  36  36  32  30  30  30  30  30  32  32  32  32  32  36  36  42  42  42  36  36  28  28  22  22  20  20  20  28  28  36  36  36  36  32  32  32  32  22  22  14  14  14  10  14  14  14  22  22  22  32  32  32  30  30  30  20  10  10  10  10   0   0   0   0  20  20  20  20  30  30  30  32  32  32  22  22  10  14  14  22  32  32  32  36  28  28  22  20  22  36  36  
64  50  50  45  45  40  58  58  50  50  50  42  36  36  36  36  36  32  32  32  32  32  30  30  32  32  32  54  54  45  45  36  36  28  28  28  20  20  22  22  22  22  51  51  51  51  41  41  32  32  32  22  14  14  14  10  10  10  14  14  14  50  50  50  40  30  30  30  30  20  20  20  20   0   0   0   0  10  10  10  51  51  51  41  41  22  14  14  10  14  14  14  54  45  45  36  28  22  22  22  
64  50  50  45  45  40  58  58  50  50  50  42  36  36  36  36  36  32  32  32  32  32  30  30  32  32  32  54  54  45  45  36  36  28  28  28  20  20  22  22  22  22  51  51  51  51  41  41  32  32  32  22  14  14  14  10  10  10  14  14  14  50  50  50  40  30  30  30  30  20  20  20  20   0   0   0   0  10  10  10  51  51  51  41  41  22  14  14  10  14  14  14  54  45  45  36  28  22  22  22  
64  50  50  45  45  40  58  58  50  50  50  42  36  36  36  36  36  32  32  32  32  32  30  30  32  32  32  54  54  45  45  36  36  28  28  28  20  20  22  22  22  22  51  51  51  51  41  41  32  32  32  22  14  14  14  10  10  10  14  14  14  50  50  50  40  30  30  30  30  20  20  20  20   0   0   0   0  10  10  10  51  51  51  41  41  22  14  14  10  14  14  14  54  45  45  36  28  22  22  22  
64  50  50  45  45  40  58  58  50  50  50  42  36  36  36  36  36  32  32  32  32  32  30  30  32  32  32  54  54  45  45  36  36  28  28  28  20  20  22  22  22  22  51  51  51  51  41  41  32  32  32  22  14  14  14  10  10  10  14  14  14  50  50  50  40  30  30  30  30  20  20  20  20   0   0   0   0  10  10  10  51  51  51  41  41  22  14  14  10  14  14  14  54  45  45  36  28  22  22  22  
72  57  57  50  50  41  67  67  58  58  58  50  42  42  42  42  42  36  36  36  36  36  32  32  30  30  30  63  63  54  54  45  45  36  36  36  22  22  20  20  20  20  61  61  61  61  51  51  41  41  41  32  22  22  22  14  14  14  10  10  10  60  60  60  50  40  40  40  40  30  30  30  30  10  10  10  10   0   0   0  61  61  61  51  51  32  22  22  14  10  10  10  63  54  54  45  36  28  20  20  
72  57  57  50  50  41  67  67  58  58  58  50  42  42  42  42  42  36  36  36  36  36  32  32  30  30  30  63  63  54  54  45  45  36  36  36  22  22  20  20  20  20  61  61  61  61  51  51  41  41  41  32  22  22  22  14  14  14  10  10  10  60  60  60  50  40  40  40  40  30  30  30  30  10  10  10  10   0   0   0  61  61  61  51  51  32  22  22  14  10  10  10  63  54  54  45  36  28  20  20  
72  57  57  50  50  41  67  67  58  58  58  50  42  42  42  42  42  36  36  36  36  36  32  32  30  30  30  63  63  54  54  45  45  36  36  36  22  22  20  20  20  20  61  61  61  61  51  51  41  41  41  32  22  22  22  14  14  14  10  10  10  60  60  60  50  40  40  40  40  30  30  30  30  10  10  10  10   0   0   0  61  61  61  51  51  32  22  22  14  10  10  10  63  54  54  45  36  28  20  20  
50  54  54  58  58  71  40  40  41  41  41  45  50  50  50  50  50  57  57  57  57  57  64  64  72  72  72  30  30  32  32  36  36  42  42  42  58  58  67  67  67  67  20  20  20  20  22  22  28  28  28  36  45  45  45  54  54  54  63  63  63  10  10  10  14  22  22  22  22  32  32  32  32  51  51  51  51  61  61  61   0   0   0  10  10  30  40  40  50  60  60  60  10  14  14  22  32  41  61  61  
50  54  54  58  58  71  40  40  41  41  41  45  50  50  50  50  50  57  57  57  57  57  64  64  72  72  72  30  30  32  32  36  36  42  42  42  58  58  67  67  67  67  20  20  20  20  22  22  28  28  28  36  45  45  45  54  54  54  63  63  63  10  10  10  14  22  22  22  22  32  32  32  32  51  51  51  51  61  61  61   0   0   0  10  10  30  40  40  50  60  60  60  10  14  14  22  32  41  61  61  
50  54  54  58  58  71  40  40  41  41  41  45  50  50  50  50  50  57  57  57  57  57  64  64  72  72  72  30  30  32  32  36  36  42  42  42  58  58  67  67  67  67  20  20  20  20  22  22  28  28  28  36  45  45  45  54  54  54  63  63  63  10  10  10  14  22  22  22  22  32  32  32  32  51  51  51  51  61  61  61   0   0   0  10  10  30  40  40  50  60  60  60  10  14  14  22  32  41  61  61  
51  51  51  54  54  64  41  41  40  40  40  41  45  45  45  45  45  50  50  50  50  50  57  57  64  64  64  32  32  30  30  32  32  36  36  36  50  50  58  58  58  58  22  22  22  22  20  20  22  22  22  28  36  36  36  45  45  45  54  54  54  14  14  14  10  14  14  14  14  22  22  22  22  41  41  41  41  51  51  51  10  10  10   0   0  20  30  30  40  50  50  50  14  10  10  14  22  32  51  51  
51  51  51  54  54  64  41  41  40  40  40  41  45  45  45  45  45  50  50  50  50  50  57  57  64  64  64  32  32  30  30  32  32  36  36  36  50  50  58  58  58  58  22  22  22  22  20  20  22  22  22  28  36  36  36  45  45  45  54  54  54  14  14  14  10  14  14  14  14  22  22  22  22  41  41  41  41  51  51  51  10  10  10   0   0  20  30  30  40  50  50  50  14  10  10  14  22  32  51  51  
58  51  51  50  50  54  50  50  45  45  45  41  40  40  40  40  40  41  41  41  41  41  45  45  50  50  50  42  42  36  36  32  32  30  30  30  36  36  42  42  42  42  36  36  36  36  28  28  22  22  22  20  22  22  22  28  28  28  36  36  36  32  32  32  22  14  14  14  14  10  10  10  10  22  22  22  22  32  32  32  30  30  30  20  20   0  10  10  20  30  30  30  32  22  22  14  10  14  32  32  
64  54  54  51  51  51  57  57  50  50  50  45  41  41  41  41  41  40  40  40  40  40  41  41  45  45  45  50  50  42  42  36  36  32  32  32  32  32  36  36  36  36  45  45  45  45  36  36  28  28  28  22  20  20  20  22  22  22  28  28  28  41  41  41  32  22  22  22  22  14  14  14  14  14  14  14  14  22  22  22  40  40  40  30  30  10   0   0  10  20  20  20  41  32  32  22  14  10  22  22  
64  54  54  51  51  51  57  57  50  50  50  45  41  41  41  41  41  40  40  40  40  40  41  41  45  45  45  50  50  42  42  36  36  32  32  32  32  32  36  36  36  36  45  45  45  45  36  36  28  28  28  22  20  20  20  22  22  22  28  28  28  41  41  41  32  22  22  22  22  14  14  14  14  14  14  14  14  22  22  22  40  40  40  30  30  10   0   0  10  20  20  20  41  32  32  22  14  10  22  22  
71  58  58  54  54  50  64  64  57  57  57  50  45  45  45  45  45  41  41  41  41  41  40  40  41  41  41  58  58  50  50  42  42  36  36  36  30  30  32  32  32  32  54  54  54  54  45  45  36  36  36  28  22  22  22  20  20  20  22  22  22  51  51  51  41  32  32  32  32  22  22  22  22  10  10  10  10  14  14  14  50  50  50  40  40  20  10  10   0  10  10  10  51  41  41  32  22  14  14  14  
78  64  64  58  58  51  72  72  64  64  64  57  50  50  50  50  50  45  45  45  45  45  41  41  40  40  40  67  67  58  58  50  50  42  42  42  32  32  30  30  30  30  63  63  63  63  54  54  45  45  45  36  28  28  28  22  22  22  20  20  20  61  61  61  51  41  41  41  41  32  32  32  32  14  14  14  14  10  10  10  60  60  60  50  50  30  20  20  10   0   0   0  61  51  51  41  32  22  10  10  
78  64  64  58  58  51  72  72  64  64  64  57  50  50  50  50  50  45  45  45  45  45  41  41  40  40  40  67  67  58  58  50  50  42  42  42  32  32  30  30  30  30  63  63  63  63  54  54  45  45  45  36  28  28  28  22  22  22  20  20  20  61  61  61  51  41  41  41  41  32  32  32  32  14  14  14  14  10  10  10  60  60  60  50  50  30  20  20  10   0   0   0  61  51  51  41  32  22  10  10  
78  64  64  58  58  51  72  72  64  64  64  57  50  50  50  50  50  45  45  45  45  45  41  41  40  40  40  67  67  58  58  50  50  42  42  42  32  32  30  30  30  30  63  63  63  63  54  54  45  45  45  36  28  28  28  22  22  22  20  20  20  61  61  61  51  41  41  41  41  32  32  32  32  14  14  14  14  10  10  10  60  60  60  50  50  30  20  20  10   0   0   0  61  51  51  41  32  22  10  10  
60  63  63  67  67  78  50  50  51  51  51  54  58  58  58  58  58  64  64  64  64  64  71  71  78  78  78  40  40  41  41  45  45  50  50  50  64  64  72  72  72  72  30  30  30  30  32  32  36  36  36  42  50  50  50  58  58  58  67  67  67  20  20  20  22  28  28  28  28  36  36  36  36  54  54  54  54  63  63  63  10  10  10  14  14  32  41  41  51  61  61  61   0  10  10  20  30  40  60  60  
61  61  61  63  63  72  51  51  50  50  50  51  54  54  54  54  54  58  58  58  58  58  64  64  71  71  71  41  41  40  40  41  41  45  45  45  57  57  64  64  64  64  32  32  32  32  30  30  32  32  32  36  42  42  42  50  50  50  58  58  58  22  22  22  20  22  22  22  22  28  28  28  28  45  45  45  45  54  54  54  14  14  14  10  10  22  32  32  41  51  51  51  10   0   0  10  20  30  50  50  
61  61  61  63  63  72  51  51  50  50  50  51  54  54  54  54  54  58  58  58  58  58  64  64  71  71  71  41  41  40  40  41  41  45  45  45  57  57  64  64  64  64  32  32  32  32  30  30  32  32  32  36  42  42  42  50  50  50  58  58  58  22  22  22  20  22  22  22  22  28  28  28  28  45  45  45  45  54  54  54  14  14  14  10  10  22  32  32  41  51  51  51  10   0   0  10  20  30  50  50  
63  60  60  61  61  67  54  54  51  51  51  50  51  51  51  51  51  54  54  54  54  54  58  58  64  64  64  45  45  41  41  40  40  41  41  41  50  50  57  57  57  57  36  36  36  36  32  32  30  30  30  32  36  36  36  42  42  42  50  50  50  28  28  28  22  20  20  20  20  22  22  22  22  36  36  36  36  45  45  45  22  22  22  14  14  14  22  22  32  41  41  41  20  10  10   0  10  20  40  40  
67  61  61  60  60  63  58  58  54  54  54  51  50  50  50  50  50  51  51  51  51  51  54  54  58  58  58  50  50  45  45  41  41  40  40  40  45  45  50  50  50  50  42  42  42  42  36  36  32  32  32  30  32  32  32  36  36  36  42  42  42  36  36  36  28  22  22  22  22  20  20  20  20  28  28  28  28  36  36  36  32  32  32  22  22  10  14  14  22  32  32  32  30  20  20  10   0  10  30  30  
72  63  63  61  61  61  64  64  58  58  58  54  51  51  51  51  51  50  50  50  50  50  51  51  54  54  54  57  57  50  50  45  45  41  41  41  41  41  45  45  45  45  50  50  50  50  42  42  36  36  36  32  30  30  30  32  32  32  36  36  36  45  45  45  36  28  28  28  28  22  22  22  22  22  22  22  22  28  28  28  41  41  41  32  32  14  10  10  14  22  22  22  40  30  30  20  10   0  20  20  
85  72  72  67  67  61  78  78  71  71  71  64  58  58  58  58  58  54  54  54  54  54  51  51  50  50  50  72  72  64  64  57  57  50  50  50  41  41  40  40  40  40  67  67  67  67  58  58  50  50  50  42  36  36  36  32  32  32  30  30  30  63  63  63  54  45  45  45  45  36  36  36  36  22  22  22  22  20  20  20  61  61  61  51  51  32  22  22  14  10  10  10  60  50  50  40  30  20   0   0  
85  72  72  67  67  61  78  78  71  71  71  64  58  58  58  58  58  54  54  54  54  54  51  51  50  50  50  72  72  64  64  57  57  50  50  50  41  41  40  40  40  40  67  67  67  67  58  58  50  50  50  42  36  36  36  32  32  32  30  30  30  63  63  63  54  45  45  45  45  36  36  36  36  22  22  22  22  20  20  20  61  61  61  51  51  32  22  22  14  10  10  10  60  50  50  40  30  20   0   0  

 0  25  38  28  25  31  31  20  25  19  21  28  19  25  16  25  31  22  25  25  34  25  19  25  25  19  25  25  25  19  25  25  25  25  28  22  25  30  25  25  40  25  25  25  16  25  25  25  25  21  25  25  25  29  25  25  25  21  29  22  16  25  35  25  25  28  21  24  25  21  19  25  25  25  40  25  31  25  29  25  30  25  29  29  21  28  25  25  25  23  19  34  34  25  16  25  25  25  25  25  
 0   0  25  25  25  26  22  27  25  23  25  25  25  25  31  29  26  25  23  25  25  26  15  26  25  25  15  25  25  25  29  25  25  35  10  25  25  25  35  25  25  26  24  25  25  26  25  25  25  26  25  25  25  25  25  24  25  15  25  25  15  29  25  25  25  24  16  25  25  25  29  25  16  25  25  35  25  27  25  25  23  35  25  25  25  25  24  25  26  35  25  25  25  25  29  34  25  24  25  25  
 0   0   0  22  21  23  19  17  25  27  26  19  39  28  25  25  26  20  25  17  33  25  25  25  25  38  17  33  25  31  25  12  35  22  29  28  25  33  29  29  21  28  25  25  20  11  38  25  25  36  29  25  25  21  25  28  10  32  24  28  29  32  15  25  17  22  29  22  29  29  31  25  25  25  19  29  26  17  22  25  37  33  21  22  29  19  25  16  25  35  36  25  25  17  18  33  25  25  29  25  
 0   0   0   0  25  25  25  25  16  25  25  13  25  25  25  34  25  37  25  25  17  33  14  25  25  25  25  25  16  16  33  17  25  25  28  37  25  25  25  25  25  25  25  34  33  25  33  34  25  25  25  17  17  16  25  25  25  34  25  28  37  25  25  25  25  22  25  22  25  25  25  25  25  25  25  25  33  25  25  25  16  25  25  25  25  28  16  25  25  25  25  34  25  25  25  25  25  16  25  25  
 0   0   0   0   0  29  25  30  25  26  25  26  20  25  30  25  25  25  25  25  25  25  23  25  25  25  26  25  25  25  25  17  25  25  20  29  25  26  24  26  25  25  20  30  25  25  30  25  30  20  29  24  30  25  24  28  18  25  30  25  20  28  25  20  25  27  23  18  37  26  25  25  25  25  30  29  25  25  21  25  25  25  25  29  20  25  24  24  20  25  25  26  19  30  27  30  25  28  25  26  
 0   0   0   0   0   0  26  29  35  35  25  25  31  25  25  25  18  25  25  25  25  24  15  24  25  31  25  19  25  31  19  25  19  25  10  25  25  21  21  31  13  24  36  25  31  24  25  25  31  24  21  25  25  25   9  26  29  25  25  31  31  21  19  25  25  26  24  29  27  25  31  25  24  25  19  21  19  25  29  25  25  25  19  27  25  25  32  29  24  31  31  19  25  25  25  26  25  26  25  19  
 0   0   0   0   0   0   0  27  25  29  25  25  31  30  20  25  20  25  27  25  25  26  25  26  25  31  25  31  25  36  31  25  31  25  18  25  25  25  25  20  25  26  24  25  19  26  25  25  19  26  25  25  25  25  36  24  25  25  25  19  31  25  19  30  25  24  26  20  19  25  31  25  26  25  19  25  19  27  25  25  23  30  31  19  25  13  18  25  26  31  31  31  25  20  20  24  25  24  25  31  
 0   0   0   0   0   0   0   0  25  18  30  36  25  20  11  25  25  25  28  30  34  25  13  25  25  32  24  32  25  25  26  38  20  30  25  26  25  45  29  32  34  25  42  20   9  25  25  25  18  27  29  19  20  21  26  22  24  29  21  25  30  35  21  20  25  23  31  23  21  35  25  30  25  25  31  34  23  28  12  24  45  20  26  25  22  25  31  18  20  21  32  33  35  26  19  20  25  22  18  24  
 0   0   0   0   0   0   0   0   0  25  25  16  25  25  25  34  25  34  25  25  25  25  35  25  25  25  25  25  16  16  25  25  25  25  35  34  25  25  25  15  25  25  15  34  25  25  25  34  25  25  25  25  25  16  35  25  25  34  25  25  34  25  25  25  25  25  25  25  25  25  25  25  25  25  25  25  25  25  25  25  16  25  25  25  25  25  16  25  25  25  25  34  25  25  25  25  25  16  25  25  
 0   0   0   0   0   0   0   0   0   0  29  27  19  30  25  25  31  25  32  25  25  20  25  23  25  12  23  24  25  24  30  30  25  30  27  20  25  33  38  29  31  25  30  24  20  25  26  25  18  30  29  29  20  28  25  25  17  25  25  21  25  27  25  25  26  31  25  23  26  25  20  30  29  25  28  27  31  29  24  27  24  25  30  29  30  31  20  16  30  19  17  27  25  25  20  20  16  27  25  25  
 0   0   0   0   0   0   0   0   0   0   0  29  25  21  25  25  18  25  25  22  25  25  28  25  25  25  25  32  25  18  24  25  28  22  29  25  25  21  25  25  22  28  25  14  25  25  25  18  25  28  25  21  25  29  25  28  33  21  32  29  25  28  29  25  25  25  21  21  25  21  25  25  21  25  25  25  25  25  22  19  21  25  29  29  14  25  25  25  25  36  25  25  32  31  25  25  29  25  29  25  
 0   0   0   0   0   0   0   0   0   0   0   0  16  42  25  34  32  37  20  17  25  25  25  35  25  20  17  11  16  29  18  25  24  17  33  38  16  22  31  24  29  25  13  41  32  25  25  41  27  25  31  42  25  16  35  28   8  34  26  28  45  29  34  25  23  23  27  25  16  17  34  25  34  25  23  35  18  18  34  32  20  30  16  27  40  30  12  25  30  25  20  31  17  18  24  34  25  14  14   9  
 0   0   0   0   0   0   0   0   0   0   0   0   0  25  30  25  31  33  25  25  17  25  20  25  25  19  24  17  25  19  25  33  16  25  31  25  16  25  34  16  31  25  25  25  25  25  22  25  25  25  25  34  25  25  34  25  33  17  30  25  19  25  40  20  33  25  34  25  25  25  28  30  34  25  31  25  22  33  25  25  26  17  21  33  20  39  25  25  25  11  19  25  20  38  21  26  25  25  25  16  
 0   0   0   0   0   0   0   0   0   0   0   0   0   0  25  26  18  25  20  28  25  29  22  25  25  30  25  32  25   8  27  30  22  23  30  30  25  30  25  30  21  27  25  19  30  25  25  18  25  32  25  25  25  19  20  22  42  26  21  25  25  27  30  16  25  21  25  30  32  25  25  25  25  25  25  30  25  25   8  18  25  20  25  25   9  25  29  30  20  25  25  25  32  37  35  25  30  25  35  25  
 0   0   0   0   0   0   0   0   0   0   0   0   0   0   0  29  32  25  21  20  39  25  31  32  20  20  35  25  30  35  29  30  25  15  31  25  32  39   8  20  34  30  25  25  16  25  13  25  25  25  30  25  25  25  23  23  25  35  20  25  30  27  25  30  25  25  35  27  25  25  29  20  35  25  34  20  25  32  20  25  34  20  13  32  25  25  25  25  20  15  25  34  39  15  17  22  32  25  18  25  
 0   0   0   0   0   0   0   0   0   0   0   0   0   0   0   0  25  16  29  25  25  26  25  25  25  25  25  25  34  34  21  25  25  25  29  16  25  25  25  25  25  25  25  15  25  25  25  16  25  25  25  25  25  35  25  25  25  15  26  25  16  21  25  24  25  24  25  25  25  25  21  25  25  25  25  25  25  25  25  25  34  25  25  25  24  25  35  25  25  25  25  16  25  25  21  25  25  34  25  25  
 0   0   0   0   0   0   0   0   0   0   0   0   0   0   0   0   0  25  25  32  25  24  25  17  25  31  25  32  25  24  25  25  18  25  13  25  18  25  32  25  19  24  26  18  25  31  32  18  25  31  25  25  25  25  32  33  32  25  25  25  31  32  19  25  25  26  24  18  25  25  31  25  24  25  19  25  12  18  18  18  25  25  32  18  18  19  26  25  24  38  31  25  32  32  25  19  18  26  32  25  
 0   0   0   0   0   0   0   0   0   0   0   0   0   0   0   0   0   0  25  25  33  25  28  25  25  25  17  33  34  34  25  17  25  25  22  13  25  25  25  25  25  25  25  16  25  25  33  16  25  25  25  25  25  34  25  25  17  24  25  22  13  25  25  25  17  28  25  28  25  25  25  25  25  25  25  25  25  17  25  25  42  33  25  17  25  14  34  25  25  33  25  16  25  17  25  33  25  34  25  25  
 0   0   0   0   0   0   0   0   0   0   0   0   0   0   0   0   0   0   0  21  25  30  27  25  24  30  25  24  25  20  24  25  30  15  31  30  21  30  30  25  25  30  15  25  30  25  25  25  20  25  25  25  25  20  25  25  25  25  25  25  25  29  30  25  25  20  25  31  25  25  29  25  25  25  25  25  20  18  20  25  22  30  25  25  21  25  25  30  35  25  25  25  25  27  34  25  35  30  25  25  
 0   0   0   0   0   0   0   0   0   0   0   0   0   0   0   0   0   0   0   0  30  25  28  25  21  13  25  26  30  30  25  20  40  17  37  20  24  30  30  25  27  33  20  25  20  25  30  25  20  18  30  25  25  25  25  33  22  20  28  25  15  28  25  25  25  25  25  29  25  25  25  25  25  25  25  25  27  20  30  25  20  30  25  30  24  30  20  20  30  25  30  25  25  25  18  25  25  25  29  25  
 0   0   0   0   0   0   0   0   0   0   0   0   0   0   0   0   0   0   0   0   0  33  26  25  30  30  33  17  20  20  31  25  25  25  25  30  25  16  25  25  16  25  25  25  42  25  25  25  25  25  20  17  17  25  25  20  33  17  27  25  30  25  25  25  33  25  25  25  25  25  25  25  25  25  16  25  33  33  25  25   8  17  25  33  25  33  25  25  25  17  25  16  16  33  34  17  25  25  25  25  
 0   0   0   0   0   0   0   0   0   0   0   0   0   0   0   0   0   0   0   0   0   0  33  24  25  20  25  25  25  30  22  33  25  30  21  25  25  25  25  25  25  24  26  26  12  24  17  25  25  24  25  33  33  29  25  26  25  26  24  25  25  25  20  26  25  32  24  25  25  25  25  25  24  25  25  25  17  25  30  25  25  25  25  25  31  25  20  20  24  25  25  25  25  25  20  26  20  26  25  25  
 0   0   0   0   0   0   0   0   0   0   0   0   0   0   0   0   0   0   0   0   0   0   0  25  25  25  15  25  25  25  33  20  22  38   8  28  25  37  35  38  37  22  35  25  24  25  38  25  25  25  25  17  17  25  15  19  31  15  27  28  18  22  25  20  25  19  18  25  22  25  25  30  15  25  34  35  33  25  25  25  34  35  30  25  20  28  25  22  25  35  25  34  29  28  24  35  25  22  28  25  
 0   0   0   0   0   0   0   0   0   0   0   0   0   0   0   0   0   0   0   0   0   0   0   0  25  23  23  25  25  25  25  25  25  25  26  25  18  27  34  17  25  32  26  25  25  24  32  25  25  24  25  25  25  23  32  33  25  25  25  25  17  38  25  25  27  26  24  20  27  25  25  25  24  25  27  23  25  20  23  25  25  25  32  18  17  25  26  25  24  25  23  27  25  25  10  19  18  28  40  25  
 0   0   0   0   0   0   0   0   0   0   0   0   0   0   0   0   0   0   0   0   0   0   0   0   0  20  25  24  30  30  25  25  25  25  25  20  26  25  25  25  25  25  25  25  25  25  25  25  25  25  30  25  25  25  25  30  25  25  25  25  20  25  25  25  25  25  25  26  25  25  25  25  25  25  25  25  25  25  25  25  25  25  25  25  26  25  25  25  25  25  25  25  25  25  25  25  25  25  25  25  
 0   0   0   0   0   0   0   0   0   0   0   0   0   0   0   0   0   0   0   0   0   0   0   0   0   0  23  18  30  29  30  25  25  30  26  20  25  27  27  25  31  25  18  25  27  32  25  25  32  25  30  32  25  28  25  30  25  25  25  25  14  23  26  25  27  30  25  27  27  18  19  25  25  25  33  23  38  27  28  25  25  25  25  25  30  31  20  20  25  19  10  27  25  25  20  25  20  27  32  25  
 0   0   0   0   0   0   0   0   0   0   0   0   0   0   0   0   0   0   0   0   0   0   0   0   0   0   0  33  25  25  25  17  16  35  15  26  16  27  46  16  25  25  25  25  25  25  33  25  25  25  25  35  25  23  35  25  17  23  25  25  15  24  34  25  19  26  23  27  27  24  34  25  24  25  27  33  16  19  23  25  42  43  16  17  25  17  26  25  25  43  23  26  26  17  16  52  25  27  25  15  
 0   0   0   0   0   0   0   0   0   0   0   0   0   0   0   0   0   0   0   0   0   0   0   0   0   0   0   0  25  32  26  33  19  25  25  25  26  25  25  25  12  25  18  32  38  25  18  32  38  25  25  32  25  25  19  32  26  17  25  24  26  25  24  25  32  26  25  26  38  11  26  25  32  25  25  25  32  33  32  32  18  10  19  39  33  46  38  25  25   3  18  19  18  26  25  17  25  32  25  19  
 0   0   0   0   0   0   0   0   0   0   0   0   0   0   0   0   0   0   0   0   0   0   0   0   0   0   0   0   0  11  25  25  25  25  25  39  25  25  25  25  25  25  25  34  25  25  25  34  25  25  20  25  25  16  25  20  25  34  25  25  39  25  25  25  25  25  25  25  25  25  25  25  25  25  25  25  25  25  25  25  16  25  25  25  25  25  16  25  25  25  25  34  25  25  25  25  25  16  25  25  
 0   0   0   0   0   0   0   0   0   0   0   0   0   0   0   0   0   0   0   0   0   0   0   0   0   0   0   0   0   0  20  25  25  20  36  39  25  31  31  30  31  25  25  27  30  25  25  27  25  32  14  25  25  11  20  20  32  34  25  25  33  19  36  20  25  20  31  30  25  25  19  25  25  25  31  19  31  25  13  18  16  20  25  25  13  31  21  30  25  26  19  34  32  37  35  25  30  16  32  31  
 0   0   0   0   0   0   0   0   0   0   0   0   0   0   0   0   0   0   0   0   0   0   0   0   0   0   0   0   0   0   0  33  19  20  34  25  25  25  25  25  33  25  25  25  28  25  17  25  31  25  25  33  33  20  19  18  18  25  27  38  25  21  30  25  25  20  25  25  17  32  21  25  18  25  25  25  17  25  20  26  25  32  19  31  20  24  29  30  25  39  25  19  25  24  26  25  30  18  25  19  
 0   0   0   0   0   0   0   0   0   0   0   0   0   0   0   0   0   0   0   0   0   0   0   0   0   0   0   0   0   0   0   0  25  25  20  25  25  17  20  22  30  20  20  30  28  25  46  25  30  20  25  17  22  25  25  28  14  28  25  25  15  20  25  30  17  28  22  22  33  25  25  20  25  25  30  20  33  17  35  25  33  33  20  22  30  22  25  23  25  33  30  25  25  17  22  38  25  28  25  25  
 0   0   0   0   0   0   0   0   0   0   0   0   0   0   0   0   0   0   0   0   0   0   0   0   0   0   0   0   0   0   0   0   0  33  13  25  16  20  29  16  22  17  30  25  31  32  25  25  36  25  25  34  25  25  28  22  28  25  22  31  25  22  34  25  25  25  34  20  31  25  34  25  34  25  25  25  14  30  25  25  39  20  10  31  25  31  36  25  20  25  25  19  25  25  23  34  25  25  21  10  
 0   0   0   0   0   0   0   0   0   0   0   0   0   0   0   0   0   0   0   0   0   0   0   0   0   0   0   0   0   0   0   0   0   0  45  25  25  30  20  25  22  33  20  25  30  25  25  25  20  25  25  25  25  20  25  28  22  35  28  25  35  28  30  25  25  20  35  30  25  25  25  25  35  25  25  15  20  20  20  25  20  20  25  25  20  25  25  30  30  15  25  25  25  25  30  15  30  25  22  25  
 0   0   0   0   0   0   0   0   0   0   0   0   0   0   0   0   0   0   0   0   0   0   0   0   0   0   0   0   0   0   0   0   0   0   0  27  25  20  25  35  19  21  34  34  20  33  25  25  35  21  25  29  30  30  15  24  21  15  25  18  13  29  14  25  25  32  16  23  30  25  35  20  20  25  24  35  17  30  30  25  30  30  20  25  30  16  24  20  16  41  31  25  25  25  31  39  16  24  18  25  
 0   0   0   0   0   0   0   0   0   0   0   0   0   0   0   0   0   0   0   0   0   0   0   0   0   0   0   0   0   0   0   0   0   0   0   0  30  20  30  25  20  20  35  11  25  25  18  16  20  30  30  24  20  34  24  30  25  16  25  22  13  19  30  30  32  20  26  35  20  26  25  30  25  25  27  20  25  18  30  25  39  25  25  25  37  22  33  25  30  25  25  17  24  30  32  20  20  24  25  26  
 0   0   0   0   0   0   0   0   0   0   0   0   0   0   0   0   0   0   0   0   0   0   0   0   0   0   0   0   0   0   0   0   0   0   0   0   0  25  41  16  25  25  20  25  25  25  32  25  25  25  25  34  25  25  41  32  25  25  25  25  25  32  34  25  25  25  34  17  25  25  34  25  34  25  25  25  16  18  25  25  34  25  23  18  24  25  25  25  30  25  25  25  25  25   9  27  23  30  32  16  
 0   0   0   0   0   0   0   0   0   0   0   0   0   0   0   0   0   0   0   0   0   0   0   0   0   0   0   0   0   0   0   0   0   0   0   0   0   0   6  18  16  15  30  25  34  25  25  25  32  21  27  25  25  31  25  28  26  21  29  25  25  24  29  30  23  28  12  15  22  21  25  25  25  25  14  24  30  28  40  23  17  20  29  25  26  25  30  32  25  29  27  14  16  25  31  25  25  26  25  19  
 0   0   0   0   0   0   0   0   0   0   0   0   0   0   0   0   0   0   0   0   0   0   0   0   0   0   0   0   0   0   0   0   0   0   0   0   0   0   0  30  25  20  25  30  25  25  18  25  37  20  27  16  30  27   9  18  29  35  25  25  30  22  16  25  23  25  20  29  24  25  16  20  26  25  28  19  39  35  31  23  21  10  22  28  25  25  30  29  15  15  27  23  25  25  41  18  32  23  18  28  
 0   0   0   0   0   0   0   0   0   0   0   0   0   0   0   0   0   0   0   0   0   0   0   0   0   0   0   0   0   0   0   0   0   0   0   0   0   0   0   0  25  33  15  25  25  25  25  25  25  25  21  34  25  25  49  28  26  25  25  25  17  29  34  30  25  28  31  21  24  25  34  25  34  25  25  21  16  25  29  25  34  30  16  21  17  25  25  32  25  25  25  25  25  20   0  34  25  28  33  16  
 0   0   0   0   0   0   0   0   0   0   0   0   0   0   0   0   0   0   0   0   0   0   0   0   0   0   0   0   0   0   0   0   0   0   0   0   0   0   0   0   0  28  25  25  45  25  20  25  31  25  25  25  25  25  19  35  29  30  28  24  36  28  24  25  25  25  25  25  45  18  31  25  32  25  10  25  19  25  20  25  21  18  14  26  25  27  38  30  25  17  26  10  16  30  34  25  25  27  22  19  
 0   0   0   0   0   0   0   0   0   0   0   0   0   0   0   0   0   0   0   0   0   0   0   0   0   0   0   0   0   0   0   0   0   0   0   0   0   0   0   0   0   0  31  25  25  24  25  25  30  24  25  25  25  25  25  23  28  25  22  25  33   9  25  30  25  26  24  20  25  25  25  25  24  25  25  20  30  30  30  25  30  20  25  25  38  25  31  25  24  25  25  25  25  25  33  26  25  26  20  25  
 0   0   0   0   0   0   0   0   0   0   0   0   0   0   0   0   0   0   0   0   0   0   0   0   0   0   0   0   0   0   0   0   0   0   0   0   0   0   0   0   0   0   0  30  32  26  25  25  32  28  25  32  30  25  35  24  25  25  25  25  20  25  25  25  25  24  26  30  30  18  25  20  26  25  30  25  27  20  25  25  20  30  20  25  25  25  19  25  31  25  18  25  25  25  25  29  30  29  32  25  
 0   0   0   0   0   0   0   0   0   0   0   0   0   0   0   0   0   0   0   0   0   0   0   0   0   0   0   0   0   0   0   0   0   0   0   0   0   0   0   0   0   0   0   0  25  25  25   9  20  37  25  21  20  35  25  25  36  15  26  29  21  25  25  24  25  24  25  25  20  25  25  30  21  25  20  25  25  25  18  18  34  25  30  25  17  25  35  25  30  32  25  16  32  32  25  20  29  34  32  25  
 0   0   0   0   0   0   0   0   0   0   0   0   0   0   0   0   0   0   0   0   0   0   0   0   0   0   0   0   0   0   0   0   0   0   0   0   0   0   0   0   0   0   0   0   0  25  22  25  12  18  25  26  33  30  31  25  25  20  25  19  20  25  20  25  25  30  25  25  19  32  25  25  25  25  34  25  10  25  35  25  34  25  31  24  30  24  14  15  25  25  37  40  34  25  11  25  20  25  18  31  
 0   0   0   0   0   0   0   0   0   0   0   0   0   0   0   0   0   0   0   0   0   0   0   0   0   0   0   0   0   0   0   0   0   0   0   0   0   0   0   0   0   0   0   0   0   0  25  25  25  31  25  25  25  25  25  26  25  25  25  25  25  25  25  25  25  26  24  25  25  25  25  25  24  25  25  25  32  25  25  25  25  25  25  25  25  25  26  25  24  25  25  25  25  25  18  26  25  26  32  25  
 0   0   0   0   0   0   0   0   0   0   0   0   0   0   0   0   0   0   0   0   0   0   0   0   0   0   0   0   0   0   0   0   0   0   0   0   0   0   0   0   0   0   0   0   0   0   0  25  25  25  25  33  33  25  18  18  33  22  20  25  29  18  26  30  41  17  25  39  25  25  24  20  25  25  32  25  17  33  20  25  16  17  13  35  37  28  25  30  25  17  20  25  30  28  34  24  32  25  18  25  
 0   0   0   0   0   0   0   0   0   0   0   0   0   0   0   0   0   0   0   0   0   0   0   0   0   0   0   0   0   0   0   0   0   0   0   0   0   0   0   0   0   0   0   0   0   0   0   0  25  32  25  25  25  34  25  25  32  16  25  25  16  25  25  25  25  25  25  25  25  25  25  25  25  25  25  25  25  25  18  18  34  25  25  25  18  25  34  25  25  32  25  16  32  32  25  25  25  34  32  25  
 0   0   0   0   0   0   0   0   0   0   0   0   0   0   0   0   0   0   0   0   0   0   0   0   0   0   0   0   0   0   0   0   0   0   0   0   0   0   0   0   0   0   0   0   0   0   0   0   0  23  25  18  20  25  31  25  25  25  25  19  30  25  25  25  25  25  25  30  14  32  25  30  25  25  20  25  13  20  25  27  20  30  36  19  25  19  14  25  35  25  32  31  25  25  25  20  25  25  18  31  
 0   0   0   0   0   0   0   0   0   0   0   0   0   0   0   0   0   0   0   0   0   0   0   0   0   0   0   0   0   0   0   0   0   0   0   0   0   0   0   0   0   0   0   0   0   0   0   0   0   0  25  18  30  29  25  26  18  21  29  25  20  25  29  25  25  26  20  21  30  28  25  20  24  25  30  25  18  25  36  32  21  25  24  29  28  25  26  25  19  22  32  25  18  18  25  31  25  26  11  25  
 0   0   0   0   0   0   0   0   0   0   0   0   0   0   0   0   0   0   0   0   0   0   0   0   0   0   0   0   0   0   0   0   0   0   0   0   0   0   0   0   0   0   0   0   0   0   0   0   0   0   0  25  25  25  25  20  29  25  25  25  30  15  25  25  25  25  31  29  21  25  25  25  25  25  25  15  25  25  29  25  25  25  25  21  25  25  25  29  25  25  25  25  25  25  25  25  25  25  25  31  
 0   0   0   0   0   0   0   0   0   0   0   0   0   0   0   0   0   0   0   0   0   0   0   0   0   0   0   0   0   0   0   0   0   0   0   0   0   0   0   0   0   0   0   0   0   0   0   0   0   0   0   0  17  25  15  25  29  25  25  29  25  24  16  25  25  24  17  25  25  33  16  25  12  25  25  25  35  25  25  25  16  25  34  25  25  25  24  25  25  25  32  26  24  25  34  16  29  25  18  35  
 0   0   0   0   0   0   0   0   0   0   0   0   0   0   0   0   0   0   0   0   0   0   0   0   0   0   0   0   0   0   0   0   0   0   0   0   0   0   0   0   0   0   0   0   0   0   0   0   0   0   0   0   0  25  25  25  25  25  25  25  30  25  25  25  25  25  25  25  20  25  25  30  25  25  20  25  33  25  25  25  25  25  30  25  25  25  25  25  30  25  25  25  25  25  25  20  25  25  25  25  
 0   0   0   0   0   0   0   0   0   0   0   0   0   0   0   0   0   0   0   0   0   0   0   0   0   0   0   0   0   0   0   0   0   0   0   0   0   0   0   0   0   0   0   0   0   0   0   0   0   0   0   0   0   0  25  25  25  39  18  25  34  23  26  26  27  21  29  31  27  29  25  25  25  25  27  25  25  27  14  25  20  25  21  23  25  27  20  30  25  21  23  36  23  25  30  25  30  18  25  25  
 0   0   0   0   0   0   0   0   0   0   0   0   0   0   0   0   0   0   0   0   0   0   0   0   0   0   0   0   0   0   0   0   0   0   0   0   0   0   0   0   0   0   0   0   0   0   0   0   0   0   0   0   0   0   0  18  25  25  25  31  25  17  16  20  25  24  17  37  31  26  16  29  16  25  25  25  38  32  25  25  16  20  21  38  25  31  30  25  25  25  25  20  24  30  46  23  32  25  18  29  
 0   0   0   0   0   0   0   0   0   0   0   0   0   0   0   0   0   0   0   0   0   0   0   0   0   0   0   0   0   0   0   0   0   0   0   0   0   0   0   0   0   0   0   0   0   0   0   0   0   0   0   0   0   0   0   0  31  25  22  32  30  15  25  25  25  21  29  35  15  32  25  25  19  25  25  25  25  32  25  25  25  32  18  32  25  18  17  22  26  32  25  25  25  25  35  31  32  14  21  25  
 0   0   0   0   0   0   0   0   0   0   0   0   0   0   0   0   0   0   0   0   0   0   0   0   0   0   0   0   0   0   0   0   0   0   0   0   0   0   0   0   0   0   0   0   0   0   0   0   0   0   0   0   0   0   0   0   0  33  28  21  25  32  25  25  17  28  22  18  25  25  25  25  29  25  25  29  25  17  28  32  33  33  25  21  32  17  25  24  25  33  25  25  18  10  22  33  21  28  15  25  
 0   0   0   0   0   0   0   0   0   0   0   0   0   0   0   0   0   0   0   0   0   0   0   0   0   0   0   0   0   0   0   0   0   0   0   0   0   0   0   0   0   0   0   0   0   0   0   0   0   0   0   0   0   0   0   0   0   0  30  25   1  25  29  24  33  24  11  21  25  21  25  25  15  25  25  35  25  33  34  25  22  27  29  42  20  38  35  20  25  31  30  16  25  33  25  27  25  34  25  25  
 0   0   0   0   0   0   0   0   0   0   0   0   0   0   0   0   0   0   0   0   0   0   0   0   0   0   0   0   0   0   0   0   0   0   0   0   0   0   0   0   0   0   0   0   0   0   0   0   0   0   0   0   0   0   0   0   0   0   0  25  25  22  21  31  25  26  29  29  25  29  25  20  25  25  25  27  25  25  21  25  29  25  16  23  35  27  24  25  25  21  25  25  28  20  20  25  25  25  28  25  
 0   0   0   0   0   0   0   0   0   0   0   0   0   0   0   0   0   0   0   0   0   0   0   0   0   0   0   0   0   0   0   0   0   0   0   0   0   0   0   0   0   0   0   0   0   0   0   0   0   0   0   0   0   0   0   0   0   0   0   0  22  25  25  25  25  28  25  28  26  18  25  25  36  25  25  25  25  25  25  25  25  18  31  19  25  23  26  25  25  18  25  31  25  25  25  25  21  32  25  31  
 0   0   0   0   0   0   0   0   0   0   0   0   0   0   0   0   0   0   0   0   0   0   0   0   0   0   0   0   0   0   0   0   0   0   0   0   0   0   0   0   0   0   0   0   0   0   0   0   0   0   0   0   0   0   0   0   0   0   0   0   0  33  32  25  26  27  15  28  30  25  18  20  15  25  36  35  31  25  30  25  33  35  20  30  17  33  34  20  20  29  24  16  25  25  17  40  25  34  33  25  
 0   0   0   0   0   0   0   0   0   0   0   0   0   0   0   0   0   0   0   0   0   0   0   0   0   0   0   0   0   0   0   0   0   0   0   0   0   0   0   0   0   0   0   0   0   0   0   0   0   0   0   0   0   0   0   0   0   0   0   0   0   0  25  30  27  24  32  38  23  26  21  25  25  25  27   8  25  34  32  25  25  25  18  28  38  25  24  29  30  25  23  28  24  25  36  32  32  27  13  32  
 0   0   0   0   0   0   0   0   0   0   0   0   0   0   0   0   0   0   0   0   0   0   0   0   0   0   0   0   0   0   0   0   0   0   0   0   0   0   0   0   0   0   0   0   0   0   0   0   0   0   0   0   0   0   0   0   0   0   0   0   0   0   0  25  24  31  20  29  25  29  23  25  16  25  19  25  28  25  26  25  16  25  35  21  34  19  20  20  25  27  31  25  25  20  29  16  20  30  25  34  
 0   0   0   0   0   0   0   0   0   0   0   0   0   0   0   0   0   0   0   0   0   0   0   0   0   0   0   0   0   0   0   0   0   0   0   0   0   0   0   0   0   0   0   0   0   0   0   0   0   0   0   0   0   0   0   0   0   0   0   0   0   0   0   0  25  24  25  30  25  25  25  30  25  25  25  30  25  25  20  25  25  20  30  25  14  25  26  25  20  25  25  25  20  35  35  25  25  25  25  25  
 0   0   0   0   0   0   0   0   0   0   0   0   0   0   0   0   0   0   0   0   0   0   0   0   0   0   0   0   0   0   0   0   0   0   0   0   0   0   0   0   0   0   0   0   0   0   0   0   0   0   0   0   0   0   0   0   0   0   0   0   0   0   0   0   0  33  25  16  23  25  26  25  25  25  16  27  25  22  27  25  34  33  25  17  18  17  25  25  25  33  27  23  25  17  18  33  25  23  25  25  
 0   0   0   0   0   0   0   0   0   0   0   0   0   0   0   0   0   0   0   0   0   0   0   0   0   0   0   0   0   0   0   0   0   0   0   0   0   0   0   0   0   0   0   0   0   0   0   0   0   0   0   0   0   0   0   0   0   0   0   0   0   0   0   0   0   0  30  32  22  26  24  25  26  25  32  25  25  18  20  25  24  25  25  25  26  28  29  27  26  25  25  26  24  25  40  24  30  21  25  26  
 0   0   0   0   0   0   0   0   0   0   0   0   0   0   0   0   0   0   0   0   0   0   0   0   0   0   0   0   0   0   0   0   0   0   0   0   0   0   0   0   0   0   0   0   0   0   0   0   0   0   0   0   0   0   0   0   0   0   0   0   0   0   0   0   0   0   0  18  28  20  16  25   5  25  25  41  34  25  29  25  12  35  38  29  21  25  27  28  24  39  25  24  26  25  31  27  25  29  25  27  
 0   0   0   0   0   0   0   0   0   0   0   0   0   0   0   0   0   0   0   0   0   0   0   0   0   0   0   0   0   0   0   0   0   0   0   0   0   0   0   0   0   0   0   0   0   0   0   0   0   0   0   0   0   0   0   0   0   0   0   0   0   0   0   0   0   0   0   0  30  21  25  25  25  25  16  31  30  28  27  25  26  25  36  26  13  28  30  24  20  29  27  23  25  20   3  18  18  26  32  25  
 0   0   0   0   0   0   0   0   0   0   0   0   0   0   0   0   0   0   0   0   0   0   0   0   0   0   0   0   0   0   0   0   0   0   0   0   0   0   0   0   0   0   0   0   0   0   0   0   0   0   0   0   0   0   0   0   0   0   0   0   0   0   0   0   0   0   0   0   0  32  25  30  18  25  18  23  25  23  31  25  25  32  36  15  25  12  12  26  30  39  27  29  25  25  28  20  25  13  25  31  
 0   0   0   0   0   0   0   0   0   0   0   0   0   0   0   0   0   0   0   0   0   0   0   0   0   0   0   0   0   0   0   0   0   0   0   0   0   0   0   0   0   0   0   0   0   0   0   0   0   0   0   0   0   0   0   0   0   0   0   0   0   0   0   0   0   0   0   0   0   0  25  25  32  25  25  25  32  25  29  25  21  18  29  29  21  32  33  25  25  22  18  24  26  25  25  25  25  32  32  24  
 0   0   0   0   0   0   0   0   0   0   0   0   0   0   0   0   0   0   0   0   0   0   0   0   0   0   0   0   0   0   0   0   0   0   0   0   0   0   0   0   0   0   0   0   0   0   0   0   0   0   0   0   0   0   0   0   0   0   0   0   0   0   0   0   0   0   0   0   0   0   0  25  16  25  31  25  40  25  25  25  15  25  34  25  25  31  25  25  25  19  19  25  25  25  30  16  25  25  25  34  
 0   0   0   0   0   0   0   0   0   0   0   0   0   0   0   0   0   0   0   0   0   0   0   0   0   0   0   0   0   0   0   0   0   0   0   0   0   0   0   0   0   0   0   0   0   0   0   0   0   0   0   0   0   0   0   0   0   0   0   0   0   0   0   0   0   0   0   0   0   0   0   0  25  25  30  25  21  25  25  25  25  25  15  25  30  25  25  25  20  25  25  25  30  20  20  30  25  25  25  25  
 0   0   0   0   0   0   0   0   0   0   0   0   0   0   0   0   0   0   0   0   0   0   0   0   0   0   0   0   0   0   0   0   0   0   0   0   0   0   0   0   0   0   0   0   0   0   0   0   0   0   0   0   0   0   0   0   0   0   0   0   0   0   0   0   0   0   0   0   0   0   0   0   0  25  25  35  34  25  25  25  16  42  34  25  25  18  19  25  24  42  25  25  25  25  34  27  29  19  25  34  
 0   0   0   0   0   0   0   0   0   0   0   0   0   0   0   0   0   0   0   0   0   0   0   0   0   0   0   0   0   0   0   0   0   0   0   0   0   0   0   0   0   0   0   0   0   0   0   0   0   0   0   0   0   0   0   0   0   0   0   0   0   0   0   0   0   0   0   0   0   0   0   0   0   0  25  25  25  25  25  25  25  25  25  25  25  25  25  25  25  25  25  25  25  25  25  25  25  25  25  25  
 0   0   0   0   0   0   0   0   0   0   0   0   0   0   0   0   0   0   0   0   0   0   0   0   0   0   0   0   0   0   0   0   0   0   0   0   0   0   0   0   0   0   0   0   0   0   0   0   0   0   0   0   0   0   0   0   0   0   0   0   0   0   0   0   0   0   0   0   0   0   0   0   0   0   0  27  19  30  27  25  16  25  30  25  20  19  25  25  30  31  33  14  16  25  27  20  25  23  25  25  
 0   0   0   0   0   0   0   0   0   0   0   0   0   0   0   0   0   0   0   0   0   0   0   0   0   0   0   0   0   0   0   0   0   0   0   0   0   0   0   0   0   0   0   0   0   0   0   0   0   0   0   0   0   0   0   0   0   0   0   0   0   0   0   0   0   0   0   0   0   0   0   0   0   0   0   0  25  27  32  25  25  15  25  19  30  23  25  29  30  15  23  27  27  25  25  15  25  27  25  31  
 0   0   0   0   0   0   0   0   0   0   0   0   0   0   0   0   0   0   0   0   0   0   0   0   0   0   0   0   0   0   0   0   0   0   0   0   0   0   0   0   0   0   0   0   0   0   0   0   0   0   0   0   0   0   0   0   0   0   0   0   0   0   0   0   0   0   0   0   0   0   0   0   0   0   0   0   0  20  25  25  29  30  16  25  25  19  20  25  30  31  38  25  25  25  23  34  25  25  11  16  
 0   0   0   0   0   0   0   0   0   0   0   0   0   0   0   0   0   0   0   0   0   0   0   0   0   0   0   0   0   0   0   0   0   0   0   0   0   0   0   0   0   0   0   0   0   0   0   0   0   0   0   0   0   0   0   0   0   0   0   0   0   0   0   0   0   0   0   0   0   0   0   0   0   0   0   0   0   0  27  25  30  38  32  10  32  17  20  25  30  33  27  23  25  17  25  26  18  23  32  25  
 0   0   0   0   0   0   0   0   0   0   0   0   0   0   0   0   0   0   0   0   0   0   0   0   0   0   0   0   0   0   0   0   0   0   0   0   0   0   0   0   0   0   0   0   0   0   0   0   0   0   0   0   0   0   0   0   0   0   0   0   0   0   0   0   0   0   0   0   0   0   0   0   0   0   0   0   0   0   0  18  29  25  21  20  12  20  30  31  20  28  18  27  32  32  30  25  30  27  32  25  
 0   0   0   0   0   0   0   0   0   0   0   0   0   0   0   0   0   0   0   0   0   0   0   0   0   0   0   0   0   0   0   0   0   0   0   0   0   0   0   0   0   0   0   0   0   0   0   0   0   0   0   0   0   0   0   0   0   0   0   0   0   0   0   0   0   0   0   0   0   0   0   0   0   0   0   0   0   0   0   0  25  25  25  25  18  25  25  25  25  32  25  25  32  33  25  25  25  25  32  25  
 0   0   0   0   0   0   0   0   0   0   0   0   0   0   0   0   0   0   0   0   0   0   0   0   0   0   0   0   0   0   0   0   0   0   0   0   0   0   0   0   0   0   0   0   0   0   0   0   0   0   0   0   0   0   0   0   0   0   0   0   0   0   0   0   0   0   0   0   0   0   0   0   0   0   0   0   0   0   0   0   0  22  43  37  21  33  11  25  30  21  25  25  16  28  43   8  25  21  25  34  
 0   0   0   0   0   0   0   0   0   0   0   0   0   0   0   0   0   0   0   0   0   0   0   0   0   0   0   0   0   0   0   0   0   0   0   0   0   0   0   0   0   0   0   0   0   0   0   0   0   0   0   0   0   0   0   0   0   0   0   0   0   0   0   0   0   0   0   0   0   0   0   0   0   0   0   0   0   0   0   0   0   0  25  33  25  40  37  25  20   0  25  25  25  38  30   7  25  32  25  25  
 0   0   0   0   0   0   0   0   0   0   0   0   0   0   0   0   0   0   0   0   0   0   0   0   0   0   0   0   0   0   0   0   0   0   0   0   0   0   0   0   0   0   0   0   0   0   0   0   0   0   0   0   0   0   0   0   0   0   0   0   0   0   0   0   0   0   0   0   0   0   0   0   0   0   0   0   0   0   0   0   0   0   0  34  34  31  31  25  20  21  25  19  30  25  18  46  32  20  18  10  
 0   0   0   0   0   0   0   0   0   0   0   0   0   0   0   0   0   0   0   0   0   0   0   0   0   0   0   0   0   0   0   0   0   0   0   0   0   0   0   0   0   0   0   0   0   0   0   0   0   0   0   0   0   0   0   0   0   0   0   0   0   0   0   0   0   0   0   0   0   0   0   0   0   0   0   0   0   0   0   0   0   0   0   0  29   4  19  34  25  29  20  31  27  17  18  26  18  25  32  31  
 0   0   0   0   0   0   0   0   0   0   0   0   0   0   0   0   0   0   0   0   0   0   0   0   0   0   0   0   0   0   0   0   0   0   0   0   0   0   0   0   0   0   0   0   0   0   0   0   0   0   0   0   0   0   0   0   0   0   0   0   0   0   0   0   0   0   0   0   0   0   0   0   0   0   0   0   0   0   0   0   0   0   0   0   0  25  31  30  20  36  25  25  27  37  20  25  30  25  40  25  
 0   0   0   0   0   0   0   0   0   0   0   0   0   0   0   0   0   0   0   0   0   0   0   0   0   0   0   0   0   0   0   0   0   0   0   0   0   0   0   0   0   0   0   0   0   0   0   0   0   0   0   0   0   0   0   0   0   0   0   0   0   0   0   0   0   0   0   0   0   0   0   0   0   0   0   0   0   0   0   0   0   0   0   0   0   0  12  30  25  46  26  31  27  17  25  33  25  18  25  31  
 0   0   0   0   0   0   0   0   0   0   0   0   0   0   0   0   0   0   0   0   0   0   0   0   0   0   0   0   0   0   0   0   0   0   0   0   0   0   0   0   0   0   0   0   0   0   0   0   0   0   0   0   0   0   0   0   0   0   0   0   0   0   0   0   0   0   0   0   0   0   0   0   0   0   0   0   0   0   0   0   0   0   0   0   0   0   0  20  31  32  25  41  24  25  20  24  20   8  25  32  
 0   0   0   0   0   0   0   0   0   0   0   0   0   0   0   0   0   0   0   0   0   0   0   0   0   0   0   0   0   0   0   0   0   0   0   0   0   0   0   0   0   0   0   0   0   0   0   0   0   0   0   0   0   0   0   0   0   0   0   0   0   0   0   0   0   0   0   0   0   0   0   0   0   0   0   0   0   0   0   0   0   0   0   0   0   0   0   0  25  25  30  25  25  25  23  25  20  22  25  25  
 0   0   0   0   0   0   0   0   0   0   0   0   0   0   0   0   0   0   0   0   0   0   0   0   0   0   0   0   0   0   0   0   0   0   0   0   0   0   0   0   0   0   0   0   0   0   0   0   0   0   0   0   0   0   0   0   0   0   0   0   0   0   0   0   0   0   0   0   0   0   0   0   0   0   0   0   0   0   0   0   0   0   0   0   0   0   0   0   0  25  25  25  25  25  25  31  20  21  25  25  
 0   0   0   0   0   0   0   0   0   0   0   0   0   0   0   0   0   0   0   0   0   0   0   0   0   0   0   0   0   0   0   0   0   0   0   0   0   0   0   0   0   0   0   0   0   0   0   0   0   0   0   0   0   0   0   0   0   0   0   0   0   0   0   0   0   0   0   0   0   0   0   0   0   0   0   0   0   0   0   0   0   0   0   0   0   0   0   0   0   0  19  25  18  26  25   7  25  32  18  25  
 0   0   0   0   0   0   0   0   0   0   0   0   0   0   0   0   0   0   0   0   0   0   0   0   0   0   0   0   0   0   0   0   0   0   0   0   0   0   0   0   0   0   0   0   0   0   0   0   0   0   0   0   0   0   0   0   0   0   0   0   0   0   0   0   0   0   0   0   0   0   0   0   0   0   0   0   0   0   0   0   0   0   0   0   0   0   0   0   0   0   0  27  25  25  25  25  25  27  32  25  
 0   0   0   0   0   0   0   0   0   0   0   0   0   0   0   0   0   0   0   0   0   0   0   0   0   0   0   0   0   0   0   0   0   0   0   0   0   0   0   0   0   0   0   0   0   0   0   0   0   0   0   0   0   0   0   0   0   0   0   0   0   0   0   0   0   0   0   0   0   0   0   0   0   0   0   0   0   0   0   0   0   0   0   0   0   0   0   0   0   0   0   0  17  25  34  25  25  32  25  18  
 0   0   0   0   0   0   0   0   0   0   0   0   0   0   0   0   0   0   0   0   0   0   0   0   0   0   0   0   0   0   0   0   0   0   0   0   0   0   0   0   0   0   0   0   0   0   0   0   0   0   0   0   0   0   0   0   0   0   0   0   0   0   0   0   0   0   0   0   0   0   0   0   0   0   0   0   0   0   0   0   0   0   0   0   0   0   0   0   0   0   0   0   0  23  39  25  25  25  18  26  
 0   0   0   0   0   0   0   0   0   0   0   0   0   0   0   0   0   0   0   0   0   0   0   0   0   0   0   0   0   0   0   0   0   0   0   0   0   0   0   0   0   0   0   0   0   0   0   0   0   0   0   0   0   0   0   0   0   0   0   0   0   0   0   0   0   0   0   0   0   0   0   0   0   0   0   0   0   0   0   0   0   0   0   0   0   0   0   0   0   0   0   0   0   0  15  33  25  30  18  25  
 0   0   0   0   0   0   0   0   0   0   0   0   0   0   0   0   0   0   0   0   0   0   0   0   0   0   0   0   0   0   0   0   0   0   0   0   0   0   0   0   0   0   0   0   0   0   0   0   0   0   0   0   0   0   0   0   0   0   0   0   0   0   0   0   0   0   0   0   0   0   0   0   0   0   0   0   0   0   0   0   0   0   0   0   0   0   0   0   0   0   0   0   0   0   0  27  13  28  47  16  
 0   0   0   0   0   0   0   0   0   0   0   0   0   0   0   0   0   0   0   0   0   0   0   0   0   0   0   0   0   0   0   0   0   0   0   0   0   0   0   0   0   0   0   0   0   0   0   0   0   0   0   0   0   0   0   0   0   0   0   0   0   0   0   0   0   0   0   0   0   0   0   0   0   0   0   0   0   0   0   0   0   0   0   0   0   0   0   0   0   0   0   0   0   0   0   0  18  24  32  34  
 0   0   0   0   0   0   0   0   0   0   0   0   0   0   0   0   0   0   0   0   0   0   0   0   0   0   0   0   0   0   0   0   0   0   0   0   0   0   0   0   0   0   0   0   0   0   0   0   0   0   0   0   0   0   0   0   0   0   0   0   0   0   0   0   0   0   0   0   0   0   0   0   0   0   0   0   0   0   0   0   0   0   0   0   0   0   0   0   0   0   0   0   0   0   0   0   0  20  32  25  
 0   0   0   0   0   0   0   0   0   0   0   0   0   0   0   0   0   0   0   0   0   0   0   0   0   0   0   0   0   0   0   0   0   0   0   0   0   0   0   0   0   0   0   0   0   0   0   0   0   0   0   0   0   0   0   0   0   0   0   0   0   0   0   0   0   0   0   0   0   0   0   0   0   0   0   0   0   0   0   0   0   0   0   0   0   0   0   0   0   0   0   0   0   0   0   0   0   0  25  25  
 0   0   0   0   0   0   0   0   0   0   0   0   0   0   0   0   0   0   0   0   0   0   0   0   0   0   0   0   0   0   0   0   0   0   0   0   0   0   0   0   0   0   0   0   0   0   0   0   0   0   0   0   0   0   0   0   0   0   0   0   0   0   0   0   0   0   0   0   0   0   0   0   0   0   0   0   0   0   0   0   0   0   0   0   0   0   0   0   0   0   0   0   0   0   0   0   0   0   0  25  
 0   0   0   0   0   0   0   0   0   0   0   0   0   0   0   0   0   0   0   0   0   0   0   0   0   0   0   0   0   0   0   0   0   0   0   0   0   0   0   0   0   0   0   0   0   0   0   0   0   0   0   0   0   0   0   0   0   0   0   0   0   0   0   0   0   0   0   0   0   0   0   0   0   0   0   0   0   0   0   0   0   0   0   0   0   0   0   0   0   0   0   0   0   0   0   0   0   0   0   0  
