81

   0   100   204   100   200   300   200   300   400   100   200   320   200   300   400   300   502   500   225   300   400   362   400   500   595   500   682   100   200   300   200   300   400   300   400   500   200   300   576   300   400   682   400   646   809   447   400   500   400   530   600   500   600   957   200   300   400   300   400   543   400   500   600   300   400   500   400   500   899   500   600   700   400   500   600   500   705   700   600   700   800  
 100     0   117   200   100   200   300   200   300   200   100   200   300   200   300   516   300   400   300   200   300   400   300   400   500   400   620   200   100   200   300   200   300   400   300   400   435   200   300   400   300   400   538   400   712   400   300   400   500   568   500   600   521   600   300   200   300   407   300   432   500   577   500   400   300   553   500   400   567   600   500   600   500   400   500   600   632   600   700   600   700  
 200   100     0   300   200   100   400   300   200   332   252   100   400   300   200   500   400   377   400   300   200   500   400   300   600   500   400   300   212   147   505   312   200   500   463   300   400   300   200   500   400   300   600   500   400   582   400   300   600   500   486   700   600   500   400   300   224   500   400   300   600   500   400   691   400   300   655   500   400   781   600   500   600   524   400   700   600   500   800   741   600  
 100   206   359     0   100   200   100   200   300   200   300   400   100   200   300   257   300   400   300   400   500   200   396   400   374   400   500   273   300   400   100   200   300   200   300   400   300   400   500   200   300   400   300   521   500   400   500   600   355   400   500   400   500   600   357   470   500   200   300   400   300   400   500   400   500   600   300   400   500   400   500   600   500   648   700   400   500   600   654   600   808  
 200   100   200   100     0   100   200   100   200   300   200   427   200   100   200   300   200   300   400   300   400   300   200   327   400   300   400   300   200   300   200   100   200   300   200   383   490   439   460   300   200   300   400   300   400   500   400   500   400   300   400   500   400   500   469   300   400   307   200   300   400   300   400   500   400   510   400   300   400   626   400   500   600   500   894   560   400   506   760   678   600  
 300   232   100   200   100     0   326   212   118   400   300   200   318   200   100   400   300   200   731   400   300   400   300   285   616   400   300   591   300   200   300   200   100   400   375   226   500   482   372   596   300   252   500   400   300   600   500   400   670   400   300   600   500   493   500   523   300   413   309   200   500   526   300   600   500   400   500   400   300   600   500   400   700   600   500   600   500   400   700   600   500  
 200   300   400   107   200   300     0   147   200   300   400   582   200   300   408   107   200   385   400   500   600   300   400   500   204   300   400   300   400   500   200   300   400   100   254   300   400   500   600   386   596   500   200   300   400   700   808   976   400   500   600   300   400   582   537   500   600   300   462   500   200   300   400   733   600   700   407   500   600   300   441   500   600   700   800   500   600   700   400   500   600  
 441   200   300   200   119   200   100     0   135   400   300   400   300   200   300   200   100   200   500   400   547   400   300   400   376   200   300   400   440   400   300   200   436   200   100   200   500   400   500   400   300   400   396   200   300   600   500   600   500   400   500   400   300   445   500   400   500   400   300   400   300   200   300   600   500   600   500   400   500   400   421   551   720   600   869   600   500   600   500   400   500  
 400   300   200   300   200   119   200   100     0   500   400   300   400   300   200   300   200   100   600   500   499   500   422   300   529   300   200   500   400   300   415   353   286   300   291   100   600   500   400   500   400   300   400   300   200   700   600   500   600   500   461   500   400   373   600   500   400   500   400   300   400   300   200   700   686   500   600   500   545   500   400   300   800   700   600   700   600   500   666   500   533  
 115   265   314   200   300   400   300   400   500     0   100   200   131   200   325   200   300   400   100   200   300   200   300   452   300   400   500   200   300   578   344   400   500   400   500   600   100   200   441   200   300   567   300   400   500   200   300   400   435   400   737   400   532   639   300   592   500   571   500   600   500   600   700   285   300   400   300   400   725   400   500   891   369   400   500   400   500   600   500   600   700  
 200   100   200   300   200   300   400   302   400   100     0   100   200   100   200   367   200   300   200   100   201   313   257   308   479   300   400   300   200   300   591   300   400   500   517   500   200   100   210   300   200   300   400   300   534   300   221   300   400   300   400   500   400   520   506   300   400   500   400   500   600   500   795   300   200   401   400   300   400   625   448   500   400   300   400   500   584   508   879   500   600  
 300   200   100   400   300   200   500   400   300   200   100     0   441   200   110   400   300   200   300   200   100   400   300   200   632   400   300   483   300   200   500   400   300   600   745   400   300   298   100   400   300   200   500   458   300   404   300   200   500   400   300   600   500   400   500   400   300   600   500   400   700   600   500   400   300   200   500   400   378   600   500   456   500   400   300   600   500   400   700   600   500  
 200   300   478   119   200   300   200   300   400   100   248   300     0   100   200   100   200   300   200   300   400   121   200   309   200   300   400   384   400   500   200   300   400   300   400   500   200   304   400   100   200   300   296   416   452   300   400   500   200   300   400   361   459   671   400   571   600   300   400   500   400   500   600   300   400   500   200   325   400   300   400   500   400   500   600   300   513   500   400   500   636  
 300   200   300   200   100   200   300   200   300   200   100   200   120     0   100   200   100   200   300   200   300   200   100   218   300   200   300   400   300   400   300   200   322   515   300   400   300   200   300   235   100   200   300   256   300   400   300   400   431   200   300   400   300   400   500   400   614   400   300   400   500   400   500   400   300   400   300   200   300   400   300   400   500   400   652   400   300   421   500   400   500  
 400   300   238   300   200   136   400   300   200   300   251   100   200   100     0   398   200   100   400   300   263   300   200   100   400   300   200   500   400   300   595   300   200   500   400   309   400   300   200   300   212   131   400   300   200   500   400   300   507   404   200   500   400   300   600   500   400   500   400   300   600   546   400   506   400   328   400   300   200   500   400   300   600   500   400   543   400   326   600   500   400  
 300   400   627   200   300   400   100   211   300   200   300   474   100   200   388     0   100   200   300   420   500   200   300   400   100   200   300   400   500   600   300   400   500   299   350   400   300   400   588   238   300   400   100   200   300   427   500   600   300   400   500   200   300   401   500   638   700   400   500   600   300   445   500   400   500   600   300   400   500   200   300   400   500   600   838   400   586   618   300   550   500  
 400   300   400   300   200   300   200   100   285   300   200   300   200   100   200   100     0   100   400   300   484   384   200   300   200   100   284   500   400   739   400   300   513   300   200   300   400   300   400   312   280   300   200   100   200   500   452   500   400   300   400   329   200   302   600   595   600   500   400   500   400   300   400   500   400   500   400   383   400   345   200   300   600   500   600   500   469   500   400   435   593  
 601   400   300   400   300   227   300   200   100   400   423   200   392   200   137   200   100     0   500   412   300   400   300   283   300   200   100   600   500   400   500   400   395   400   300   276   500   498   300   400   300   200   300   200   100   600   500   400   500   400   434   480   300   200   700   715   723   600   500   482   500   400   404   600   500   531   500   405   300   400   300   235   872   600   500   600   558   400   500   400   300  
 200   366   490   300   400   500   593   500   600   100   200   300   208   300   576   300   400   500     0   100   200   100   200   339   200   300   400   300   400   534   400   500   600   500   790   700   200   300   400   300   400   500   436   500   690   100   200   300   200   351   400   300   533   544   400   611   770   500   600   700   600   750   800   300   429   500   400   500   600   500   600   700   200   300   400   381   400   647   469   694   600  
 300   200   300   400   300   400   500   545   500   200   110   205   300   200   343   400   300   509   100     0   103   288   143   200   300   276   300   400   333   400   500   400   500   600   500   681   300   200   300   400   300   427   500   400   500   200   100   200   300   200   300   400   300   431   500   400   500   760   500   876   820   783   700   400   300   400   500   400   523   615   500   632   300   200   300   517   300   400   500   400   500  
 400   300   200   500   400   300   600   500   400   300   200   100   562   300   282   518   400   300   200   100     0   362   200   100   400   335   200   617   400   300   600   500   400   958   844   500   400   300   225   500   400   363   600   500   400   300   200   100   554   300   260   633   417   300   860   500   400   707   600   500   800   993   600   500   452   300   600   500   400   700   600   500   400   300   200   500   400   429   600   500   400  
 300   400   618   200   300   400   300   400   555   200   300   400   110   219   300   200   300   452   148   200   300     0   100   200   100   200   300   572   500   600   300   400   733   400   500   600   356   400   500   200   300   400   300   594   500   200   437   400   100   200   300   200   300   400   500   600   700   400   575   600   657   600   700   400   500   722   300   400   500   400   500   600   300   400   500   248   300   400   300   433   500  
 400   300   429   300   200   300   400   300   400   300   285   300   200   100   200   300   200   300   257   100   200   100     0   100   200   100   235   500   400   500   400   300   551   500   400   500   400   300   400   300   200   300   400   300   592   358   200   300   200   100   200   300   200   393   600   500   600   500   400   500   600   500   879   654   400   500   430   300   400   500   400   500   400   300   400   300   200   300   400   385   400  
 500   400   300   400   300   200   500   400   300   400   300   200   300   285   100   400   300   287   300   200   100   200   100     0   300   290   100   600   500   400   500   400   300   600   500   400   500   400   300   400   422   200   500   400   300   400   371   200   300   200   125   400   345   296   700   600   500   600   500   400   730   720   638   600   500   400   500   400   300   600   500   400   500   400   300   400   300   200   500   400   300  
 400   500   600   300   400   500   200   338   400   300   400   500   200   300   480   100   200   300   200   300   521   100   288   300     0   100   200   627   600   700   400   685   600   300   400   500   400   500   600   378   400   500   235   300   400   300   400   500   200   411   400   138   200   408   600   700   800   500   600   700   400   500   600   500   699   700   400   500   600   300   400   500   400   618   600   300   593   500   200   300   447  
 500   400   500   400   300   461   300   200   316   400   300   400   300   200   315   200   146   200   300   200   300   200   100   200   135     0   100   600   500   600   500   547   500   400   300   400   539   412   500   400   300   400   300   200   365   400   300   400   300   200   438   200   100   200   700   600   700   600   500   600   500   505   571   600   614   600   500   400   558   400   300   400   500   400   500   541   300   400   322   200   300  
 600   500   400   617   400   300   400   300   200   500   400   300   400   300   200   300   200   100   400   300   200   300   200   134   200   100     0   700   600   500   600   500   400   500   400   300   600   669   400   500   400   300   400   300   200   564   400   300   400   300   200   300   218   100   815   700   603   700   600   500   600   500   400   700   600   500   600   500   400   500   419   300   600   500   400   500   400   300   400   329   200  
 100   251   300   200   313   433   364   400   500   257   300   400   322   400   568   400   500   600   300   400   500   416   500   846   500   600   985     0   100   272   100   200   300   216   300   508   100   200   300   213   300   400   300   400   546   200   300   400   300   400   500   400   500   600   120   205   400   269   300   400   300   400   500   273   300   468   300   400   500   400   500   600   300   400   500   400   500   600   500   600   700  
 200   126   200   300   200   300   400   404   472   300   200   300   400   300   400   500   400   500   400   359   422   500   400   663   600   500   600   100     0   100   226   100   200   300   200   300   200   100   200   416   200   300   400   406   400   300   200   300   493   300   400   500   400   500   276   100   285   300   262   300   400   386   400   300   203   300   400   300   400   500   558   733   400   300   400   500   400   637   625   527   600  
 300   200   130   400   300   200   500   482   300   435   300   200   548   400   300   600   500   400   547   400   300   699   500   400   744   600   500   200   100     0   300   223   100   400   300   200   300   289   140   406   376   219   500   400   300   400   300   200   705   568   300   600   590   400   300   238   100   400   386   200   500   400   324   400   300   200   689   400   412   600   500   438   500   400   300   692   611   454  1013   600   500  
 200   379   400   100   200   300   200   300   512   300   400   500   200   300   400   300   400   500   400   500   600   300   400   575   400   500   600   100   273   300     0   137   200   100   200   300   200   378   400   100   200   300   275   406   400   300   400   693   291   300   481   320   400   500   200   300   400   100   261   300   200   300   400   300   400   508   252   300   400   300   400   500   400   500   600   300   566   500   400   500   600  
 442   200   300   200   100   200   300   211   300   400   300   400   349   200   300   400   300   400   500   400   500   400   300   400   500   400   500   200   100   200   100     0   100   200   100   202   300   255   300   200   100   200   300   200   300   400   300   400   300   200   300   400   300   481   300   200   300   200   136   202   300   200   300   400   300   592   300   200   300   400   300   585   500   400   500   402   413   400   500   400   500  
 400   300   287   300   200   100   529   413   200   500   400   300   584   300   200   500   432   300   600   500   400   670   400   300   600   500   587   300   216   100   200   118     0   300   200   100   400   300   295   300   200   100   400   362   200   500   400   300   454   300   200   500   524   300   400   300   211   300   200   102   400   300   215   500   400   300   400   300   200   500   400   300   600   500   400   500   400   435   600   500   441  
 300   400   500   227   300   549   100   266   300   400   500   600   341   400   500   200   300   400   500   600   700   400   500   818   300   400   500   200   300   400   100   200   300     0   100   200   300   452   500   200   300   400   100   200   386   400   500   600   390   400   500   200   300   400   301   400   742   200   300   400   100   200   300   400   610   600   300   400   625   200   300   400   500   600   700   400   500   600   300   400   500  
 524   442   400   300   200   300   265   100   275   500   400   500   466   300   400   300   200   300   600   500   659   500   400   576   400   300   443   300   200   398   200   100   200   100     0   120   400   300   400   300   200   300   200   116   299   500   400   500   400   300   400   357   200   300   400   300   400   300   200   300   226   100   282   500   400   500   400   300   400   300   200   300   613   500   600   691   400   629   400   438   400  
 500   400   300   400   300   200   300   200   100   600   500   400   516   400   300   400   300   200   700   600   500   767   556   401   500   400   300   400   448   200   300   200   100   200   106     0   500   400   300   400   300   200   300   200   100   600   518   400   513   400   424   400   300   200   500   400   300   400   300   200   300   200   100   600   500   400   500   400   345   400   300   200   700   600   500   600   500   400   500   420   300  
 200   300   400   300   400   500   400   500   600   141   200   300   200   300   400   300   400   509   200   300   473   300   412   500   400   572   600   100   200   365   200   300   400   300   549   500     0   100   200   100   200   300   200   300   400   100   200   300   200   300   400   300   400   500   200   300   400   300   400   500   400   500   743   141   200   360   200   300   400   300   400   500   200   300   400   391   400   500   400   500   600  
 300   200   368   454   300   400   500   400   500   200   100   200   300   200   300   585   300   530   300   200   300   400   300   400   710   400   500   200   101   278   431   200   333   400   300   400   111     0   100   200   100   201   300   200   300   200   100   243   300   200   300   400   300   400   300   229   300   585   300   400   510   400   500   200   100   253   300   200   300   400   300   400   300   200   363   501   300   400   500   400   500  
 400   300   200   500   400   300   600   500   400   300   200   100   400   300   200   500   400   300   400   300   200   500   400   311   600   500   400   300   200   100   400   300   200   500   400   300   200   100     0   300   200   100   529   300   200   300   200   126   575   300   273   554   400   300   578   300   200   500   400   300   815   500   400   300   200   100   400   300   200   500   400   370   400   300   200   500   400   306   600   500   400  
 300   400   500   200   300   400   300   400   500   200   300   400   100   200   406   200   300   400   300   513   500   200   300   400   300   400   500   200   300   587   100   200   300   200   300   400   100   200   364     0   100   200   100   200   300   204   300   400   100   200   300   200   300   400   300   490   500   200   413   400   359   400   528   200   300   528   100   200   300   200   414   400   338   400   500   237   300   400   300   541   500  
 400   300   400   407   200   300   400   300   438   300   200   300   296   100   200   300   200   300   400   300   400   300   200   354   571   300   400   300   200   300   200   100   233   300   200   300   200   142   222   100     0   100   200   105   200   300   213   300   200   100   200   300   200   300   400   300   400   338   200   422   400   300   400   300   200   300   200   100   200   300   237   395   495   300   400   300   209   300   400   300   469  
 500   400   300   400   300   279   500   479   300   400   444   200   300   200   103   400   300   200   500   400   410   400   300   280   529   400   418   400   300   200   300   200   109   400   300   200   413   200   100   200   100     0   300   200   100   400   300   200   353   200   100   406   300   200   500   544   300   400   300   205   500   563   300   400   300   200   300   200   132   400   300   200   500   400   404   400   300   200   500   400   410  
 400   500   600   300   400   500   200   300   400   300   400   598   200   340   400   100   200   300   442   500   717   300   400   500   228   300   400   300   400   500   200   362   400   100   200   300   200   437   400   100   295   300     0   100   200   300   400   500   200   300   435   100   200   300   400   500   600   366   400   582   200   300   400   300   400   711   200   300   400   100   200   300   535   500   659   300   400   500   200   300   400  
 500   400   500   400   416   488   300   200   300   400   424   400   311   219   300   205   100   200   535   400   500   400   313   400   300   200   300   400   300   400   300   200   300   200   100   200   395   200   300   200   100   200   100     0   100   400   300   400   300   219   324   200   100   200   500   400   500   400   300   410   300   200   404   400   300   400   300   200   300   200   100   200   500   446   589   400   300   400   300   200   300  
 600   500   400   610   400   300   400   300   200   500   400   300   400   300   200   300   200   100   792   500   400   500   400   370   400   300   265   500   400   300   400   393   200   300   200   107   400   300   200   300   200   100   200   100     0   548   400   300   400   441   200   300   293   100   600   500   400   500   400   300   400   300   200   500   557   300   499   300   284   300   200   100   872   500   433   500   400   300   400   300   200  
 300   400   500   400   500   600   626   600   700   200   300   400   300   492   500   400   500   600   100   200   300   200   300   400   300   503   500   200   300   450   300   510   500   400   668   670   100   200   300   200   300   400   300   554   603     0   100   200   133   200   445   200   300   400   300   400   500   446   500   600   570   600   700   233   300   531   300   400   500   400   500   600   100   200   309   200   300   400   300   400   583  
 400   300   400   500   497   500   600   739   600   300   200   300   400   448   400   500   400   500   200   149   287   300   200   378   400   331   400   300   200   300   400   316   400   500   400   500   207   100   245   303   200   300   400   300   557   100     0   100   200   100   200   300   200   300   578   360   400   500   400   500   600   500   600   413   200   300   400   300   400   500   400   500   200   100   200   300   200   300   483   300   400  
 500   400   300   880   500   400   700   600   500   400   369   200   500   477   315   600   642   524   350   200   100   400   300   200   500   400   300   400   413   200   500   400   300   600   500   400   300   200   125   400   300   200   500   400   300   200   100     0   300   200   100   400   300   200   500   400   440   600   500   514   700   600   533   523   300   200   500   400   300   600   500   400   300   200   100   400   300   200   500   400   300  
 400   500   600   300   400   500   554   665   600   300   400   500   200   300   400   392   400   662   201   300   400   100   200   300   200   300   532   300   400   500   200   300   400   300   400   500   200   300   400   112   200   300   200   404   400   131   200   300     0   100   264   127   200   300   400   500   600   300   400   500   400   500   600   300   400   698   200   300   400   300   400   500   200   300   400   138   200   300   200   300   400  
 500   400   500   558   300   400   500   400   500   400   300   400   300   200   300   400   427   400   300   200   300   200   100   200   300   200   300   400   370   400   300   200   300   400   300   400   300   200   300   207   100   200   300   200   300   200   100   287   100     0   100   200   111   200   623   400   500   485   420   400   500   400   530   444   300   400   300   242   300   400   300   507   300   200   301   200   100   200   300   200   300  
 600   500   400   500   560   435   600   500   400   500   400   400   400   300   200   500   400   300   400   300   200   300   200   100   400   300   200   500   400   300   400   300   290   500   400   337   576   300   200   300   226   100   472   300   200   300   200   100   200   113     0   300   200   100   664   500   400   500   400   345   600   500   400   709   400   300   400   300   200   500   400   300   400   300   237   300   200   100   468   300   201  
 500   600   700   407   500   600   346   400   500   400   500   600   300   400   500   200   300   400   371   400   500   200   300   400   100   242   300   400   500   600   300   400   500   200   300   400   400   472   500   290   300   400   100   200   338   200   300   400   100   200   300     0   149   200   500   600   700   400   500   600   300   400   500   437   500   600   300   574   500   200   300   438   300   400   500   200   300   400   100   200   300  
 879   500   639   645   400   500   400   300   400   683   514   600   400   300   400   300   218   393   400   300   505   300   212   300   200   109   200   500   400   500   400   300   400   300   200   300   400   333   400   300   200   434   200   120   281   300   225   300   214   100   200   100     0   109   847   500   600   500   400   500   400   300   407   500   560   500   400   354   400   300   200   314   400   300   400   371   253   300   200   100   200  
 965   600   500   600   500   400   500   400   300   600   500   400   500   400   300   400   300   234   500   400   300   400   300   200   300   200   140   600   500   400   500   400   300   400   300   200   662   400   446   400   300   200   300   200   100   400   300   200   300   200   100   200   109     0   700   600   500   786   704   591   500   400   300   600   745   400   631   400   300   400   300   200   500   400   300   427   300   212   398   200   109  
 200   300   400   300   400   725   400   500   600   300   400   500   400   500   600   500   600   700   400   570   600   500   600   700   600   738   932   100   200   300   200   300   400   300   400   500   200   300   400   300   462   500   400   500   600   382   400   500   400   521   600   705   600   700     0   100   200   100   210   300   200   300   400   100   200   300   200   300   400   300   400   500   200   300   400   300   400   500   400   552   738  
 316   200   300   507   324   439   500   400   500   400   440   400   500   501   500   600   500   600   500   400   500   600   564   600   700   600   700   200   100   200   300   203   300   400   426   400   300   200   300   400   300   400   500   400   500   400   300   400   500   400   500   600   500   600   117     0   100   238   100   200   300   200   300   258   100   200   300   200   300   400   300   400   344   200   300   400   300   400   500   400   500  
 400   300   200   500   400   436   600   500   400   500   548   300   663   500   400   700   600   500   698   500   400   881   600   500   800   700   600   300   200   100   400   300   236   500   400   300   400   300   200   500   400   300   600   522   400   500   400   300   600   500   400   758   702   700   241   100     0   300   200   101   502   300   200   300   200   146   400   300   200   500   400   328   400   300   200   500   400   300   600   500   400  
 375   400   500   200   300   400   300   400   742   400   500   600   330   400   500   400   500   820   650   600   700   400   500   600   500   600   700   200   300   400   100   266   300   288   300   502   300   400   500   200   300   400   300   400   500   400   500   600   300   400   646   425   500   600   100   200   399     0   100   200   100   200   424   254   300   486   100   200   300   200   300   400   300   400   500   200   300   446   429   400   506  
 400   300   400   300   200   300   421   300   400   500   400   734   400   319   400   500   534   500   600   500   852   500   400   500   600   522   600   300   200   300   200   100   200   300   200   300   400   300   400   300   212   300   400   300   400   500   400   500   400   300   400   500   400   500   200   100   200   100     0   100   276   100   200   300   200   300   200   100   200   300   232   300   400   300   510   300   200   300   504   324   400  
 500   497   402   400   300   200   500   400   300   600   638   400   500   400   300   600   500   400   700   600   500   600   500   400  1024   600   649   400   410   221   300   200   100   462   300   200   507   400   300   400   300   200   578   400   300   600   500   400   500   400   300   600   709   400   300   200   100   200   108     0   300   200   100   400   300   240   345   200   100   400   300   200   500   400   300   400   300   200   500   400   300  
 578   500   600   300   436   500   200   333   400   500   600   700   400   500   600   300   400   500   600   700   800   500   600   700   400   500   600   300   400   500   200   300   400   143   200   321   400   500   600   300   400   500   200   300   400   500   600   812   400   500   661   300   400   745   200   300   400   100   200   300     0   100   200   325   400   500   200   300   400   100   200   300   521   709   787   300   478   500   200   446   531  
 544   400   500   400   300   580   300   289   300   600   500   600   500   400   500   400   300   400   700   600   700   600   500   789   500   495   508   400   300   400   300   200   300   200   100   200   500   400   500   400   300   400   300   262   300   600   500   825   535   400   500   400   300   400   300   200   300   200   100   200   100     0   147   400   300   575   300   200   300   205   100   200   500   400   500   400   300   400   300   200   300  
 796   500   400   500   400   438   400   300   205   700   642   513   600   500   400   500   428   300   800   700   600   700   600   500   600   500   400   500   400   376   400   300   200   300   200   100   600   500   400   500   400   430   400   300   200   700   600   500   600   500   400   581   400   392   400   300   200   300   200   100   200   100     0   517   400   300   501   300   200   300   200   100   600   500   400   724   400   300   400   300   200  
 300   400   500   400   500   796   500   600   700   200   300   400   300   400   500   400   500   600   300   400   500   400   745   600   500   600   750   200   300   400   300   400   726   400   500   600   100   200   300   200   300   400   300   400   500   200   300   400   300   400   500   400   500   600   100   200   300   200   411   400   300   400   695     0   100   200   100   200   300   200   300   545   100   200   300   200   300   400   300   400   664  
 400   300   400   500   400   500   600   500   600   300   200   300   400   300   400   500   400   500   584   300   400   500   469   500   600   500   600   305   200   300   400   300   512   500   542   500   200   100   200   300   200   300   400   300   400   309   260   300   400   300   400   500   400   500   200   100   200   300   200   300   400   300   400   138     0   104   200   100   231   300   200   300   200   100   265   300   219   300   400   300   457  
 506   400   300   886   500   400   700   600   500   426   300   200   500   498   300   600   739   400   500   571   300   600   596   400   813   600   500   400   403   221   500   400   300   600   500   400   300   200   100   573   300   200   689   400   300   543   300   248   500   535   300   600   722   530   300   200   100   423   300   281   500   400   300   200   100     0   300   236   110   400   300   220   300   200   100   400   300   200   500   400   300  
 400   500   600   346   400   500   400   584   600   300   404   500   200   300   400   300   473   626   400   500   600   300   400   500   400   500   600   355   400   500   200   399   486   300   400   500   238   300   400   138   200   300   200   300   510   300   400   500   200   359   400   300   400   500   200   300   400   100   200   300   200   300   400   100   286   425     0   100   200   100   200   300   200   300   447   100   200   300   200   300   400  
 675   559   500   400   300   400   500   400   500   400   300   534   300   238   300   400   300   400   500   400   517   400   300   400   500   400   500   400   300   400   300   200   300   456   300   400   400   200   300   251   100   200   300   200   300   400   354   400   300   200   414   400   300   400   300   200   319   200   121   200   300   243   300   200   100   250   100     0   100   200   100   200   300   200   300   200   100   208   300   200   300  
 600   500   452   500   400   300   600   500   406   747   400   300   400   411   200   500   400   300   600   500   414   657   400   362   886   526   452   500   400   300   400   300   200   618   400   300   400   300   200   300   200   100   400   335   200   500   403   300   400   300   200   500   400   362   400   300   200   370   200   146   411   300   200   300   200   100   200   100     0   300   200   100   400   300   200   300   200   100   400   300   244  
 550   600   700   400   500   732   300   400   500   400   500   600   300   400   500   200   300   400   735   600   700   400   500   600   300   400   500   400   500   600   300   400   500   225   300   400   300   400   500   288   300   400   100   200   300   400   500   600   300   400   500   214   300   487   300   400   745   286   300   400   100   211   300   200   300   400   100   200   300     0   100   200   300   400   500   200   300   400   140   200   300  
 600   500   600   704   400   500   596   300   400   500   400   500   400   300   400   300   200   300   600   500   876   500   400   500   408   392   400   500   400   500   400   300   529   300   285   300   407   300   400   300   200   300   200   100   200   500   400   500   400   300   400   300   250   300   400   359   400   300   200   300   200   100   200   300   200   300   200   100   200   134     0   101   400   435   400   300   200   391   200   100   200  
1014   600   564   600   500   400   500   400   300   771   500   400   500   400   314   400   300   200   700   600   509   863   500   552   500   400   300   600   500   400   500   400   300   400   431   200   688   400   300   400   300   200   300   226   125   600   500   400   500   400   300   400   436   200   500   545   300   400   300   200   300   200   100   466   300   200   300   200   100   259   100     0   500   400   371   400   300   200   300   200   100  
 400   593   876   500   600   700   600   700   922   300   400   627   400   500   600   500   600   700   200   300   400   300   400   500   400   500   747   300   400   568   400   500   600   500   600   700   259   300   400   369   400   500   400   500   600   120   200   446   264   386   400   383   554   500   200   300   400   325   400   525   409   500   600   100   200   300   290   300   400   300   400   660     0   100   200   100   200   352   200   413   575  
 500   557   500   600   577   600   700   600   700   400   300   400   649   400   500   600   500   641   300   200   300   400   300   400   726   400   500   400   300   400   500   400   500   600   500   600   300   200   309   535   300   400   500   449   500   200   100   200   300   200   300   400   300   400   300   265   300   400   348   400   500   453   500   200   100   200   300   200   300   400   300   400   100     0   138   200   100   200   392   200   300  
 600   500   550   700   600   500   870   700   600   500   400   300   600   500   400   700   600   500   400   300   268   717   420   300   600   500   400   500   400   300   877   500   400   700   600   500   400   370   200   500   400   300   600   500   400   300   200   100   400   300   200   656   400   300   400   300   254   500   400   300   600   500   400   300   273   100   400   314   200   500   400   300   200   100     0   300   200   100   400   300   200  
 516   600  1008   400   500   600   500   600  1000   434   500   793   300   513   533   400   729   600   300   400   500   200   300   457   300   400   500   499   500   860   300   400   500   508   500   600   300   400   500   200   300   400   350   400   500   200   355   400   100   284   300   200   300   508   352   400   500   200   375   400   300   400   500   200   300   400   100   200   300   200   300   400   100   200   300     0   100   200   112   200   300  
 600   672   628   500   534   662   600   537   600   669   400   500   505   331   573   500   400   500   420   300   400   300   200   300   400   300   400   500   400   500   442   414   400   500   400   500   400   300   570   435   200   300   400   308   484   300   200   300   276   135   200   398   200   300   477   404   400   440   273   300   543   300   400   300   200   425   200   100   200   300   285   300   200   148   212   100     0   100   200   100   234  
 892   600   500   600   500   400   700   600   500   600   689   400   500   400   300   600   500   400   500   400   300   400   300   275   500   400   300   600   500   400   500   488   300   600   500   400   500   452   300   400   300   200   500   400   300   547   300   200   300   257   100   400   300   200   500   592   300   400   300   200   500   400   300   400   300   200   300   200   100   460   300   200   300   200   100   200   100     0   300   200   100  
 600   700   800   500   600   700   400   500   600   500   600   700   400   500   600   323   400   500   400   500   600   300   579   500   200   325   400   500   600   855   400   500   600   300   400   500   400   500   600   300   400   500   200   300   400   300   400   500   246   300   400   100   200   300   400   642   625   300   400   500   200   300   530   342   474   500   200   300   400   102   200   300   200   300   400   100   249   300     0   134   214  
 700   600   700   600   500   600   500   556   500   600   500   600   500   496   500   400   300   575   500   489   500   400   300   400   300   200   300   600   500   665   500   400   500   421   428   400   500   400   500   400   300   400   300   281   300   508   300   400   300   200   300   261   100   263   500   400   500   400   420   400   300   200   300   566   300   400   300   200   300   200   100   200   300   200   386   200   100   200   122     0   100  
 800   700   600   700   718   500   804   500   400   700   600   500   713   500   400   626   400   300   600   500   400   500   400   300   400   320   200   895   896   500   600   624   400   500   400   300   600   500   400   582   400   300   400   300   200   500   400   376   400   300   200   304   200   100   841   683   400   500   400   300   400   300   200   528   400   300   400   300   292   328   200   100   400   300   208   384   200   100   200   131     0  

   0   125     0   100     0     0     0     0     0   148     0     0     0     0     0     0     0     0     0     0     0     0     0     0     0     0     0   116     0     0     0     0     0     0     0     0     0     0     0     0     0     0     0     0     0     0     0     0     0     0     0     0     0     0     0     0     0     0     0     0     0     0     0     0     0     0     0     0     0     0     0     0     0     0     0     0     0     0     0     0     0  
 107     0   132     0   144     0     0     0     0     0   137     0     0     0     0     0     0     0     0     0     0     0     0     0     0     0     0     0   100     0     0     0     0     0     0     0     0     0     0     0     0     0     0     0     0     0     0     0     0     0     0     0     0     0     0     0     0     0     0     0     0     0     0     0     0     0     0     0     0     0     0     0     0     0     0     0     0     0     0     0     0  
   0   131     0     0     0   132     0     0     0     0     0   124     0     0     0     0     0     0     0     0     0     0     0     0     0     0     0     0     0   135     0     0     0     0     0     0     0     0     0     0     0     0     0     0     0     0     0     0     0     0     0     0     0     0     0     0     0     0     0     0     0     0     0     0     0     0     0     0     0     0     0     0     0     0     0     0     0     0     0     0     0  
 104     0     0     0   127     0   139     0     0     0     0     0   140     0     0     0     0     0     0     0     0     0     0     0     0     0     0     0     0     0   107     0     0     0     0     0     0     0     0     0     0     0     0     0     0     0     0     0     0     0     0     0     0     0     0     0     0     0     0     0     0     0     0     0     0     0     0     0     0     0     0     0     0     0     0     0     0     0     0     0     0  
   0   100     0   120     0   106     0   108     0     0     0     0     0   146     0     0     0     0     0     0     0     0     0     0     0     0     0     0     0     0     0   112     0     0     0     0     0     0     0     0     0     0     0     0     0     0     0     0     0     0     0     0     0     0     0     0     0     0     0     0     0     0     0     0     0     0     0     0     0     0     0     0     0     0     0     0     0     0     0     0     0  
   0     0   106     0   142     0     0     0   106     0     0     0     0     0   119     0     0     0     0     0     0     0     0     0     0     0     0     0     0     0     0     0   130     0     0     0     0     0     0     0     0     0     0     0     0     0     0     0     0     0     0     0     0     0     0     0     0     0     0     0     0     0     0     0     0     0     0     0     0     0     0     0     0     0     0     0     0     0     0     0     0  
   0     0     0   140     0     0     0   132     0     0     0     0     0     0     0   115     0     0     0     0     0     0     0     0     0     0     0     0     0     0     0     0     0   109     0     0     0     0     0     0     0     0     0     0     0     0     0     0     0     0     0     0     0     0     0     0     0     0     0     0     0     0     0     0     0     0     0     0     0     0     0     0     0     0     0     0     0     0     0     0     0  
   0     0     0     0   103     0   123     0   102     0     0     0     0     0     0     0   115     0     0     0     0     0     0     0     0     0     0     0     0     0     0     0     0     0   149     0     0     0     0     0     0     0     0     0     0     0     0     0     0     0     0     0     0     0     0     0     0     0     0     0     0     0     0     0     0     0     0     0     0     0     0     0     0     0     0     0     0     0     0     0     0  
   0     0     0     0     0   124     0   119     0     0     0     0     0     0     0     0     0   140     0     0     0     0     0     0     0     0     0     0     0     0     0     0     0     0     0   141     0     0     0     0     0     0     0     0     0     0     0     0     0     0     0     0     0     0     0     0     0     0     0     0     0     0     0     0     0     0     0     0     0     0     0     0     0     0     0     0     0     0     0     0     0  
 124     0     0     0     0     0     0     0     0     0   101     0   111     0     0     0     0     0   128     0     0     0     0     0     0     0     0     0     0     0     0     0     0     0     0     0   133     0     0     0     0     0     0     0     0     0     0     0     0     0     0     0     0     0     0     0     0     0     0     0     0     0     0     0     0     0     0     0     0     0     0     0     0     0     0     0     0     0     0     0     0  
   0   143     0     0     0     0     0     0     0   115     0   113     0   135     0     0     0     0     0   105     0     0     0     0     0     0     0     0     0     0     0     0     0     0     0     0     0   141     0     0     0     0     0     0     0     0     0     0     0     0     0     0     0     0     0     0     0     0     0     0     0     0     0     0     0     0     0     0     0     0     0     0     0     0     0     0     0     0     0     0     0  
   0     0   119     0     0     0     0     0     0     0   115     0     0     0   112     0     0     0     0     0   126     0     0     0     0     0     0     0     0     0     0     0     0     0     0     0     0     0   112     0     0     0     0     0     0     0     0     0     0     0     0     0     0     0     0     0     0     0     0     0     0     0     0     0     0     0     0     0     0     0     0     0     0     0     0     0     0     0     0     0     0  
   0     0     0   136     0     0     0     0     0   144     0     0     0   144     0   141     0     0     0     0     0   118     0     0     0     0     0     0     0     0     0     0     0     0     0     0     0     0     0   126     0     0     0     0     0     0     0     0     0     0     0     0     0     0     0     0     0     0     0     0     0     0     0     0     0     0     0     0     0     0     0     0     0     0     0     0     0     0     0     0     0  
   0     0     0     0   143     0     0     0     0     0   144     0   143     0   110     0   120     0     0     0     0     0   113     0     0     0     0     0     0     0     0     0     0     0     0     0     0     0     0     0   135     0     0     0     0     0     0     0     0     0     0     0     0     0     0     0     0     0     0     0     0     0     0     0     0     0     0     0     0     0     0     0     0     0     0     0     0     0     0     0     0  
   0     0     0     0     0   140     0     0     0     0     0   132     0   146     0     0     0   110     0     0     0     0     0   132     0     0     0     0     0     0     0     0     0     0     0     0     0     0     0     0     0   106     0     0     0     0     0     0     0     0     0     0     0     0     0     0     0     0     0     0     0     0     0     0     0     0     0     0     0     0     0     0     0     0     0     0     0     0     0     0     0  
   0     0     0     0     0     0   108     0     0     0     0     0   124     0     0     0   141     0     0     0     0     0     0     0   114     0     0     0     0     0     0     0     0     0     0     0     0     0     0     0     0     0   117     0     0     0     0     0     0     0     0     0     0     0     0     0     0     0     0     0     0     0     0     0     0     0     0     0     0     0     0     0     0     0     0     0     0     0     0     0     0  
   0     0     0     0     0     0     0   145     0     0     0     0     0   110     0   144     0   122     0     0     0     0     0     0     0   116     0     0     0     0     0     0     0     0     0     0     0     0     0     0     0     0     0   106     0     0     0     0     0     0     0     0     0     0     0     0     0     0     0     0     0     0     0     0     0     0     0     0     0     0     0     0     0     0     0     0     0     0     0     0     0  
   0     0     0     0     0     0     0     0   124     0     0     0     0     0   136     0   129     0     0     0     0     0     0     0     0     0   120     0     0     0     0     0     0     0     0     0     0     0     0     0     0     0     0     0   139     0     0     0     0     0     0     0     0     0     0     0     0     0     0     0     0     0     0     0     0     0     0     0     0     0     0     0     0     0     0     0     0     0     0     0     0  
   0     0     0     0     0     0     0     0     0   117     0     0     0     0     0     0     0     0     0   121     0   144     0     0     0     0     0     0     0     0     0     0     0     0     0     0     0     0     0     0     0     0     0     0     0   103     0     0     0     0     0     0     0     0     0     0     0     0     0     0     0     0     0     0     0     0     0     0     0     0     0     0     0     0     0     0     0     0     0     0     0  
   0     0     0     0     0     0     0     0     0     0   114     0     0     0     0     0     0     0   141     0   128     0   110     0     0     0     0     0     0     0     0     0     0     0     0     0     0     0     0     0     0     0     0     0     0     0   107     0     0     0     0     0     0     0     0     0     0     0     0     0     0     0     0     0     0     0     0     0     0     0     0     0     0     0     0     0     0     0     0     0     0  
   0     0     0     0     0     0     0     0     0     0     0   133     0     0     0     0     0     0     0   122     0     0     0   112     0     0     0     0     0     0     0     0     0     0     0     0     0     0     0     0     0     0     0     0     0     0     0   138     0     0     0     0     0     0     0     0     0     0     0     0     0     0     0     0     0     0     0     0     0     0     0     0     0     0     0     0     0     0     0     0     0  
   0     0     0     0     0     0     0     0     0     0     0     0   132     0     0     0     0     0   102     0     0     0   110     0   131     0     0     0     0     0     0     0     0     0     0     0     0     0     0     0     0     0     0     0     0     0     0     0   104     0     0     0     0     0     0     0     0     0     0     0     0     0     0     0     0     0     0     0     0     0     0     0     0     0     0     0     0     0     0     0     0  
   0     0     0     0     0     0     0     0     0     0     0     0     0   136     0     0     0     0     0   126     0   114     0   108     0   118     0     0     0     0     0     0     0     0     0     0     0     0     0     0     0     0     0     0     0     0     0     0     0   149     0     0     0     0     0     0     0     0     0     0     0     0     0     0     0     0     0     0     0     0     0     0     0     0     0     0     0     0     0     0     0  
   0     0     0     0     0     0     0     0     0     0     0     0     0     0   139     0     0     0     0     0   115     0   147     0     0     0   100     0     0     0     0     0     0     0     0     0     0     0     0     0     0     0     0     0     0     0     0     0     0     0   147     0     0     0     0     0     0     0     0     0     0     0     0     0     0     0     0     0     0     0     0     0     0     0     0     0     0     0     0     0     0  
   0     0     0     0     0     0     0     0     0     0     0     0     0     0     0   101     0     0     0     0     0   130     0     0     0   145     0     0     0     0     0     0     0     0     0     0     0     0     0     0     0     0     0     0     0     0     0     0     0     0     0   110     0     0     0     0     0     0     0     0     0     0     0     0     0     0     0     0     0     0     0     0     0     0     0     0     0     0     0     0     0  
   0     0     0     0     0     0     0     0     0     0     0     0     0     0     0     0   110     0     0     0     0     0   142     0   144     0   134     0     0     0     0     0     0     0     0     0     0     0     0     0     0     0     0     0     0     0     0     0     0     0     0     0   117     0     0     0     0     0     0     0     0     0     0     0     0     0     0     0     0     0     0     0     0     0     0     0     0     0     0     0     0  
   0     0     0     0     0     0     0     0     0     0     0     0     0     0     0     0     0   138     0     0     0     0     0   124     0   100     0     0     0     0     0     0     0     0     0     0     0     0     0     0     0     0     0     0     0     0     0     0     0     0     0     0     0   122     0     0     0     0     0     0     0     0     0     0     0     0     0     0     0     0     0     0     0     0     0     0     0     0     0     0     0  
 145     0     0     0     0     0     0     0     0     0     0     0     0     0     0     0     0     0     0     0     0     0     0     0     0     0     0     0   132     0   115     0     0     0     0     0   149     0     0     0     0     0     0     0     0     0     0     0     0     0     0     0     0     0   143     0     0     0     0     0     0     0     0     0     0     0     0     0     0     0     0     0     0     0     0     0     0     0     0     0     0  
   0   103     0     0     0     0     0     0     0     0     0     0     0     0     0     0     0     0     0     0     0     0     0     0     0     0     0   127     0   114     0   138     0     0     0     0     0   148     0     0     0     0     0     0     0     0     0     0     0     0     0     0     0     0     0   114     0     0     0     0     0     0     0     0     0     0     0     0     0     0     0     0     0     0     0     0     0     0     0     0     0  
   0     0   102     0     0     0     0     0     0     0     0     0     0     0     0     0     0     0     0     0     0     0     0     0     0     0     0     0   102     0     0     0   149     0     0     0     0     0   114     0     0     0     0     0     0     0     0     0     0     0     0     0     0     0     0     0   117     0     0     0     0     0     0     0     0     0     0     0     0     0     0     0     0     0     0     0     0     0     0     0     0  
   0     0     0   140     0     0     0     0     0     0     0     0     0     0     0     0     0     0     0     0     0     0     0     0     0     0     0   114     0     0     0   102     0   140     0     0     0     0     0   103     0     0     0     0     0     0     0     0     0     0     0     0     0     0     0     0     0   134     0     0     0     0     0     0     0     0     0     0     0     0     0     0     0     0     0     0     0     0     0     0     0  
   0     0     0     0   110     0     0     0     0     0     0     0     0     0     0     0     0     0     0     0     0     0     0     0     0     0     0     0   124     0   135     0   120     0   102     0     0     0     0     0   133     0     0     0     0     0     0     0     0     0     0     0     0     0     0     0     0     0   129     0     0     0     0     0     0     0     0     0     0     0     0     0     0     0     0     0     0     0     0     0     0  
   0     0     0     0     0   103     0     0     0     0     0     0     0     0     0     0     0     0     0     0     0     0     0     0     0     0     0     0     0   117     0   125     0     0     0   143     0     0     0     0     0   114     0     0     0     0     0     0     0     0     0     0     0     0     0     0     0     0     0   114     0     0     0     0     0     0     0     0     0     0     0     0     0     0     0     0     0     0     0     0     0  
   0     0     0     0     0     0   108     0     0     0     0     0     0     0     0     0     0     0     0     0     0     0     0     0     0     0     0     0     0     0   147     0     0     0   102     0     0     0     0     0     0     0   103     0     0     0     0     0     0     0     0     0     0     0     0     0     0     0     0     0   146     0     0     0     0     0     0     0     0     0     0     0     0     0     0     0     0     0     0     0     0  
   0     0     0     0     0     0     0   134     0     0     0     0     0     0     0     0     0     0     0     0     0     0     0     0     0     0     0     0     0     0     0   128     0   132     0   136     0     0     0     0     0     0     0   136     0     0     0     0     0     0     0     0     0     0     0     0     0     0     0     0     0   148     0     0     0     0     0     0     0     0     0     0     0     0     0     0     0     0     0     0     0  
   0     0     0     0     0     0     0     0   126     0     0     0     0     0     0     0     0     0     0     0     0     0     0     0     0     0     0     0     0     0     0     0   124     0   104     0     0     0     0     0     0     0     0     0   124     0     0     0     0     0     0     0     0     0     0     0     0     0     0     0     0     0   121     0     0     0     0     0     0     0     0     0     0     0     0     0     0     0     0     0     0  
   0     0     0     0     0     0     0     0     0   130     0     0     0     0     0     0     0     0     0     0     0     0     0     0     0     0     0   140     0     0     0     0     0     0     0     0     0   131     0   142     0     0     0     0     0   129     0     0     0     0     0     0     0     0     0     0     0     0     0     0     0     0     0   102     0     0     0     0     0     0     0     0     0     0     0     0     0     0     0     0     0  
   0     0     0     0     0     0     0     0     0     0   114     0     0     0     0     0     0     0     0     0     0     0     0     0     0     0     0     0   144     0     0     0     0     0     0     0   137     0   135     0   121     0     0     0     0     0   108     0     0     0     0     0     0     0     0     0     0     0     0     0     0     0     0     0   123     0     0     0     0     0     0     0     0     0     0     0     0     0     0     0     0  
   0     0     0     0     0     0     0     0     0     0     0   114     0     0     0     0     0     0     0     0     0     0     0     0     0     0     0     0     0   139     0     0     0     0     0     0     0   105     0     0     0   142     0     0     0     0     0   105     0     0     0     0     0     0     0     0     0     0     0     0     0     0     0     0     0   139     0     0     0     0     0     0     0     0     0     0     0     0     0     0     0  
   0     0     0     0     0     0     0     0     0     0     0     0   137     0     0     0     0     0     0     0     0     0     0     0     0     0     0     0     0     0   107     0     0     0     0     0   123     0     0     0   106     0   136     0     0     0     0     0   127     0     0     0     0     0     0     0     0     0     0     0     0     0     0     0     0     0   105     0     0     0     0     0     0     0     0     0     0     0     0     0     0  
   0     0     0     0     0     0     0     0     0     0     0     0     0   109     0     0     0     0     0     0     0     0     0     0     0     0     0     0     0     0     0   134     0     0     0     0     0   129     0   107     0   117     0   138     0     0     0     0     0   133     0     0     0     0     0     0     0     0     0     0     0     0     0     0     0     0     0   145     0     0     0     0     0     0     0     0     0     0     0     0     0  
   0     0     0     0     0     0     0     0     0     0     0     0     0     0   147     0     0     0     0     0     0     0     0     0     0     0     0     0     0     0     0     0   109     0     0     0     0     0   116     0   102     0     0     0   125     0     0     0     0     0   127     0     0     0     0     0     0     0     0     0     0     0     0     0     0     0     0     0   124     0     0     0     0     0     0     0     0     0     0     0     0  
   0     0     0     0     0     0     0     0     0     0     0     0     0     0     0   113     0     0     0     0     0     0     0     0     0     0     0     0     0     0     0     0     0   110     0     0     0     0     0   117     0     0     0   113     0     0     0     0     0     0     0   124     0     0     0     0     0     0     0     0     0     0     0     0     0     0     0     0     0   100     0     0     0     0     0     0     0     0     0     0     0  
   0     0     0     0     0     0     0     0     0     0     0     0     0     0     0     0   114     0     0     0     0     0     0     0     0     0     0     0     0     0     0     0     0     0   129     0     0     0     0     0   119     0   117     0   146     0     0     0     0     0     0     0   144     0     0     0     0     0     0     0     0     0     0     0     0     0     0     0     0     0   138     0     0     0     0     0     0     0     0     0     0  
   0     0     0     0     0     0     0     0     0     0     0     0     0     0     0     0     0   119     0     0     0     0     0     0     0     0     0     0     0     0     0     0     0     0     0   113     0     0     0     0     0   131     0   114     0     0     0     0     0     0     0     0     0   148     0     0     0     0     0     0     0     0     0     0     0     0     0     0     0     0     0   104     0     0     0     0     0     0     0     0     0  
   0     0     0     0     0     0     0     0     0     0     0     0     0     0     0     0     0     0   127     0     0     0     0     0     0     0     0     0     0     0     0     0     0     0     0     0   123     0     0     0     0     0     0     0     0     0   142     0   109     0     0     0     0     0     0     0     0     0     0     0     0     0     0     0     0     0     0     0     0     0     0     0   100     0     0     0     0     0     0     0     0  
   0     0     0     0     0     0     0     0     0     0     0     0     0     0     0     0     0     0     0   100     0     0     0     0     0     0     0     0     0     0     0     0     0     0     0     0     0   137     0     0     0     0     0     0     0   144     0   136     0   143     0     0     0     0     0     0     0     0     0     0     0     0     0     0     0     0     0     0     0     0     0     0     0   145     0     0     0     0     0     0     0  
   0     0     0     0     0     0     0     0     0     0     0     0     0     0     0     0     0     0     0     0   149     0     0     0     0     0     0     0     0     0     0     0     0     0     0     0     0     0   149     0     0     0     0     0     0     0   106     0     0     0   148     0     0     0     0     0     0     0     0     0     0     0     0     0     0     0     0     0     0     0     0     0     0     0   100     0     0     0     0     0     0  
   0     0     0     0     0     0     0     0     0     0     0     0     0     0     0     0     0     0     0     0     0   112     0     0     0     0     0     0     0     0     0     0     0     0     0     0     0     0     0   120     0     0     0     0     0   142     0     0     0   100     0   112     0     0     0     0     0     0     0     0     0     0     0     0     0     0     0     0     0     0     0     0     0     0     0   110     0     0     0     0     0  
   0     0     0     0     0     0     0     0     0     0     0     0     0     0     0     0     0     0     0     0     0     0   137     0     0     0     0     0     0     0     0     0     0     0     0     0     0     0     0     0   114     0     0     0     0     0   139     0   143     0   112     0   101     0     0     0     0     0     0     0     0     0     0     0     0     0     0     0     0     0     0     0     0     0     0     0   125     0     0     0     0  
   0     0     0     0     0     0     0     0     0     0     0     0     0     0     0     0     0     0     0     0     0     0     0   102     0     0     0     0     0     0     0     0     0     0     0     0     0     0     0     0     0   126     0     0     0     0     0   148     0   130     0     0     0   104     0     0     0     0     0     0     0     0     0     0     0     0     0     0     0     0     0     0     0     0     0     0     0   147     0     0     0  
   0     0     0     0     0     0     0     0     0     0     0     0     0     0     0     0     0     0     0     0     0     0     0     0   127     0     0     0     0     0     0     0     0     0     0     0     0     0     0     0     0     0   119     0     0     0     0     0   121     0     0     0   111     0     0     0     0     0     0     0     0     0     0     0     0     0     0     0     0     0     0     0     0     0     0     0     0     0   112     0     0  
   0     0     0     0     0     0     0     0     0     0     0     0     0     0     0     0     0     0     0     0     0     0     0     0     0   102     0     0     0     0     0     0     0     0     0     0     0     0     0     0     0     0     0   125     0     0     0     0     0   144     0   126     0   139     0     0     0     0     0     0     0     0     0     0     0     0     0     0     0     0     0     0     0     0     0     0     0     0     0   114     0  
   0     0     0     0     0     0     0     0     0     0     0     0     0     0     0     0     0     0     0     0     0     0     0     0     0     0   123     0     0     0     0     0     0     0     0     0     0     0     0     0     0     0     0     0   121     0     0     0     0     0   105     0   111     0     0     0     0     0     0     0     0     0     0     0     0     0     0     0     0     0     0     0     0     0     0     0     0     0     0     0   137  
   0     0     0     0     0     0     0     0     0     0     0     0     0     0     0     0     0     0     0     0     0     0     0     0     0     0     0   127     0     0     0     0     0     0     0     0     0     0     0     0     0     0     0     0     0     0     0     0     0     0     0     0     0     0     0   142     0   130     0     0     0     0     0   145     0     0     0     0     0     0     0     0     0     0     0     0     0     0     0     0     0  
   0     0     0     0     0     0     0     0     0     0     0     0     0     0     0     0     0     0     0     0     0     0     0     0     0     0     0     0   130     0     0     0     0     0     0     0     0     0     0     0     0     0     0     0     0     0     0     0     0     0     0     0     0     0   133     0   125     0   102     0     0     0     0     0   147     0     0     0     0     0     0     0     0     0     0     0     0     0     0     0     0  
   0     0     0     0     0     0     0     0     0     0     0     0     0     0     0     0     0     0     0     0     0     0     0     0     0     0     0     0     0   125     0     0     0     0     0     0     0     0     0     0     0     0     0     0     0     0     0     0     0     0     0     0     0     0     0   132     0     0     0   125     0     0     0     0     0   136     0     0     0     0     0     0     0     0     0     0     0     0     0     0     0  
   0     0     0     0     0     0     0     0     0     0     0     0     0     0     0     0     0     0     0     0     0     0     0     0     0     0     0     0     0     0   123     0     0     0     0     0     0     0     0     0     0     0     0     0     0     0     0     0     0     0     0     0     0     0   103     0     0     0   136     0   102     0     0     0     0     0   102     0     0     0     0     0     0     0     0     0     0     0     0     0     0  
   0     0     0     0     0     0     0     0     0     0     0     0     0     0     0     0     0     0     0     0     0     0     0     0     0     0     0     0     0     0     0   112     0     0     0     0     0     0     0     0     0     0     0     0     0     0     0     0     0     0     0     0     0     0     0   129     0   132     0   122     0   148     0     0     0     0     0   135     0     0     0     0     0     0     0     0     0     0     0     0     0  
   0     0     0     0     0     0     0     0     0     0     0     0     0     0     0     0     0     0     0     0     0     0     0     0     0     0     0     0     0     0     0     0   122     0     0     0     0     0     0     0     0     0     0     0     0     0     0     0     0     0     0     0     0     0     0     0   114     0   145     0     0     0   144     0     0     0     0     0   108     0     0     0     0     0     0     0     0     0     0     0     0  
   0     0     0     0     0     0     0     0     0     0     0     0     0     0     0     0     0     0     0     0     0     0     0     0     0     0     0     0     0     0     0     0     0   120     0     0     0     0     0     0     0     0     0     0     0     0     0     0     0     0     0     0     0     0     0     0     0   131     0     0     0   133     0     0     0     0     0     0     0   138     0     0     0     0     0     0     0     0     0     0     0  
   0     0     0     0     0     0     0     0     0     0     0     0     0     0     0     0     0     0     0     0     0     0     0     0     0     0     0     0     0     0     0     0     0     0   121     0     0     0     0     0     0     0     0     0     0     0     0     0     0     0     0     0     0     0     0     0     0     0   105     0   133     0   119     0     0     0     0     0     0     0   110     0     0     0     0     0     0     0     0     0     0  
   0     0     0     0     0     0     0     0     0     0     0     0     0     0     0     0     0     0     0     0     0     0     0     0     0     0     0     0     0     0     0     0     0     0     0   149     0     0     0     0     0     0     0     0     0     0     0     0     0     0     0     0     0     0     0     0     0     0     0   144     0   102     0     0     0     0     0     0     0     0     0   122     0     0     0     0     0     0     0     0     0  
   0     0     0     0     0     0     0     0     0     0     0     0     0     0     0     0     0     0     0     0     0     0     0     0     0     0     0     0     0     0     0     0     0     0     0     0   135     0     0     0     0     0     0     0     0     0     0     0     0     0     0     0     0     0   134     0     0     0     0     0     0     0     0     0   104     0   117     0     0     0     0     0   145     0     0     0     0     0     0     0     0  
   0     0     0     0     0     0     0     0     0     0     0     0     0     0     0     0     0     0     0     0     0     0     0     0     0     0     0     0     0     0     0     0     0     0     0     0     0   134     0     0     0     0     0     0     0     0     0     0     0     0     0     0     0     0     0   120     0     0     0     0     0     0     0   118     0   142     0   112     0     0     0     0     0   145     0     0     0     0     0     0     0  
   0     0     0     0     0     0     0     0     0     0     0     0     0     0     0     0     0     0     0     0     0     0     0     0     0     0     0     0     0     0     0     0     0     0     0     0     0     0   147     0     0     0     0     0     0     0     0     0     0     0     0     0     0     0     0     0   146     0     0     0     0     0     0     0   123     0     0     0   140     0     0     0     0     0   132     0     0     0     0     0     0  
   0     0     0     0     0     0     0     0     0     0     0     0     0     0     0     0     0     0     0     0     0     0     0     0     0     0     0     0     0     0     0     0     0     0     0     0     0     0     0   131     0     0     0     0     0     0     0     0     0     0     0     0     0     0     0     0     0   122     0     0     0     0     0   143     0     0     0   123     0   129     0     0     0     0     0   126     0     0     0     0     0  
   0     0     0     0     0     0     0     0     0     0     0     0     0     0     0     0     0     0     0     0     0     0     0     0     0     0     0     0     0     0     0     0     0     0     0     0     0     0     0     0   124     0     0     0     0     0     0     0     0     0     0     0     0     0     0     0     0     0   106     0     0     0     0     0   103     0   117     0   137     0   113     0     0     0     0     0   144     0     0     0     0  
   0     0     0     0     0     0     0     0     0     0     0     0     0     0     0     0     0     0     0     0     0     0     0     0     0     0     0     0     0     0     0     0     0     0     0     0     0     0     0     0     0   113     0     0     0     0     0     0     0     0     0     0     0     0     0     0     0     0     0   133     0     0     0     0     0   108     0   101     0     0     0   146     0     0     0     0     0   144     0     0     0  
   0     0     0     0     0     0     0     0     0     0     0     0     0     0     0     0     0     0     0     0     0     0     0     0     0     0     0     0     0     0     0     0     0     0     0     0     0     0     0     0     0     0   125     0     0     0     0     0     0     0     0     0     0     0     0     0     0     0     0     0   145     0     0     0     0     0   136     0     0     0   125     0     0     0     0     0     0     0   117     0     0  
   0     0     0     0     0     0     0     0     0     0     0     0     0     0     0     0     0     0     0     0     0     0     0     0     0     0     0     0     0     0     0     0     0     0     0     0     0     0     0     0     0     0     0   113     0     0     0     0     0     0     0     0     0     0     0     0     0     0     0     0     0   105     0     0     0     0     0   113     0   100     0   105     0     0     0     0     0     0     0   145     0  
   0     0     0     0     0     0     0     0     0     0     0     0     0     0     0     0     0     0     0     0     0     0     0     0     0     0     0     0     0     0     0     0     0     0     0     0     0     0     0     0     0     0     0     0   106     0     0     0     0     0     0     0     0     0     0     0     0     0     0     0     0     0   122     0     0     0     0     0   116     0   109     0     0     0     0     0     0     0     0     0   131  
   0     0     0     0     0     0     0     0     0     0     0     0     0     0     0     0     0     0     0     0     0     0     0     0     0     0     0     0     0     0     0     0     0     0     0     0     0     0     0     0     0     0     0     0     0   133     0     0     0     0     0     0     0     0     0     0     0     0     0     0     0     0     0   110     0     0     0     0     0     0     0     0     0   109     0   117     0     0     0     0     0  
   0     0     0     0     0     0     0     0     0     0     0     0     0     0     0     0     0     0     0     0     0     0     0     0     0     0     0     0     0     0     0     0     0     0     0     0     0     0     0     0     0     0     0     0     0     0   118     0     0     0     0     0     0     0     0     0     0     0     0     0     0     0     0     0   118     0     0     0     0     0     0     0   135     0   136     0   111     0     0     0     0  
   0     0     0     0     0     0     0     0     0     0     0     0     0     0     0     0     0     0     0     0     0     0     0     0     0     0     0     0     0     0     0     0     0     0     0     0     0     0     0     0     0     0     0     0     0     0     0   101     0     0     0     0     0     0     0     0     0     0     0     0     0     0     0     0     0   140     0     0     0     0     0     0     0   107     0     0     0   111     0     0     0  
   0     0     0     0     0     0     0     0     0     0     0     0     0     0     0     0     0     0     0     0     0     0     0     0     0     0     0     0     0     0     0     0     0     0     0     0     0     0     0     0     0     0     0     0     0     0     0     0   145     0     0     0     0     0     0     0     0     0     0     0     0     0     0     0     0     0   109     0     0     0     0     0   145     0     0     0   147     0   112     0     0  
   0     0     0     0     0     0     0     0     0     0     0     0     0     0     0     0     0     0     0     0     0     0     0     0     0     0     0     0     0     0     0     0     0     0     0     0     0     0     0     0     0     0     0     0     0     0     0     0     0   147     0     0     0     0     0     0     0     0     0     0     0     0     0     0     0     0     0   105     0     0     0     0     0   137     0   116     0   122     0   132     0  
   0     0     0     0     0     0     0     0     0     0     0     0     0     0     0     0     0     0     0     0     0     0     0     0     0     0     0     0     0     0     0     0     0     0     0     0     0     0     0     0     0     0     0     0     0     0     0     0     0     0   119     0     0     0     0     0     0     0     0     0     0     0     0     0     0     0     0     0   130     0     0     0     0     0   106     0   143     0     0     0   109  
   0     0     0     0     0     0     0     0     0     0     0     0     0     0     0     0     0     0     0     0     0     0     0     0     0     0     0     0     0     0     0     0     0     0     0     0     0     0     0     0     0     0     0     0     0     0     0     0     0     0     0   145     0     0     0     0     0     0     0     0     0     0     0     0     0     0     0     0     0   109     0     0     0     0     0   110     0     0     0   138     0  
   0     0     0     0     0     0     0     0     0     0     0     0     0     0     0     0     0     0     0     0     0     0     0     0     0     0     0     0     0     0     0     0     0     0     0     0     0     0     0     0     0     0     0     0     0     0     0     0     0     0     0     0   102     0     0     0     0     0     0     0     0     0     0     0     0     0     0     0     0     0   132     0     0     0     0     0   110     0   105     0   109  
   0     0     0     0     0     0     0     0     0     0     0     0     0     0     0     0     0     0     0     0     0     0     0     0     0     0     0     0     0     0     0     0     0     0     0     0     0     0     0     0     0     0     0     0     0     0     0     0     0     0     0     0     0   125     0     0     0     0     0     0     0     0     0     0     0     0     0     0     0     0     0   139     0     0     0     0     0   101     0   101     0  
