81

   0   124   289   100   209   300   200   300   400   100   200   300   200   300   400   300   537   500   200   300   400   300   400   500   400   743   600   100   200   300   219   300   400   300   400   500   200   300   400   300   400   500   400   572   842   300   489   500   400   536   600   500   600   700   200   300   400   300   400   500   400   500   600   386   400   727   400   674   600   500   600   700   401   500   721   500   857   700   600   700   800  
 100     0   100   200   100   200   300   218   300   200   100   200   384   200   300   519   300   400   300   200   300   448   447   400   637   400   500   200   100   200   300   200   300   400   300   400   369   200   300   400   300   400   500   400   500   400   300   400   500   400   500   600   553   737   300   200   300   400   300   400   500   400   500   478   300   400   500   400   500   600   500   600   500   400   727   600   500   600   700   600   700  
 200   120     0   300   200   133   400   429   212   300   200   100   400   300   226   500   463   322   400   300   200   500   400   434   747   500   400   300   200   148   400   300   200   543   400   300   400   300   200   500   400   300   619   500   472   516   400   384   600   532   400   700   600   500   400   398   200   500   400   300   600   500   400   500   400   420   600   500   543   700   615   500   600   500   400   700   600   500   800   700   600  
 100   200   300     0   110   200   100   200   300   253   300   400   100   200   300   200   423   400   300   434   500   296   300   400   300   400   500   200   300   400   100   200   300   200   300   485   300   400   500   200   300   400   300   400   500   400   500   600   417   400   500   497   500   600   300   400   677   200   300   443   315   501   673   505   500   600   361   400   577   545   500   600   500   668   700   400   500   600   500   600   700  
 200   121   200   133     0   100   200   100   200   433   200   300   245   103   200   300   298   308   400   353   400   300   200   300   400   300   400   300   200   330   200   122   200   300   200   300   400   300   400   300   200   300   539   300   400   500   400   500   400   325   400   500   400   500   400   303   459   300   200   300   400   300   400   500   400   500   400   300   568   500   400   500   600   500   600   500   400   582   600   670   600  
 300   200   103   200   117     0   300   265   106   400   300   200   300   200   100   400   300   200   500   400   300   400   300   227   500   400   300   400   300   201   300   200   100   400   300   200   599   400   300   498   300   200   500   400   401   600   500   400   737   400   300   600   500   400   589   400   300   400   300   200   500   400   300   600   500   400   500   583   300   776   500   400   700   600   500   600   500   400   700   600   500  
 200   300   414   102   248   300     0   100   200   300   400   500   200   300   559   100   200   316   400   500   600   307   400   500   242   395   400   300   402   500   219   300   400   100   200   395   400   500   600   300   400   594   200   300   400   607   600   700   400   500   600   300   400   500   520   730   600   445   400   584   200   343   483   500   600   700   400   576   600   300   400   500   600   700   800   500   600   700   400   500   600  
 300   200   300   200   100   237   100     0   141   400   447   400   300   200   300   200   100   200   500   527   500   400   300   400   300   200   300   400   300   418   300   256   300   200   100   200   500   429   500   400   387   400   300   200   300   600   500   600   500   400   749   400   300   400   500   400   500   400   300   400   300   200   300   639   500   600   500   400   500   400   300   400   822   600   700   670   500   600   500   400   500  
 400   300   200   300   295   108   200   100     0   500   400   300   400   300   209   300   254   100   600   500   400   500   400   300   400   300   200   500   400   300   400   300   251   300   200   100   600   500   400   500   400   300   400   300   200   700   600   500   600   702   400   500   400   300   600   569   400   500   400   368   400   300   200   700   877   500   600   500   400   500   400   300   800   700   600   700   600   500   687   500   400  
 100   200   300   200   300   400   300   414   500     0   115   206   100   200   300   200   300   467   100   200   300   200   300   400   300   400   606   224   300   400   300   400   500   515   500   600   103   200   300   200   300   400   300   400   500   200   311   468   300   400   500   400   741   673   300   400   583   400   500   600   500   600   700   200   300   400   300   400   500   461   500   600   324   400   500   400   500   681   632   600   700  
 200   100   240   300   200   364   541   412   562   100     0   100   224   100   220   300   200   406   200   100   200   436   200   300   400   300   400   300   275   300   400   300   444   500   400   500   200   100   200   300   200   300   400   300   482   384   200   300   400   300   400   500   400   500   400   300   400   500   400   500   600   534   600   300   200   300   400   300   400   500   400   500   400   300   400   500   400   500   600   500   813  
 366   200   100   540   300   200   500   454   300   246   100     0   300   200   112   400   371   200   300   200   100   400   300   200   500   544   300   400   300   200   500   400   300   600   500   400   300   225   100   400   323   200   500   428   300   400   300   200   500   400   300   600   500   400   500   400   300   600   500   400   700   600   654   400   300   200   515   514   300   600   500   400   500   400   300   600   500   400   700   600   500  
 200   300   400   109   200   300   257   300   546   100   220   300     0   100   200   100   200   300   275   300   400   100   200   300   200   300   400   300   400   500   250   354   400   300   400   500   200   300   400   100   200   363   223   300   400   300   400   500   200   421   400   442   400   500   462   500   600   300   400   500   400   500   644   300   400   500   200   300   400   321   400   500   400   500   600   300   400   692   400   674   600  
 300   200   300   278   100   200   300   200   300   200   100   200   100     0   100   277   100   200   300   200   300   200   100   200   300   200   300   479   319   400   300   200   300   400   300   400   376   200   300   200   100   200   300   200   300   400   300   400   300   200   300   400   300   400   500   400   576   493   300   400   500   400   500   434   415   400   428   200   300   400   300   400   578   400   500   400   439   400   577   400   500  
 400   300   200   300   200   100   506   300   200   300   224   100   200   100     0   300   200   122   400   300   200   300   274   100   471   300   268   500   400   300   400   300   236   500   400   300   400   300   200   332   200   100   400   300   200   500   400   300   460   300   284   500   400   300   600   507   519   500   400   300   600   500   400   528   400   300   400   300   200   705   485   300   600   500   457   500   400   300   600   500   400  
 300   400   595   200   300   532   100   200   300   262   436   400   100   200   300     0   100   200   300   400   500   200   300   400   100   236   376   400   500   600   300   425   500   200   300   546   300   400   500   200   310   400   100   200   300   400   703   738   350   400   500   218   300   400   500   605   700   400   692   600   300   400   507   400   500   600   300   510   500   200   331   400   500   600   700   400   500   600   300   400   500  
 400   300   400   415   200   300   200   100   200   300   200   300   200   100   229   100     0   100   400   300   400   300   266   300   200   100   200   500   400   500   400   305   400   300   200   300   561   300   400   300   200   300   200   100   200   507   476   500   400   300   582   300   200   311   600   500   600   607   400   650   400   300   400   500   400   500   423   300   482   300   289   300   600   733   600   500   400   681   400   300   400  
 725   400   300   400   300   200   300   200   100   445   300   200   300   200   142   200   100     0   500   400   300   400   300   271   322   200   100   600   500   400   500   400   347   452   300   200   516   400   300   400   300   200   300   245   100   621   634   400   500   400   300   400   300   200   720   600   608   898   500   400   500   400   300   600   500   400   500   400   343   400   300   200   700   600   500   600   603   400   500   400   300  
 201   300   597   321   400   500   540   587   600   100   200   300   200   300   400   300   400   500     0   100   200   100   200   300   200   300   400   300   400   500   499   500   600   500   865   700   200   423   400   371   400   500   580   500   777   100   200   300   200   300   400   300   497   626   400   500   600   500   803   700   819   700   800   300   475   500   400   742   600   500   600   700   200   300   400   387   586   500   400   500   877  
 300   200   300   400   300   400   500   400   500   200   123   200   349   200   300   400   300   400   100     0   100   200   100   200   300   284   300   400   300   400   500   593   500   600   500   600   400   200   300   400   300   400   584   550   500   200   100   211   300   200   300   400   300   400   500   400   614   600   704   600   700   894   700   400   434   400   614   416   500   600   500   600   300   200   300   400   313   400   500   400   500  
 400   300   200   722   400   300   711   500   400   300   200   100   400   300   200   500   400   300   200   100     0   300   200   102   400   300   284   500   400   300   600   645   505   700   600   500   400   300   200   500   400   300   880   500   503   300   267   100   400   300   200   552   400   300   600   500   400   867   600   500   889   813   600   500   400   300   600   500   400   700   600   500   550   300   200   720   400   300   633   500   400  
 300   400   500   200   300   400   300   400   549   200   300   452   100   200   405   200   418   400   100   200   300     0   116   200   100   200   300   400   500   839   300   400   595   400   500   600   300   540   614   252   300   542   300   400   500   200   382   400   100   200   392   264   300   400   500   600   700   451   500   600   500   600   798   400   500   894   301   400   500   400   569   600   300   400   696   200   378   400   300   400   516  
 527   320   400   432   200   300   400   300   400   300   245   419   200   100   200   300   298   300   200   100   260   100     0   100   200   100   200   500   400   500   400   300   546   500   400   500   466   300   400   300   248   397   406   300   400   300   200   300   200   100   200   300   200   348   600   500   769   500   400   500   600   500   600   500   400   500   400   300   400   500   400   584   400   300   400   300   291   300   400   300   400  
 500   400   300   400   300   200   500   400   300   523   354   200   300   228   131   400   300   200   375   200   108   269   100     0   300   200   103   858   500   400   500   400   300   600   664   400   646   400   338   509   300   200   500   400   300   400   308   227   345   200   144   400   300   200   700   600   500   600   500   400   700   600   500   600   500   400   500   400   300   600   500   553   500   400   300   400   300   241   500   400   300  
 400   500   717   300   400   500   200   300   400   300   400   500   200   300   400   100   200   300   284   300   463   100   200   300     0   100   200   500   673   700   400   500   600   300   400   500   526   500   600   300   401   500   200   340   400   427   400   500   200   300   400   100   204   300   600  1033   800   500   600   700   400   500   600   500   600  1018   473   628   600   300   400   500   400   500   600   300   400   500   200   307   400  
 500   400   500   400   300   400   300   200   355   400   316   400   309   214   300   200   100   248   325   200   300   200   100   200   138     0   100   600   500   600   500   400   500   400   440   585   500   400   500   400   300   400   300   200   300   400   414   400   300   200   300   200   107   200   700   600   700   600   500   832   500   400   500   600   500   600   668   400   500   400   419   400   500   400   500   424   300   400   347   200   300  
 718   524   584   705   400   300   526   312   200   500   400   300   430   300   200   300   282   108   400   300   200   300   200   100   200   100     0   700   642   693   600   500   468   500   400   300   600   540   400   500   400   430   400   300   200   500   400   300   497   300   200   300   200   100   800   700   600   700   600   500   600   500   415   700   600   500   600   500   400   500   400   300   600   500   400   500   400   300   400   300   209  
 100   200   300   200   300   400   300   400   500   200   300   574   300   516   500   563   500   600   300   400   500   400   598   600   500   600   700     0   100   200   100   200   300   200   300   400   100   200   300   200   358   438   300   400   635   200   300   400   300   400   686   400   500   600   100   297   300   200   379   400   300   400   500   215   300   400   300   400   542   400   500   600   363   400   500   400   533   600   500   600   700  
 200   100   200   300   200   300   400   300   449   300   201   350   400   312   462   500   557   500   400   300   400   500   400   500   600   500   600   100     0   100   200   142   294   300   200   319   200   100   200   300   204   300   400   305   400   300   200   301   400   300   400   500   400   500   228   100   200   300   223   300   400   300   467   412   200   445   437   300   400   534   560   500   400   300   400   500   400   500   752   500   600  
 300   200   100   400   300   200   500   400   300   558   431   200   500   400   300   600   500   580   500   400   300   798   500   400   700   600   500   200   100     0   300   200   100   400   300   200   314   200   100   400   300   212   565   400   344   400   300   200   500   400   300   600   500   400   408   286   112   400   300   200   500   545   300   400   300   200   500   400   300   600   500   400   500   529   300   686   500   400   700   600   557  
 200   300   400   139   200   300   222   300   400   300   400   500   263   300   400   300   400   500   400   500   600   300   400   500   400   500   600   104   218   300     0   100   200   100   200   300   200   300   400   149   200   300   258   300   400   300   400   500   269   328   400   300   400   500   259   300   400   100   200   300   200   300   400   360   504   500   200   300   400   438   400   500   400   500   600   386   400   500   400   500   600  
 300   200   300   200   100   200   300   284   300   400   300   400   300   200   300   400   300   400   500   400   500   400   300   400   500   400   745   200   100   200   100     0   144   200   100   281   300   208   300   200   100   250   300   200   300   415   300   400   300   200   300   596   300   400   300   200   441   200   100   291   300   200   300   400   300   400   300   200   404   580   427   400   500   400   500   400   347   400   500   400   500  
 400   300   200   300   213   128   400   448   200   500   400   300   546   300   239   527   528   300   600   500   575   500   588   300   600   500   400   300   200   137   200   143     0   300   200   100   400   300   200   300   200   125   400   300   225   520   400   411   488   300   200   676   400   306   400   300   200   442   200   100   400   440   200   500   400   300   400   304   200   740   400   300   631   500   400   500   400   372   600   500   548  
 300   400   582   282   300   400   100   200   300   400   500   744   300   400   500   200   300   433   500   600  1032   400   500   600   300   400   686   200   300   568   100   200   316     0   100   200   300   400   500   200   300   400   100   200   300   597   500   600   300   400   500   200   300   400   300   442   500   200   300   400   100   230   300   437   500   600   300   595   500   200   432   400   500   746   700   400   500   692   300   400   500  
 400   300   566   300   200   442   200   100   200   500   548   500   400   300   400   300   213   330   600   500   600   647   400   500   400   300   400   300   200   449   200   100   200   100     0   100   493   300   400   300   200   300   208   125   200   500   490   500   400   300   400   300   200   416   579   300   400   300   200   300   200   100   200   500   400   653   400   388   464   300   200   300   600   623   600   500   400   500   507   300   400  
 500   400   300   400   300   200   300   200   111   600   500   400   500   400   300   400   300   200   700   600   548   600   500   400   500   503   335   400   384   200   300   200   100   209   100     0   500   400   300   400   300   200   300   200   100   600   500   400   500   400   300   400   300   200   702   400   300   422   300   200   300   200   100   600   500   561   500   516   412   400   393   200   723   600   500   600   500   491   592   400   300  
 200   300   400   300   400   500   540   507   600   100   200   300   200   313   400   300   400   500   280   300   400   300   400   500   400   500   600   100   200   300   200   399   581   300   400   500     0   134   200   113   271   300   273   300   400   100   200   300   200   300   400   300   400   737   200   300   591   300   400   688   400   500   600   102   278   300   200   300   400   300   494   500   200   300   400   300   400   500   445   500   600  
 300   200   376   598   300   400   500   400   500   200   100   200   300   200   300   400   300   400   300   205   300   400   300   540   500   400   500   200   100   285   300   200   300   471   381   417   108     0   110   200   100   200   300   200   300   200   100   200   300   203   300   400   300   400   376   200   300   400   300   400   500   400   500   200   100   200   300   200   300   594   300   400   300   200   300   400   300   400   500   400   554  
 400   300   200   500   400   433   600   522   400   300   200   140   400   300   200   562   400   300   400   300   200   500   400   300   600   500   400   300   200   100   400   367   200   500   558   300   200   120     0   300   200   100   536   300   200   331   200   100   400   300   200   500   400   300   400   300   200   500   400   300   751   500   400   300   200   100   400   300   200   500   400   319   400   300   226   642   400   436   600   742   400  
 362   457   500   200   300   400   436   400   500   200   300   410   100   200   300   200   300   400   358   400   500   200   300   400   345   400   500   200   300   478   100   200   300   200   300   400   100   200   300     0   100   200   116   207   300   200   300   400   100   201   422   200   300   400   336   400   615   200   300   497   300   400   500   200   300   400   100   200   300   200   300   400   300   400   500   200   300   400   300   400   500  
 400   300   400   300   259   300   400   300   400   300   202   300   200   100   200   300   200   300   400   300   400   300   200   393   400   300   400   300   200   300   200   100   278   300   200   300   200   100   243   126     0   100   200   100   200   300   200   304   200   112   200   300   200   300   400   300   400   300   200   300   400   300   400   300   200   300   200   100   200   300   200   407   518   300   400   426   288   300   400   405   400  
 582   400   300   400   368   200   500   559   407   546   406   200   300   200   100   538   300   200   686   400   300   456   300   200   500   400   401   458   422   206   336   200   100   400   300   200   300   200   100   200   100     0   300   200   100   400   300   200   300   287   100   404   300   200   500   400   300   400   300   200   555   569   300   400   300   200   300   200   100   400   449   200   500   400   300   400   351   200   500   407   300  
 400   526   878   300   400   500   200   300   400   300   400   500   203   300   400   100   200   300   400   528   600   300   400   607   236   300   400   300   400   500   210   429   400   100   275   300   200   300   400   100   200   300     0   114   200   417   452   731   200   300   400   100   237   396   400   500   600   300   400   500   200   337   400   300   400   500   200   439   530   132   200   300   400   500   600   300   495   500   200   300   400  
 500   400   500   400   300   404   300   200   300   400   300   463   300   285   300   268   100   200   508   400   701   400   300   513   300   200   300   400   300   400   300   255   346   288   100   200   300   286   300   200   100   200   100     0   100   400   300   475   414   200   300   200   100   200   500   491   500   400   300   400   300   200   300   400   300   400   360   200   300   270   100   200   500   400   500   400   300   470   300   200   300  
 600   500   400   736   400   300   400   300   200   500   400   300   400   300   200   300   200   100   702   500   400   500   595   300   400   300   249   550   400   300   525   410   200   300   272   100   443   300   200   300   217   100   200   100     0   500   482   300   400   402   200   300   200   100   600   500   427   500   400   417   400   329   200   500   400   300   400   315   200   300   200   100   600   500   400   500   573   300   400   300   200  
 300   546   649   400   500   642   500   600   700   260   300   452   300   400   500   400   500   617   100   200   300   200   300   400   300   400   500   200   300   400   300   400   500   400   512   776   119   200   300   200   300   400   300   400   500     0   100   200   100   200   355   200   442   400   300   400   669   400   500   600   500   600   700   200   300   465   300   400   500   400   500   600   103   200   300   200   383   400   300   400   500  
 530   300   400   500   400   500   600   500   600   300   200   300   400   300   400   500   472   500   200   100   299   432   200   419   400   300   400   300   200   300   400   300   400   500   400   500   200   100   200   447   200   424   400   300   400   124     0   100   200   100   200   439   200   300   400   300   400   500   436   738   600   500   730   300   254   300   400   300   441   500   400   500   200   100   251   300   200   300   400   300   400  
 500   400   300   600   500   400   700   600   500   400   442   200   500   400   300   600   500   400   434   200   100   400   300   200   500   400   300   400   300   200   500   400   310   600   671   400   300   200   100   400   345   200   721   400   300   205   100     0   300   200   100   400   300   200   500   537   300   600   500   400   700   600   500   400   300   200   500   476   300   600   500   400   300   208   100   400   300   200   500   581   300  
 400   500   600   300   420   500   447   500   600   300   400   500   200   300   400   300   476   628   200   440   400   100   200   387   200   300   400   419   591   500   200   300   400   300   400   500   200   366   464   100   200   300   212   300   400   145   200   300     0   100   200   100   268   300   400   500   600   300   400   500   400   500   600   300   400   500   200   300   400   300   400   589   200   300   400   100   200   310   200   300   455  
 500   400   500   400   300   400   500   400   501   400   300   400   300   200   300   400   439   400   403   200   300   200   100   200   300   200   300   403   340   400   312   200   300   400   300   400   418   200   300   200   100   227   300   200   300   200   122   200   100     0   112   296   100   200   500   400   500   400   300   400   500   400   500   400   300   400   300   200   300   400   300   400   401   200   300   200   100   200   300   232   300  
 600   596   400   558   400   395   739   500   400   500   400   328   400   362   200   500   400   300   400   300   200   300   200   100   400   300   200   698   400   300   400   300   200   739   400   300   400   300   200   300   217   128   400   300   200   300   200   118   200   100     0   300   200   100   600   500   400   723   400   300   600   500   400   500   426   300   400   300   200   728   400   300   400   300   200   390   200   100   400   445   200  
 500   600   849   586   500   600   425   400   594   400   500   607   300   534   500   200   300   400   300   400   500   200   300   400   100   200   437   596   500   600   300   400   597   200   300   400   300   400   500   200   300   400   100   200   300   239   300   417   100   200   316     0   100   200   606   600   700   499   500   818   300   596   500   400   617   600   300   497   500   268   300   400   300   490   500   200   300   400   100   270   300  
 600   500   600   500   400   500   485   300   400   500   400   500   591   387   456   300   200   300   400   300   400   300   200   300   200   100   200   500   400   500   485   300   400   300   200   300   468   300   400   372   200   300   200   100   200   300   210   414   200   100   200   100     0   100   600   623   600   500   400   500   400   300   400   500   481   500   400   381   429   300   249   300   400   300   424   300   200   429   218   140   200  
 839   600   720   729   675   400   500   559   300   817   500   400   500   404   300   400   380   200   521   400   300   400   300   200   300   200   107   600   500   400   500   400   300   400   300   268   500   560   432   400   302   200   313   200   139   494   300   200   300   200   100   200   100     0   700   641   500   600   500   485   500   400   300   600   672   435   718   400   300   400   300   200   500   400   376   400   300   200   300   200   100  
 200   300   400   300   400   500   570   500   600   300   400   519   400   500   600   500   600   700   400   500   600   500   785   700   600   700   978   137   200   300   200   300   400   300   400   500   256   300   400   300   400   500   400   500   600   300   400   500   562   500   767   500   799   700     0   136   200   100   243   300   274   300   419   100   241   345   200   300   400   300   400   500   200   418   400   423   400   500   491   500   600  
 395   200   323   400   300   400   500   400   500   400   300   400   500   400   514   600   500   600   668   400   500   725   500   600   700   600   700   212   100   200   300   238   300   467   300   400   300   200   300   400   300   400   596   400   500   400   300   461   500   554   500   600   500   600   100     0   137   200   100   200   337   200   307   296   100   200   300   200   300   400   300   400   300   229   300   433   300   400   544   400   500  
 400   300   253   513   400   300   600   500   477   500   402   300   600   570   400   700   600   500   600   649   400   700   600   500   857   700   600   300   261   100   400   300   251   574   400   300   400   300   200   680   400   300   600   712   400   500   400   300   600   548   400   700   600   500   200   100     0   300   200   103   525   310   200   300   200   100   478   369   200   721   400   403   400   300   210   590   400   300   600   500   400  
 300   583   500   220   300   400   389   400   500   400   500   600   300   400   500   400   599   860   500   600   700   400   500   729   575   600   700   200   300   400   100   200   300   232   300   522   300   400   631   200   300   400   300   400   500   400   500   600   300   400   500   400   500   600   100   200   300     0   100   279   100   200   300   270   300   503   100   200   300   200   300   400   300   400   500   296   300   400   312   400   500  
 498   414   586   300   200   300   400   332   400   500   400   500   400   300   400   500   400   500   600   500   600   564   400   500   600   500   600   333   262   300   220   100   200   300   250   300   400   355   400   300   200   300   400   300   535   500   400   669   400   300   400   500   400   500   200   100   200   100     0   100   200   100   200   348   200   300   200   126   200   337   200   375   400   300   400   300   200   300   400   300   400  
 537   465   300   400   300   270   500   400   305   600   500   412   500   400   300   600   500   510   759   600   500   792   500   400   700   600   500   400   314   200   300   200   100   400   300   200   500   400   300   400   300   200   500   424   300   600   601   400   500   400   300   600   500   400   371   200   100   200   100     0   367   276   100   572   300   200   300   250   100   400   300   200   500   582   300   400   427   200   500   538   300  
 400   500   600   300   400   500   200   300   400   500   600   906   400   500   600   300   400   500   600   704   961   500   600   700   400   500   837   300   400   500   200   391   400   122   270   388   400   749   638   300   400   500   200   300   400   500   600   700   400   500   600   300   400   661   276   300   459   100   200   300     0   100   200   300   400   505   200   300   400   100   200   300   400   500   600   300   400   500   200   300   400  
 584   400   500   400   300   400   300   200   300   782   668   600   500   400   500   400   300   412   700   600   700   866   500   600   622   400   500   575   300   400   300   200   449   200   100   200   500   400   500   400   300   400   300   200   300   600   500   600   703   509   500   400   300   400   300   200   300   200   100   200   100     0   111   400   300   529   300   200   300   247   100   200   660   400   500   400   300   500   300   200   300  
 850   500   400   500   400   300   556   300   200   719   600   500   702   500   400   500   400   300   880   700   600   700   600   500   600   500   400   500   400   300   400   300   200   371   200   100   600   500   400   500   400   300   400   300   210   700   600   500   600   500   400   504   400   300   400   300   256   300   200   100   200   100     0   500   400   315   400   300   269   300   200   136   600   500   400   500   400   300   400   300   200  
 300   532   500   474   500   600   500   600   972   200   300   400   300   400   500   400   500   600   300   400   500   400   500   600   500   600   700   224   378   570   300   400   500   400   743   892   100   200   300   200   300   400   300   400   500   200   300   400   300   400   500   400   547   600   100   200   300   200   300   400   300   400   500     0   138   200   100   200   300   226   300   400   100   248   300   200   300   458   300   400   500  
 400   300   400   500   400   500   600   500   600   300   200   300   400   300   525   500   400   500   400   300   402   647   400   686   600   500   600   300   200   300   547   300   400   735   400   500   208   100   227   300   200   300   400   300   400   300   200   300   420   300   400   500   400   593   200   100   233   300   200   300   574   300   400   100     0   100   200   100   200   300   200   300   200   100   200   300   200   446   400   300   400  
 500   400   300   600   512   400   700   754   686   400   300   200   543   400   300   600   500   400   500   400   300   600   500   400   700   600   500   522   300   200   537   400   448   600   500   473   388   200   100   400   300   200   500   400   399   558   300   200   500   400   300   600   500   460   300   264   100   400   380   270   679   400   410   200   100     0   300   200   124   400   300   200   300   254   136   400   300   200   666   422   300  
 400   500   820   300   479   500   400   500   801   300   400   500   200   300   400   443   400   500   400   500   600   300   400   500   416   500   600   406   400   500   200   300   400   402   400   500   200   300   400   100   200   300   200   300   400   300   400   500   200   300   400   300   400   500   200   300   400   121   237   356   287   300   526   100   200   300     0   100   200   100   200   300   200   327   400   100   200   300   200   300   400  
 500   400   500   400   300   400   500   400   500   400   300   581   300   200   300   525   300   400   500   412   500   400   300   400   718   475   500   400   300   400   300   200   357   514   300   400   300   200   362   200   100   200   300   200   300   400   300   400   300   200   300   554   300   400   300   200   300   200   100   200   300   200   300   200   130   200   100     0   100   200   100   200   300   200   300   200   100   200   300   200   300  
 600   500   400   500   400   300   600   500   400   661   547   438   400   300   290   500   400   300   600   500   400   500   400   300   600   500   400   500   400   300   400   300   222   500   458   447   400   304   200   300   200   100   400   369   204   500   400   300   400   300   200   500   400   300   400   300   200   300   200   100   400   300   200   300   297   119   200   100     0   300   232   100   400   371   200   300   215   100   447   300   248  
 500   600   981   519   500   600   300   400   500   400   628   600   300   524   500   288   300   400   606   600   869   400   500   890   300   558   500   529   500   758   329   400   652   200   362   425   300   400   500   260   300   400   146   200   300   400   500   600   300   400   632   200   300   400   300   400   713   200   345   400   100   200   395   200   300   400   100   200   300     0   100   200   300   571   510   200   300   400   105   200   447  
 600   500   600   500   400   500   400   300   400   691   517   500   400   300   400   300   200   300   600   500   600   500   400   500   400   300   400   500   400   500   400   300   400   300   265   300   400   317   400   300   200   445   200   107   200   500   400   500   400   300   400   389   200   368   400   300   400   300   200   300   200   100   200   300   200   300   218   100   257   100     0   100   400   300   563   300   200   300   200   127   200  
 700   756   500   600   500   400   500   400   359   600   500   400   632   400   300   400   377   200   700   828   500   600   502   439   500   400   300   600   500   400   738   400   300   400   405   200   500   400   300   400   300   200   300   200   100   600   656   400   500   400   300   400   300   200   712   400   300   400   300   203   300   200   100   534   300   200   300   200   117   277   100     0   500   400   300   400   447   241   427   200   100  
 400   500   600   628   600   700   600   700   847   300   469   500   500   500   600   500   600   700   200   300   400   300   400   500   400   500   600   300   400   500   453   500   600   500   600   700   200   300   400   300   536   500   506   706   600   100   220   300   200   300   400   300   400   500   200   300   400   300   400   500   400   500   600   100   200   300   200   376   400   300   400   500     0   140   200   100   200   300   200   300   400  
 500   400   500   600   500   600   700   600   700   400   300   400   630   400   500   600   500   600   300   212   300   400   371   400   500   402   500   400   300   400   500   400   500   600   500   600   300   200   300   400   300   400   500   400   500   200   100   242   416   200   300   400   300   400   300   200   300   400   300   596   500   587   500   200   100   200   300   200   300   400   300   406   100     0   100   200   100   200   433   200   300  
 730   500   400   842   600   596   800   700   600   500   400   402   600   500   400   971   600   500   400   300   281   618   400   300   600   500   400   500   400   393   818   500   400   700   600   530   565   300   200   699   400   414   600   689   580   300   221   100   400   380   200   500   400   300   400   300   200   500   400   362   600   500   400   300   200   100   400   300   200   500   400   300   200   131     0   300   297   100   400   300   200  
 500   616   977   400   500   600   500   600   700   400   500   600   339   400   500   400   615   743   300   482   500   200   398   431   300   400   500   400   500   600   300   400   500   400   540   600   445   400   500   200   300   400   300   400   500   200   300   400   100   200   434   200   300   400   300   497   500   200   300   400   300   400   500   200   300   400   100   200   300   200   300   400   100   272   300     0   100   200   100   222   300  
 600   500   600   500   581   500   600   500   804   500   400   500   400   300   400   500   400   500   406   300   400   300   200   300   400   300   400   500   400   568   400   331   400   500   579   500   400   300   400   300   200   300   400   300   453   300   200   300   200   100   200   300   200   300   400   300   400   434   200   300   400   300   515   300   200   422   200   100   233   300   200   300   200   100   200   100     0   100   222   100   200  
 809   600   500   600   500   400   700   600   500   600   500   400   500   400   300   600   500   400   500   400   300   400   300   200   500   400   300   600   515   454   500   400   300   891   500   400   500   400   300   400   341   200   500   559   300   400   300   200   300   263   100   400   300   200   500   400   300   400   300   200   559   511   300   400   300   200   421   200   100   511   300   200   300   200   100   200   100     0   300   200   111  
 708   700   800   500   600   700   400   500   727   500   600   700   400   500   600   349   400   500   400   699   600   300   400   500   200   300   400   500   600   994   400   500   600   408   400   500   400   511   600   300   400   500   266   300   400   300   481   500   200   300   400   144   200   300   400   500   600   300   569   631   200   300   400   416   400   678   200   300   400   100   200   300   218   419   400   100   200   300     0   100   200  
 737   600   700   600   571   817   729   400   500   600   500   600   500   400   500   400   398   400   500   400   500   400   441   400   300   200   300   600   500   600   547   530   500   400   300   400   500   400   500   400   300   400   408   232   300   400   324   423   300   200   300   200   146   200   514   400   500   562   300   400   300   200   300   400   300   400   300   256   357   200   100   200   300   249   300   200   100   200   100     0   100  
1019   700   600   700   600   500   757   500   400   700   600   500   600   500   400   500   545   300   600   596   400   500   400   300   400   300   200  1009   600   576   600   500   400   500   534   300   600   500   455   500   400   300   583   300   200   500   400   352   400   335   200   391   200   100   600   525   400   500   400   300   400   300   223   500   400   300   400   300   270   300   200   100   400   300   200   300   277   100   200   100     0  

   0   137     0   142     0     0     0     0     0   113     0     0     0     0     0     0     0     0     0     0     0     0     0     0     0     0     0   144     0     0     0     0     0     0     0     0     0     0     0     0     0     0     0     0     0     0     0     0     0     0     0     0     0     0     0     0     0     0     0     0     0     0     0     0     0     0     0     0     0     0     0     0     0     0     0     0     0     0     0     0     0  
 119     0   133     0   114     0     0     0     0     0   114     0     0     0     0     0     0     0     0     0     0     0     0     0     0     0     0     0   139     0     0     0     0     0     0     0     0     0     0     0     0     0     0     0     0     0     0     0     0     0     0     0     0     0     0     0     0     0     0     0     0     0     0     0     0     0     0     0     0     0     0     0     0     0     0     0     0     0     0     0     0  
   0   139     0     0     0   101     0     0     0     0     0   111     0     0     0     0     0     0     0     0     0     0     0     0     0     0     0     0     0   141     0     0     0     0     0     0     0     0     0     0     0     0     0     0     0     0     0     0     0     0     0     0     0     0     0     0     0     0     0     0     0     0     0     0     0     0     0     0     0     0     0     0     0     0     0     0     0     0     0     0     0  
 106     0     0     0   132     0   101     0     0     0     0     0   126     0     0     0     0     0     0     0     0     0     0     0     0     0     0     0     0     0   142     0     0     0     0     0     0     0     0     0     0     0     0     0     0     0     0     0     0     0     0     0     0     0     0     0     0     0     0     0     0     0     0     0     0     0     0     0     0     0     0     0     0     0     0     0     0     0     0     0     0  
   0   120     0   114     0   141     0   141     0     0     0     0     0   132     0     0     0     0     0     0     0     0     0     0     0     0     0     0     0     0     0   131     0     0     0     0     0     0     0     0     0     0     0     0     0     0     0     0     0     0     0     0     0     0     0     0     0     0     0     0     0     0     0     0     0     0     0     0     0     0     0     0     0     0     0     0     0     0     0     0     0  
   0     0   128     0   101     0     0     0   114     0     0     0     0     0   121     0     0     0     0     0     0     0     0     0     0     0     0     0     0     0     0     0   118     0     0     0     0     0     0     0     0     0     0     0     0     0     0     0     0     0     0     0     0     0     0     0     0     0     0     0     0     0     0     0     0     0     0     0     0     0     0     0     0     0     0     0     0     0     0     0     0  
   0     0     0   125     0     0     0   137     0     0     0     0     0     0     0   142     0     0     0     0     0     0     0     0     0     0     0     0     0     0     0     0     0   118     0     0     0     0     0     0     0     0     0     0     0     0     0     0     0     0     0     0     0     0     0     0     0     0     0     0     0     0     0     0     0     0     0     0     0     0     0     0     0     0     0     0     0     0     0     0     0  
   0     0     0     0   130     0   118     0   124     0     0     0     0     0     0     0   144     0     0     0     0     0     0     0     0     0     0     0     0     0     0     0     0     0   144     0     0     0     0     0     0     0     0     0     0     0     0     0     0     0     0     0     0     0     0     0     0     0     0     0     0     0     0     0     0     0     0     0     0     0     0     0     0     0     0     0     0     0     0     0     0  
   0     0     0     0     0   129     0   103     0     0     0     0     0     0     0     0     0   130     0     0     0     0     0     0     0     0     0     0     0     0     0     0     0     0     0   111     0     0     0     0     0     0     0     0     0     0     0     0     0     0     0     0     0     0     0     0     0     0     0     0     0     0     0     0     0     0     0     0     0     0     0     0     0     0     0     0     0     0     0     0     0  
 144     0     0     0     0     0     0     0     0     0   130     0   101     0     0     0     0     0   120     0     0     0     0     0     0     0     0     0     0     0     0     0     0     0     0     0   123     0     0     0     0     0     0     0     0     0     0     0     0     0     0     0     0     0     0     0     0     0     0     0     0     0     0     0     0     0     0     0     0     0     0     0     0     0     0     0     0     0     0     0     0  
   0   138     0     0     0     0     0     0     0   130     0   125     0   106     0     0     0     0     0   101     0     0     0     0     0     0     0     0     0     0     0     0     0     0     0     0     0   137     0     0     0     0     0     0     0     0     0     0     0     0     0     0     0     0     0     0     0     0     0     0     0     0     0     0     0     0     0     0     0     0     0     0     0     0     0     0     0     0     0     0     0  
   0     0   118     0     0     0     0     0     0     0   131     0     0     0   105     0     0     0     0     0   100     0     0     0     0     0     0     0     0     0     0     0     0     0     0     0     0     0   114     0     0     0     0     0     0     0     0     0     0     0     0     0     0     0     0     0     0     0     0     0     0     0     0     0     0     0     0     0     0     0     0     0     0     0     0     0     0     0     0     0     0  
   0     0     0   121     0     0     0     0     0   137     0     0     0   149     0   144     0     0     0     0     0   103     0     0     0     0     0     0     0     0     0     0     0     0     0     0     0     0     0   139     0     0     0     0     0     0     0     0     0     0     0     0     0     0     0     0     0     0     0     0     0     0     0     0     0     0     0     0     0     0     0     0     0     0     0     0     0     0     0     0     0  
   0     0     0     0   116     0     0     0     0     0   139     0   147     0   138     0   144     0     0     0     0     0   141     0     0     0     0     0     0     0     0     0     0     0     0     0     0     0     0     0   110     0     0     0     0     0     0     0     0     0     0     0     0     0     0     0     0     0     0     0     0     0     0     0     0     0     0     0     0     0     0     0     0     0     0     0     0     0     0     0     0  
   0     0     0     0     0   133     0     0     0     0     0   121     0   117     0     0     0   118     0     0     0     0     0   134     0     0     0     0     0     0     0     0     0     0     0     0     0     0     0     0     0   117     0     0     0     0     0     0     0     0     0     0     0     0     0     0     0     0     0     0     0     0     0     0     0     0     0     0     0     0     0     0     0     0     0     0     0     0     0     0     0  
   0     0     0     0     0     0   127     0     0     0     0     0   100     0     0     0   112     0     0     0     0     0     0     0   138     0     0     0     0     0     0     0     0     0     0     0     0     0     0     0     0     0   101     0     0     0     0     0     0     0     0     0     0     0     0     0     0     0     0     0     0     0     0     0     0     0     0     0     0     0     0     0     0     0     0     0     0     0     0     0     0  
   0     0     0     0     0     0     0   105     0     0     0     0     0   122     0   135     0   130     0     0     0     0     0     0     0   101     0     0     0     0     0     0     0     0     0     0     0     0     0     0     0     0     0   118     0     0     0     0     0     0     0     0     0     0     0     0     0     0     0     0     0     0     0     0     0     0     0     0     0     0     0     0     0     0     0     0     0     0     0     0     0  
   0     0     0     0     0     0     0     0   107     0     0     0     0     0   119     0   112     0     0     0     0     0     0     0     0     0   112     0     0     0     0     0     0     0     0     0     0     0     0     0     0     0     0     0   100     0     0     0     0     0     0     0     0     0     0     0     0     0     0     0     0     0     0     0     0     0     0     0     0     0     0     0     0     0     0     0     0     0     0     0     0  
   0     0     0     0     0     0     0     0     0   145     0     0     0     0     0     0     0     0     0   105     0   104     0     0     0     0     0     0     0     0     0     0     0     0     0     0     0     0     0     0     0     0     0     0     0   104     0     0     0     0     0     0     0     0     0     0     0     0     0     0     0     0     0     0     0     0     0     0     0     0     0     0     0     0     0     0     0     0     0     0     0  
   0     0     0     0     0     0     0     0     0     0   119     0     0     0     0     0     0     0   148     0   104     0   128     0     0     0     0     0     0     0     0     0     0     0     0     0     0     0     0     0     0     0     0     0     0     0   145     0     0     0     0     0     0     0     0     0     0     0     0     0     0     0     0     0     0     0     0     0     0     0     0     0     0     0     0     0     0     0     0     0     0  
   0     0     0     0     0     0     0     0     0     0     0   122     0     0     0     0     0     0     0   128     0     0     0   112     0     0     0     0     0     0     0     0     0     0     0     0     0     0     0     0     0     0     0     0     0     0     0   145     0     0     0     0     0     0     0     0     0     0     0     0     0     0     0     0     0     0     0     0     0     0     0     0     0     0     0     0     0     0     0     0     0  
   0     0     0     0     0     0     0     0     0     0     0     0   149     0     0     0     0     0   112     0     0     0   112     0   128     0     0     0     0     0     0     0     0     0     0     0     0     0     0     0     0     0     0     0     0     0     0     0   104     0     0     0     0     0     0     0     0     0     0     0     0     0     0     0     0     0     0     0     0     0     0     0     0     0     0     0     0     0     0     0     0  
   0     0     0     0     0     0     0     0     0     0     0     0     0   128     0     0     0     0     0   103     0   142     0   127     0   148     0     0     0     0     0     0     0     0     0     0     0     0     0     0     0     0     0     0     0     0     0     0     0   143     0     0     0     0     0     0     0     0     0     0     0     0     0     0     0     0     0     0     0     0     0     0     0     0     0     0     0     0     0     0     0  
   0     0     0     0     0     0     0     0     0     0     0     0     0     0   138     0     0     0     0     0   107     0   147     0     0     0   105     0     0     0     0     0     0     0     0     0     0     0     0     0     0     0     0     0     0     0     0     0     0     0   127     0     0     0     0     0     0     0     0     0     0     0     0     0     0     0     0     0     0     0     0     0     0     0     0     0     0     0     0     0     0  
   0     0     0     0     0     0     0     0     0     0     0     0     0     0     0   124     0     0     0     0     0   142     0     0     0   116     0     0     0     0     0     0     0     0     0     0     0     0     0     0     0     0     0     0     0     0     0     0     0     0     0   140     0     0     0     0     0     0     0     0     0     0     0     0     0     0     0     0     0     0     0     0     0     0     0     0     0     0     0     0     0  
   0     0     0     0     0     0     0     0     0     0     0     0     0     0     0     0   118     0     0     0     0     0   136     0   131     0   123     0     0     0     0     0     0     0     0     0     0     0     0     0     0     0     0     0     0     0     0     0     0     0     0     0   101     0     0     0     0     0     0     0     0     0     0     0     0     0     0     0     0     0     0     0     0     0     0     0     0     0     0     0     0  
   0     0     0     0     0     0     0     0     0     0     0     0     0     0     0     0     0   133     0     0     0     0     0   126     0   138     0     0     0     0     0     0     0     0     0     0     0     0     0     0     0     0     0     0     0     0     0     0     0     0     0     0     0   143     0     0     0     0     0     0     0     0     0     0     0     0     0     0     0     0     0     0     0     0     0     0     0     0     0     0     0  
 119     0     0     0     0     0     0     0     0     0     0     0     0     0     0     0     0     0     0     0     0     0     0     0     0     0     0     0   147     0   102     0     0     0     0     0   106     0     0     0     0     0     0     0     0     0     0     0     0     0     0     0     0     0   120     0     0     0     0     0     0     0     0     0     0     0     0     0     0     0     0     0     0     0     0     0     0     0     0     0     0  
   0   136     0     0     0     0     0     0     0     0     0     0     0     0     0     0     0     0     0     0     0     0     0     0     0     0     0   112     0   145     0   140     0     0     0     0     0   105     0     0     0     0     0     0     0     0     0     0     0     0     0     0     0     0     0   148     0     0     0     0     0     0     0     0     0     0     0     0     0     0     0     0     0     0     0     0     0     0     0     0     0  
   0     0   138     0     0     0     0     0     0     0     0     0     0     0     0     0     0     0     0     0     0     0     0     0     0     0     0     0   146     0     0     0   134     0     0     0     0     0   119     0     0     0     0     0     0     0     0     0     0     0     0     0     0     0     0     0   105     0     0     0     0     0     0     0     0     0     0     0     0     0     0     0     0     0     0     0     0     0     0     0     0  
   0     0     0   128     0     0     0     0     0     0     0     0     0     0     0     0     0     0     0     0     0     0     0     0     0     0     0   108     0     0     0   143     0   129     0     0     0     0     0   120     0     0     0     0     0     0     0     0     0     0     0     0     0     0     0     0     0   140     0     0     0     0     0     0     0     0     0     0     0     0     0     0     0     0     0     0     0     0     0     0     0  
   0     0     0     0   148     0     0     0     0     0     0     0     0     0     0     0     0     0     0     0     0     0     0     0     0     0     0     0   123     0   111     0   100     0   131     0     0     0     0     0   116     0     0     0     0     0     0     0     0     0     0     0     0     0     0     0     0     0   112     0     0     0     0     0     0     0     0     0     0     0     0     0     0     0     0     0     0     0     0     0     0  
   0     0     0     0     0   144     0     0     0     0     0     0     0     0     0     0     0     0     0     0     0     0     0     0     0     0     0     0     0   145     0   132     0     0     0   115     0     0     0     0     0   145     0     0     0     0     0     0     0     0     0     0     0     0     0     0     0     0     0   130     0     0     0     0     0     0     0     0     0     0     0     0     0     0     0     0     0     0     0     0     0  
   0     0     0     0     0     0   125     0     0     0     0     0     0     0     0     0     0     0     0     0     0     0     0     0     0     0     0     0     0     0   124     0     0     0   116     0     0     0     0     0     0     0   138     0     0     0     0     0     0     0     0     0     0     0     0     0     0     0     0     0   124     0     0     0     0     0     0     0     0     0     0     0     0     0     0     0     0     0     0     0     0  
   0     0     0     0     0     0     0   131     0     0     0     0     0     0     0     0     0     0     0     0     0     0     0     0     0     0     0     0     0     0     0   122     0   107     0   111     0     0     0     0     0     0     0   144     0     0     0     0     0     0     0     0     0     0     0     0     0     0     0     0     0   117     0     0     0     0     0     0     0     0     0     0     0     0     0     0     0     0     0     0     0  
   0     0     0     0     0     0     0     0   104     0     0     0     0     0     0     0     0     0     0     0     0     0     0     0     0     0     0     0     0     0     0     0   123     0   136     0     0     0     0     0     0     0     0     0   145     0     0     0     0     0     0     0     0     0     0     0     0     0     0     0     0     0   107     0     0     0     0     0     0     0     0     0     0     0     0     0     0     0     0     0     0  
   0     0     0     0     0     0     0     0     0   118     0     0     0     0     0     0     0     0     0     0     0     0     0     0     0     0     0   148     0     0     0     0     0     0     0     0     0   141     0   134     0     0     0     0     0   112     0     0     0     0     0     0     0     0     0     0     0     0     0     0     0     0     0   114     0     0     0     0     0     0     0     0     0     0     0     0     0     0     0     0     0  
   0     0     0     0     0     0     0     0     0     0   107     0     0     0     0     0     0     0     0     0     0     0     0     0     0     0     0     0   148     0     0     0     0     0     0     0   135     0   101     0   143     0     0     0     0     0   142     0     0     0     0     0     0     0     0     0     0     0     0     0     0     0     0     0   141     0     0     0     0     0     0     0     0     0     0     0     0     0     0     0     0  
   0     0     0     0     0     0     0     0     0     0     0   127     0     0     0     0     0     0     0     0     0     0     0     0     0     0     0     0     0   118     0     0     0     0     0     0     0   128     0     0     0   140     0     0     0     0     0   148     0     0     0     0     0     0     0     0     0     0     0     0     0     0     0     0     0   110     0     0     0     0     0     0     0     0     0     0     0     0     0     0     0  
   0     0     0     0     0     0     0     0     0     0     0     0   106     0     0     0     0     0     0     0     0     0     0     0     0     0     0     0     0     0   112     0     0     0     0     0   149     0     0     0   139     0   126     0     0     0     0     0   137     0     0     0     0     0     0     0     0     0     0     0     0     0     0     0     0     0   126     0     0     0     0     0     0     0     0     0     0     0     0     0     0  
   0     0     0     0     0     0     0     0     0     0     0     0     0   149     0     0     0     0     0     0     0     0     0     0     0     0     0     0     0     0     0   112     0     0     0     0     0   132     0   117     0   124     0   128     0     0     0     0     0   118     0     0     0     0     0     0     0     0     0     0     0     0     0     0     0     0     0   113     0     0     0     0     0     0     0     0     0     0     0     0     0  
   0     0     0     0     0     0     0     0     0     0     0     0     0     0   130     0     0     0     0     0     0     0     0     0     0     0     0     0     0     0     0     0   138     0     0     0     0     0   132     0   142     0     0     0   140     0     0     0     0     0   118     0     0     0     0     0     0     0     0     0     0     0     0     0     0     0     0     0   148     0     0     0     0     0     0     0     0     0     0     0     0  
   0     0     0     0     0     0     0     0     0     0     0     0     0     0     0   141     0     0     0     0     0     0     0     0     0     0     0     0     0     0     0     0     0   137     0     0     0     0     0   136     0     0     0   131     0     0     0     0     0     0     0   111     0     0     0     0     0     0     0     0     0     0     0     0     0     0     0     0     0   116     0     0     0     0     0     0     0     0     0     0     0  
   0     0     0     0     0     0     0     0     0     0     0     0     0     0     0     0   128     0     0     0     0     0     0     0     0     0     0     0     0     0     0     0     0     0   138     0     0     0     0     0   131     0   142     0   146     0     0     0     0     0     0     0   131     0     0     0     0     0     0     0     0     0     0     0     0     0     0     0     0     0   136     0     0     0     0     0     0     0     0     0     0  
   0     0     0     0     0     0     0     0     0     0     0     0     0     0     0     0     0   113     0     0     0     0     0     0     0     0     0     0     0     0     0     0     0     0     0   139     0     0     0     0     0   134     0   102     0     0     0     0     0     0     0     0     0   130     0     0     0     0     0     0     0     0     0     0     0     0     0     0     0     0     0   101     0     0     0     0     0     0     0     0     0  
   0     0     0     0     0     0     0     0     0     0     0     0     0     0     0     0     0     0   137     0     0     0     0     0     0     0     0     0     0     0     0     0     0     0     0     0   144     0     0     0     0     0     0     0     0     0   111     0   120     0     0     0     0     0     0     0     0     0     0     0     0     0     0     0     0     0     0     0     0     0     0     0   139     0     0     0     0     0     0     0     0  
   0     0     0     0     0     0     0     0     0     0     0     0     0     0     0     0     0     0     0   139     0     0     0     0     0     0     0     0     0     0     0     0     0     0     0     0     0   114     0     0     0     0     0     0     0   103     0   109     0   131     0     0     0     0     0     0     0     0     0     0     0     0     0     0     0     0     0     0     0     0     0     0     0   123     0     0     0     0     0     0     0  
   0     0     0     0     0     0     0     0     0     0     0     0     0     0     0     0     0     0     0     0   120     0     0     0     0     0     0     0     0     0     0     0     0     0     0     0     0     0   149     0     0     0     0     0     0     0   149     0     0     0   104     0     0     0     0     0     0     0     0     0     0     0     0     0     0     0     0     0     0     0     0     0     0     0   115     0     0     0     0     0     0  
   0     0     0     0     0     0     0     0     0     0     0     0     0     0     0     0     0     0     0     0     0   107     0     0     0     0     0     0     0     0     0     0     0     0     0     0     0     0     0   123     0     0     0     0     0   128     0     0     0   121     0   130     0     0     0     0     0     0     0     0     0     0     0     0     0     0     0     0     0     0     0     0     0     0     0   107     0     0     0     0     0  
   0     0     0     0     0     0     0     0     0     0     0     0     0     0     0     0     0     0     0     0     0     0   134     0     0     0     0     0     0     0     0     0     0     0     0     0     0     0     0     0   100     0     0     0     0     0   115     0   110     0   147     0   121     0     0     0     0     0     0     0     0     0     0     0     0     0     0     0     0     0     0     0     0     0     0     0   102     0     0     0     0  
   0     0     0     0     0     0     0     0     0     0     0     0     0     0     0     0     0     0     0     0     0     0     0   140     0     0     0     0     0     0     0     0     0     0     0     0     0     0     0     0     0   107     0     0     0     0     0   134     0   119     0     0     0   114     0     0     0     0     0     0     0     0     0     0     0     0     0     0     0     0     0     0     0     0     0     0     0   136     0     0     0  
   0     0     0     0     0     0     0     0     0     0     0     0     0     0     0     0     0     0     0     0     0     0     0     0   128     0     0     0     0     0     0     0     0     0     0     0     0     0     0     0     0     0   131     0     0     0     0     0   141     0     0     0   142     0     0     0     0     0     0     0     0     0     0     0     0     0     0     0     0     0     0     0     0     0     0     0     0     0   134     0     0  
   0     0     0     0     0     0     0     0     0     0     0     0     0     0     0     0     0     0     0     0     0     0     0     0     0   149     0     0     0     0     0     0     0     0     0     0     0     0     0     0     0     0     0   136     0     0     0     0     0   111     0   109     0   147     0     0     0     0     0     0     0     0     0     0     0     0     0     0     0     0     0     0     0     0     0     0     0     0     0   122     0  
   0     0     0     0     0     0     0     0     0     0     0     0     0     0     0     0     0     0     0     0     0     0     0     0     0     0   103     0     0     0     0     0     0     0     0     0     0     0     0     0     0     0     0     0   131     0     0     0     0     0   113     0   135     0     0     0     0     0     0     0     0     0     0     0     0     0     0     0     0     0     0     0     0     0     0     0     0     0     0     0   147  
   0     0     0     0     0     0     0     0     0     0     0     0     0     0     0     0     0     0     0     0     0     0     0     0     0     0     0   103     0     0     0     0     0     0     0     0     0     0     0     0     0     0     0     0     0     0     0     0     0     0     0     0     0     0     0   138     0   122     0     0     0     0     0   139     0     0     0     0     0     0     0     0     0     0     0     0     0     0     0     0     0  
   0     0     0     0     0     0     0     0     0     0     0     0     0     0     0     0     0     0     0     0     0     0     0     0     0     0     0     0   107     0     0     0     0     0     0     0     0     0     0     0     0     0     0     0     0     0     0     0     0     0     0     0     0     0   148     0   121     0   105     0     0     0     0     0   129     0     0     0     0     0     0     0     0     0     0     0     0     0     0     0     0  
   0     0     0     0     0     0     0     0     0     0     0     0     0     0     0     0     0     0     0     0     0     0     0     0     0     0     0     0     0   139     0     0     0     0     0     0     0     0     0     0     0     0     0     0     0     0     0     0     0     0     0     0     0     0     0   113     0     0     0   131     0     0     0     0     0   112     0     0     0     0     0     0     0     0     0     0     0     0     0     0     0  
   0     0     0     0     0     0     0     0     0     0     0     0     0     0     0     0     0     0     0     0     0     0     0     0     0     0     0     0     0     0   108     0     0     0     0     0     0     0     0     0     0     0     0     0     0     0     0     0     0     0     0     0     0     0   127     0     0     0   134     0   130     0     0     0     0     0   107     0     0     0     0     0     0     0     0     0     0     0     0     0     0  
   0     0     0     0     0     0     0     0     0     0     0     0     0     0     0     0     0     0     0     0     0     0     0     0     0     0     0     0     0     0     0   121     0     0     0     0     0     0     0     0     0     0     0     0     0     0     0     0     0     0     0     0     0     0     0   134     0   125     0   109     0   115     0     0     0     0     0   109     0     0     0     0     0     0     0     0     0     0     0     0     0  
   0     0     0     0     0     0     0     0     0     0     0     0     0     0     0     0     0     0     0     0     0     0     0     0     0     0     0     0     0     0     0     0   142     0     0     0     0     0     0     0     0     0     0     0     0     0     0     0     0     0     0     0     0     0     0     0   126     0   116     0     0     0   128     0     0     0     0     0   140     0     0     0     0     0     0     0     0     0     0     0     0  
   0     0     0     0     0     0     0     0     0     0     0     0     0     0     0     0     0     0     0     0     0     0     0     0     0     0     0     0     0     0     0     0     0   118     0     0     0     0     0     0     0     0     0     0     0     0     0     0     0     0     0     0     0     0     0     0     0   147     0     0     0   136     0     0     0     0     0     0     0   105     0     0     0     0     0     0     0     0     0     0     0  
   0     0     0     0     0     0     0     0     0     0     0     0     0     0     0     0     0     0     0     0     0     0     0     0     0     0     0     0     0     0     0     0     0     0   111     0     0     0     0     0     0     0     0     0     0     0     0     0     0     0     0     0     0     0     0     0     0     0   108     0   137     0   111     0     0     0     0     0     0     0   106     0     0     0     0     0     0     0     0     0     0  
   0     0     0     0     0     0     0     0     0     0     0     0     0     0     0     0     0     0     0     0     0     0     0     0     0     0     0     0     0     0     0     0     0     0     0   132     0     0     0     0     0     0     0     0     0     0     0     0     0     0     0     0     0     0     0     0     0     0     0   148     0   142     0     0     0     0     0     0     0     0     0   112     0     0     0     0     0     0     0     0     0  
   0     0     0     0     0     0     0     0     0     0     0     0     0     0     0     0     0     0     0     0     0     0     0     0     0     0     0     0     0     0     0     0     0     0     0     0   148     0     0     0     0     0     0     0     0     0     0     0     0     0     0     0     0     0   147     0     0     0     0     0     0     0     0     0   137     0   107     0     0     0     0     0   129     0     0     0     0     0     0     0     0  
   0     0     0     0     0     0     0     0     0     0     0     0     0     0     0     0     0     0     0     0     0     0     0     0     0     0     0     0     0     0     0     0     0     0     0     0     0   112     0     0     0     0     0     0     0     0     0     0     0     0     0     0     0     0     0   147     0     0     0     0     0     0     0   133     0   112     0   103     0     0     0     0     0   136     0     0     0     0     0     0     0  
   0     0     0     0     0     0     0     0     0     0     0     0     0     0     0     0     0     0     0     0     0     0     0     0     0     0     0     0     0     0     0     0     0     0     0     0     0     0   149     0     0     0     0     0     0     0     0     0     0     0     0     0     0     0     0     0   108     0     0     0     0     0     0     0   129     0     0     0   121     0     0     0     0     0   126     0     0     0     0     0     0  
   0     0     0     0     0     0     0     0     0     0     0     0     0     0     0     0     0     0     0     0     0     0     0     0     0     0     0     0     0     0     0     0     0     0     0     0     0     0     0   137     0     0     0     0     0     0     0     0     0     0     0     0     0     0     0     0     0   119     0     0     0     0     0   130     0     0     0   145     0   140     0     0     0     0     0   137     0     0     0     0     0  
   0     0     0     0     0     0     0     0     0     0     0     0     0     0     0     0     0     0     0     0     0     0     0     0     0     0     0     0     0     0     0     0     0     0     0     0     0     0     0     0   105     0     0     0     0     0     0     0     0     0     0     0     0     0     0     0     0     0   126     0     0     0     0     0   147     0   128     0   125     0   149     0     0     0     0     0   102     0     0     0     0  
   0     0     0     0     0     0     0     0     0     0     0     0     0     0     0     0     0     0     0     0     0     0     0     0     0     0     0     0     0     0     0     0     0     0     0     0     0     0     0     0     0   142     0     0     0     0     0     0     0     0     0     0     0     0     0     0     0     0     0   122     0     0     0     0     0   127     0   127     0     0     0   117     0     0     0     0     0   120     0     0     0  
   0     0     0     0     0     0     0     0     0     0     0     0     0     0     0     0     0     0     0     0     0     0     0     0     0     0     0     0     0     0     0     0     0     0     0     0     0     0     0     0     0     0   123     0     0     0     0     0     0     0     0     0     0     0     0     0     0     0     0     0   141     0     0     0     0     0   107     0     0     0   109     0     0     0     0     0     0     0   117     0     0  
   0     0     0     0     0     0     0     0     0     0     0     0     0     0     0     0     0     0     0     0     0     0     0     0     0     0     0     0     0     0     0     0     0     0     0     0     0     0     0     0     0     0     0   149     0     0     0     0     0     0     0     0     0     0     0     0     0     0     0     0     0   133     0     0     0     0     0   137     0   114     0   107     0     0     0     0     0     0     0   118     0  
   0     0     0     0     0     0     0     0     0     0     0     0     0     0     0     0     0     0     0     0     0     0     0     0     0     0     0     0     0     0     0     0     0     0     0     0     0     0     0     0     0     0     0     0   127     0     0     0     0     0     0     0     0     0     0     0     0     0     0     0     0     0   110     0     0     0     0     0   121     0   115     0     0     0     0     0     0     0     0     0   140  
   0     0     0     0     0     0     0     0     0     0     0     0     0     0     0     0     0     0     0     0     0     0     0     0     0     0     0     0     0     0     0     0     0     0     0     0     0     0     0     0     0     0     0     0     0   123     0     0     0     0     0     0     0     0     0     0     0     0     0     0     0     0     0   149     0     0     0     0     0     0     0     0     0   118     0   138     0     0     0     0     0  
   0     0     0     0     0     0     0     0     0     0     0     0     0     0     0     0     0     0     0     0     0     0     0     0     0     0     0     0     0     0     0     0     0     0     0     0     0     0     0     0     0     0     0     0     0     0   117     0     0     0     0     0     0     0     0     0     0     0     0     0     0     0     0     0   130     0     0     0     0     0     0     0   141     0   125     0   109     0     0     0     0  
   0     0     0     0     0     0     0     0     0     0     0     0     0     0     0     0     0     0     0     0     0     0     0     0     0     0     0     0     0     0     0     0     0     0     0     0     0     0     0     0     0     0     0     0     0     0     0   123     0     0     0     0     0     0     0     0     0     0     0     0     0     0     0     0     0   142     0     0     0     0     0     0     0   142     0     0     0   140     0     0     0  
   0     0     0     0     0     0     0     0     0     0     0     0     0     0     0     0     0     0     0     0     0     0     0     0     0     0     0     0     0     0     0     0     0     0     0     0     0     0     0     0     0     0     0     0     0     0     0     0   135     0     0     0     0     0     0     0     0     0     0     0     0     0     0     0     0     0   113     0     0     0     0     0   103     0     0     0   108     0   140     0     0  
   0     0     0     0     0     0     0     0     0     0     0     0     0     0     0     0     0     0     0     0     0     0     0     0     0     0     0     0     0     0     0     0     0     0     0     0     0     0     0     0     0     0     0     0     0     0     0     0     0   121     0     0     0     0     0     0     0     0     0     0     0     0     0     0     0     0     0   142     0     0     0     0     0   128     0   116     0   107     0   140     0  
   0     0     0     0     0     0     0     0     0     0     0     0     0     0     0     0     0     0     0     0     0     0     0     0     0     0     0     0     0     0     0     0     0     0     0     0     0     0     0     0     0     0     0     0     0     0     0     0     0     0   105     0     0     0     0     0     0     0     0     0     0     0     0     0     0     0     0     0   117     0     0     0     0     0   113     0   108     0     0     0   136  
   0     0     0     0     0     0     0     0     0     0     0     0     0     0     0     0     0     0     0     0     0     0     0     0     0     0     0     0     0     0     0     0     0     0     0     0     0     0     0     0     0     0     0     0     0     0     0     0     0     0     0   138     0     0     0     0     0     0     0     0     0     0     0     0     0     0     0     0     0   125     0     0     0     0     0   113     0     0     0   138     0  
   0     0     0     0     0     0     0     0     0     0     0     0     0     0     0     0     0     0     0     0     0     0     0     0     0     0     0     0     0     0     0     0     0     0     0     0     0     0     0     0     0     0     0     0     0     0     0     0     0     0     0     0   120     0     0     0     0     0     0     0     0     0     0     0     0     0     0     0     0     0   140     0     0     0     0     0   109     0   147     0   109  
   0     0     0     0     0     0     0     0     0     0     0     0     0     0     0     0     0     0     0     0     0     0     0     0     0     0     0     0     0     0     0     0     0     0     0     0     0     0     0     0     0     0     0     0     0     0     0     0     0     0     0     0     0   129     0     0     0     0     0     0     0     0     0     0     0     0     0     0     0     0     0   145     0     0     0     0     0   102     0   100     0  
