85

  0  898  860  211  277  693  354  314  786  953   22   99  485  192  306  243  740  681  106  623  752  714  917  873  500  675  761  830  898  474  913  938  930  376  990  469  263  746  134  240  952  786  273  760  313  818  344  610  106  782  269  970  727  891  575  174  539  727  395  420  219  793  484  620  743  407  668  584   72  460  189  462  368  389  528  643  590  549  554  520  959  257  286  210  988  
898    0  555  766  533  974  260  484  453  685  870  609  536  976  904  971  989  521   13  324  133  242    6  662   74  644  567  986   47  774  316  174  667  310  498  702  131  244  751  177  971  170  476  694  486  883  545  120  376  611  626  311  680  570  649   11  789  142  743  821  518  159  575  629  371  130  834  308  912  708  265  190  367  330  938   40  199   35  478  400  621  413  746  825  550  
860  555    0  635  573   20  318  902  896  934  519  873  982  228  414  848  372  217  394  849  398  289  783  353  772  240  567  923  382  101  190   61  736  285  714  954  144  659  924  475  463  417  900  404  724  513  955   54  255  159  574  186  617  960  279  691  153   35  464  115  790  397  248   99  349  919  631  819  715  955  536  255  743   96  119  787  905  786  214  965  479   31  967  815  237  
211  766  635    0  864  880  200  463  759  896  959  565  723  750  114  769  746  478  190  599   25  585  552  278  290   95  914  602  123  640   47  127  800  575   72  834  911  629  136  719  326  893  699  135  202  181  187  789  264  720  399  947  899  629  653  985  533  127   24  916  783  583  678  708  400  228  444  581  487  100  219  468  853  876  821  275  749  134  837  736  147  424  424  941  984  
277  533  573  864    0  134  950  926  677  466  480  646  907  281  861  220  496  862  786  740  192  781  593  271  894  164  664  123  805   50  770  745  530   95  785  503   10  541   44  232  746   55   66  317  601  101  802  940  714  171  804  524  812  770  441  513  794  188  472  542  692  477   96   97  730  955  467  834  636  734   93  687  822  340  415  885  959  814  177   16  846  880  585  323  251  
693  974   20  880  134    0  654  506  622  136    1   73  501  485  786  693   14  910  617  221  647  219  950  107   75  986  138   96  260   61  402  134  450  661  636  284  748  213  184  722  243  149  595  493  531  707  454   91  450  369  745  777  698  331  562  787  750  855   20  582  575  801  285  103  312   61  437  205  731  653   77  414   51  316  476  860  500  826  809   42  239  287  852  583  550  
354  260  318  200  950  654    0   83  314  605  761  701  378  806  364  222  700  107  114  123  620   75  836  702  239  863  321  760  195  667  584  162  186  441  281  496  402  166  204  184  653  461  974  436  862  335  663  459  537   22  419  418  305  835  114  472  867  415  162  192  465  201  758  736   19  686  556  759  660  665  944  489   26  625   58  830  224  943  143  751  746  428  649  731  422  
314  484  902  463  926  506   83    0  423  284  479  487  390  835  978  888  336  715   55  510  151  548  197  693  267  820  529  385   12  460  150  756  446  910  531  497   43  739  211  292  506  203  525  205  367  211  938  118  498  416  653  804  489  870  921  760  203  889  646  340  849  576  238  396  569   60  329  973  132   78  832   60  889  109  685  904  258  168  411  508  207  618  823  308  169  
786  453  896  759  677  622  314  423    0  677  775  186  466  627  722  396  499   47  745  600  650  347  436  520   93  957  921  476   40  796  131  656  869   13  252  368  489  707  717  826  857  170  898  561  943  430  223  907   84  941  542   96  685  461  248  875  475  917  637  602  241  351  277  536  517    5  955  561   67  866  478  472  182  831   22  603  934  490  138  128  623  689  368  325  549  
953  685  934  896  466  136  605  284  677    0  971  751  334  797  110  730  310  171   30  550  551  346  334  304  387  305  370  598  632  246   87  686  925   61  564   64  301  685  937  687   57  741  255  504   24  560  591  748  766  252  404  329  529  605  646  106  118  467  877  845  411  682  403  123  715  634  213  266  846  429  206  372  139  633  362  903  200  631  839  178  703  597  174  305  535  
 22  870  519  959  480    1  761  479  775  971    0  889  981  629   19  439  945  150  274  101  730   73  478  423  819  265  547  884  791  250  976  136   24  298  348    7  649  403  489  924  844  950  113  188  941   64   52  914  965  935   69  373  128  467   34  849  749  736  221  295  107  609  713  362  608   13  145  169  887  571  680  148  986  614  459  973  220  765  702  845  146   17  727  316  768  
 99  609  873  565  646   73  701  487  186  751  889    0   96  952  914  650  575  109  256  561  393  984  982  520  981  151  343  204  445  834  149  478  364  166  698  630  900  580  945  825  329  406  156  387  365   21  463  301  692  119  104  174  288  980  966  510  626  388  165  525  275  956   92  292  644  737  934  379  503  682  814  914   15  652  321  126   75  753  371  556  921  659  849  464  416  
485  536  982  723  907  501  378  390  466  334  981   96    0  397  551  900  285  851  194  908  697  357  645  638  933  276  250  549  640  511  247  129  377  968  456  272  591  817   31  422  361   66   79  637  546  972  834  596   39   42  935  926  364  472  892  644  562  533  312  317  808   12  943  177  986  960  314  985  273  525  192  232  539  911  807  653   82  542  190   93  188  580   66  287  333  
192  976  228  750  281  485  806  835  627  797  629  952  397    0  183  279  845  448  258  511  980  630  287  775  126  832   32  784  199  285  850  725   44  932  931  616  460  777  734  448  688  717  143  982  260  830  187   19   16  760  750  260  583  849  787  643  183   40  468  474  136  682  187  322  129  455  505  649  673  323  141  580  719  101  874  911  172  231  754  351  226  623  841  323  536  
306  904  414  114  861  786  364  978  722  110   19  914  551  183    0  328  635  934  776  868  429  554  732  198  883  401  393  274   47  290  157  445  818  333  414  475  544  362  330  170  136  849   92  706  350  717  644  900  400  195  299  477  116  920  420  712   17  977  784  425  984  125  451  460  808  656   67  862  990  406   71  113  184  136   54  769  664  273  797  739  124  464  266  929  548  
243  971  848  769  220  693  222  888  396  730  439  650  900  279  328    0   98  241  648  494  781  609  584  100  395  795  858  898  117  717  631  466   61  666  581  911  190  556  255  981  254  813  273   94    9  424  398  948  253  631  276  989   73  957  586   67    2  620  641  714  247  772  911  139  855  233  275  654  776  107  774   77  292  121  977  564  891  480  197  815  640  407  120  727  723  
740  989  372  746  496   14  700  336  499  310  945  575  285  845  635   98    0  158   78  218  338  445  755  882  981  467  843  376  405  344  878  177  793   92  169  384  430  264   86  387  362   75  360  133  849  514  858  736  349   68  767  597  625  568  343  811  913  739  917  215  750  645  454  917  781  540  153  965    5  228  326  143  146  186  765  369  720  337  592  672  704  197  977  422  106  
681  521  217  478  862  910  107  715   47  171  150  109  851  448  934  241  158    0  825  102  886  610  156  105  313  167  235  602  343  304  835  612  805  111  156  849  102  566  532  892  155  913  340  669  172  564  630  896  411  922  923  214  528  373  681  552  861  995  189  277  219  165  703  668  638  992  247  652  890  125  671  986  341  696  614  193  704  384   13  819  889  805   23  611   81  
106   13  394  190  786  617  114   55  745   30  274  256  194  258  776  648   78  825    0  682  774  502  758  695   27  180  128  621  352  695  467  154  495  708  429  615  460   91  850  752   70  993  184  761  266  404  325  734  171  476  791   15  578  340   41  476  951  230  404   81  156  631  595  946   47  263  364  748  173  729  963  318  800  152  836  947  312  198  574  579    9   18  438  136   79  
623  324  849  599  740  221  123  510  600  550  101  561  908  511  868  494  218  102  682    0  263  600  881  997  643  293  877  513  806  763  752  784  574  112  239  510  353  399  601  434  810  976  853  787  980   25  102  605  355  871   96  862  688  650   62  608  126   64  834  329  402  383  386  965  702  294  808   31   98  835  406  143  203  805  647   69  212  319  118  578   58  157   41  523  957  
752  133  398   25  192  647  620  151  650  551  730  393  697  980  429  781  338  886  774  263    0  107  828  942   50   72  577  230  682  827  609  162  523   49  310  808  402  889  212  457  265  670  242  248  274  861   78  719  425  571  797  871  719  452   24  257  748  813   51  905  803  256  493  800  678  403  982  224  840  766  496  738  195  920  835  209  731  437  575  742  959  414  544  517  829  
714  242  289  585  781  219   75  548  347  346   73  984  357  630  554  609  445  610  502  600  107    0  760  559  704  288  160  697  663  511  671   52  329  710  664  831  606  119  832  367  182  815  796  643  684  795  607  378  569   79  853  907  260  861  781  901  574  249  453   95  143   60  337  472  279   96  183  780  990  145  872  145  487  365  805  421  315  568   27  224  930  295  612  736   37  
917    6  783  552  593  950  836  197  436  334  478  982  645  287  732  584  755  156  758  881  828  760    0  679  641  379  537  843  419  512  958  960  787  317  916  741  987  794  310  455  383  577  721  247  381  537  520  221  757  877  213  346  755  376  362  431  531  657  821  494  992  234   83  350  309  437   35  732  283  371  327  725  181  975    6  169  888  164  706  886  437  521  688  434  391  
873  662  353  278  271  107  702  693  520  304  423  520  638  775  198  100  882  105  695  997  942  559  679    0  698  643  116  303  505  614  395  670   82  975  277    1  295   96  245  362  961  224  700  778   20  198  513  340  270   81  713  841   67  618  408  444  547  404  484  150   37  370  332  533   21   51  166  811  717  193  931  976  147   60  388  513  699  791  840  570  373  360  505  751  514  
500   74  772  290  894   75  239  267   93  387  819  981  933  126  883  395  981  313   27  643   50  704  641  698    0  736  714  821  114   11  731  682  574  854  756  685  260  444  127  580  483  765  358  138  831  355  384  921   61  839  432  141  829   46  191  507   39  991  321  307  151  999  479  131  421  972  809  621   69  945  568  156  207  778  374  632  935  652  889  583  797  248  692  879  836  
675  644  240   95  164  986  863  820  957  305  265  151  276  832  401  795  467  167  180  293   72  288  379  643  736    0  394  410  166  291  227  341  648   83   60  169  242  738  364   83  937  868  298  186  903  804  303  592  128  336   66  146   48  102  445  100  687  281  939  869  656  154  281  305  905  129  829  889  624  127   64  337  534  177  222  942  761  268  407  980  525  297  368  755  675  
761  567  567  914  664  138  321  529  921  370  547  343  250   32  393  858  843  235  128  877  577  160  537  116  714  394    0  166  392  997  783  310   53  405  694  634   26  360  236  802  906  943   10  804   22  830  763  801  371  675   84  782  670  974  580  661  307   88  859  773  701  312  492  107  154  621  440  384  809  314  493  934  283  326  348  274  641  844  430  780  656  778  236  688    6  
830  986  923  602  123   96  760  385  476  598  884  204  549  784  274  898  376  602  621  513  230  697  843  303  821  410  166    0  126   47  766  405  883  918  191  904  326  505  986  249  563  641  474  143  606  454  269  457  827  463  943  488  784  610  791  883  138  267  230  953   71  196  852  433  846  384  720  924  563  701  746  661  644  677  197  738  724  520  339  761  978  452  968  739  990  
898   47  382  123  805  260  195   12   40  632  791  445  640  199   47  117  405  343  352  806  682  663  419  505  114  166  392  126    0  585  522  878  597  598  312  890   93  119  859  813  705  349  895   85  137   14  690  136  116   48  987  794  982  481  427  338  397  998  863  409  376  725  806  191  645  175  656  410  714  218  992  704  540  756   40   49  769  241  747  929  467  764    2  456  351  
474  774  101  640   50   61  667  460  796  246  250  834  511  285  290  717  344  304  695  763  827  511  512  614   11  291  997   47  585    0  416  174  833  449   27   81  617  133  206  289  900  697  931  446  970  219  105  603  518  879  135  962  838  112  825   85  909  969   70  720  108  139  384   59  625  507  686   19  872  358  598  336  291  267  200  698  389  157  205   61  891  352  151  329  812  
913  316  190   47  770  402  584  150  131   87  976  149  247  850  157  631  878  835  467  752  609  671  958  395  731  227  783  766  522  416    0   39  957  595  719  319  247  739  534  615  318  760  482   13  350  382  340  739  348  308  314  479  996  357  138  772  172  496  423  407  957  165  105  359  328  258  385  362  998  373  527  605  503  326  562  943  429  844   44  882  262  741  796  534  443  
938  174   61  127  745  134  162  756  656  686  136  478  129  725  445  466  177  612  154  784  162   52  960  670  682  341  310  405  878  174   39    0  414  925  393  614  828  772  399  136    6  971  627  864  748  208  232  367  439  224  288  412  457  992  643  412  554   54  194  319  981  386  768  606  848  600  959  694  431  802  337  728  285  889  958  609  986   98  118  256  450  872  447  289  372  
930  667  736  800  530  450  186  446  869  925   24  364  377   44  818   61  793  805  495  574  523  329  787   82  574  648   53  883  597  833  957  414    0  865  853  212  131  973  996  821  445  825  118  841  246  801  679  650  395  141  208  327  624  460  964   60  203  408  843  871  741  865   70  981  370  169  562  815  221  823  198  161  349  425  103  771  253  382  158  477  173  346  918  705  619  
376  310  285  575   95  661  441  910   13   61  298  166  968  932  333  666   92  111  708  112   49  710  317  975  854   83  405  918  598  449  595  925  865    0  626  898  794  508  950  761  987   26  363  463   22  704  778  455  307   66  681  657  899  661    9  613  978  843  191   59  886  640  552  668  863  980  347  959   80  216  248  529  453  169  347  732  870  688   92  680   86  975  243  555  786  
990  498  714   72  785  636  281  531  252  564  348  698  456  931  414  581  169  156  429  239  310  664  916  277  756   60  694  191  312   27  719  393  853  626    0  684  720  498  290  509  752  274  360  792  542  455  789   84  459  609  794  595  221  722  880  173  129  285  499  686  593  643  328  643  343  916  479  718  945  513  258  813  916  693  578  336  550  270  987  700  742  931  373  540  370  
469  702  954  834  503  284  496  497  368   64    7  630  272  616  475  911  384  849  615  510  808  831  741    1  685  169  634  904  890   81  319  614  212  898  684    0  328  605  173  578  541  578  676  820  141  499  686  513  892  389  627  474  151   57  805  358  363  541  729   38  365  546  956  410  866  242  439  539  192  507  196  603  691    6  247  196  291  184  796  223   99   67  531  130  570  
263  131  144  911   10  748  402   43  489  301  649  900  591  460  544  190  430  102  460  353  402  606  987  295  260  242   26  326   93  617  247  828  131  794  720  328    0  937  508  649  109  732  889  525  136   64  784  371  587  113  264  761  454  647   54  468  859  753  172  890  418  670  644  428  114  459  416  826  140    1  303   28  339   36    9  956  858  464  731  693  561  271  960  187  821  
746  244  659  629  541  213  166  739  707  685  403  580  817  777  362  556  264  566   91  399  889  119  794   96  444  738  360  505  119  133  739  772  973  508  498  605  937    0  976  709  712  217  408  759   44  335   37  968  121  755  828  549  155  928  582  426  837  577   51  829  611   34  707  315  858  779   89   38  233  993  937  257  660  386  124   99   69  162  243  324  567  711  337   68  997  
134  751  924  136   44  184  204  211  717  937  489  945   31  734  330  255   86  532  850  601  212  832  310  245  127  364  236  986  859  206  534  399  996  950  290  173  508  976    0  363  466  613  576  639  148  343  871  105  552  506   43  126  845  242  500  106  623  505  110  798   75  928  683    2  148  828  694   91  634  320  450   88  638  284  853  668   26  802  712  559  946  253   58  831  853  
240  177  475  719  232  722  184  292  826  687  924  825  422  448  170  981  387  892  752  434  457  367  455  362  580   83  802  249  813  289  615  136  821  761  509  578  649  709  363    0  228  708  827  986  198  440  249  565    9  991  214  536  420  988  154  161  852   84  495  638  759  966  142   16  416  760  759  706  416  593  898  305   93  722  953  263  417  873  613  137  584  374  959  425  968  
952  971  463  326  746  243  653  506  857   57  844  329  361  688  136  254  362  155   70  810  265  182  383  961  483  937  906  563  705  900  318    6  445  987  752  541  109  712  466  228    0  408  365  919  984  843   71  507  930  906  368  534  741  922  712  873  401  883  356  639  247  466  989  968  721  694  350  319  553  738  893  347  665  186  787   35  380  440  812  615  873  606  502  234  168  
786  170  417  893   55  149  461  203  170  741  950  406   66  717  849  813   75  913  993  976  670  815  577  224  765  868  943  641  349  697  760  971  825   26  274  578  732  217  613  708  408    0  536  937  150  341    1  874  619  353  467  717  807   51  595  339  196  666  343  856   45  340  169  769  627  786  269  949  505  121  260  126  954  364  385  441  383   70  213  942  924  488  939  532  627  
273  476  900  699   66  595  974  525  898  255  113  156   79  143   92  273  360  340  184  853  242  796  721  700  358  298   10  474  895  931  482  627  118  363  360  676  889  408  576  827  365  536    0  341  144  264  383  331  141  994  816   89  487  126  136  526  566  397   58  141  292  616   55  756  358  190  136  988  883  553  880  634  475  282  382  996  571  735  452  344  662  655  573  610  521  
760  694  404  135  317  493  436  205  561  504  188  387  637  982  706   94  133  669  761  787  248  643  247  778  138  186  804  143   85  446   13  864  841  463  792  820  525  759  639  986  919  937  341    0   62  239  136  813   78  672  727  321  842   67  656  917  468  775  791   57  620  542  973  453  175  260  790  423  699   85  167  288   48  769  626  698  826  332  246  621  918  825  665  310  153  
313  486  724  202  601  531  862  367  943   24  941  365  546  260  350    9  849  172  266  980  274  684  381   20  831  903   22  606  137  970  350  748  246   22  542  141  136   44  148  198  984  150  144   62    0  958  911  773  556  457  368  246  833  184  278  296  783  652  286  662  539  417  911  427  742  547  959    0  995  716  695  539  855  121  458  372  960  645  620  837  204  239   51  598  202  
818  883  513  181  101  707  335  211  430  560   64   21  972  830  717  424  514  564  404   25  861  795  537  198  355  804  830  454   14  219  382  208  801  704  455  499   64  335  343  440  843  341  264  239  958    0  361  261   98  251  752  788  324  759   22  411  705  316   99  997  256  718  863  655  543  968   63  750   19  331  487  467  389  264  233  555  528  643   79  406  161  453  318  715    6  
344  545  955  187  802  454  663  938  223  591   52  463  834  187  644  398  858  630  325  102   78  607  520  513  384  303  763  269  690  105  340  232  679  778  789  686  784   37  871  249   71    1  383  136  911  361    0  849   73  507  226  959  586   38  591  656  210  313  827  817  599  133  898  488  406  355  352   64  443  621  395  643  994  326  222  549  810  609  528  663  651  831  645  661  505  
610  120   54  789  940   91  459  118  907  748  914  301  596   19  900  948  736  896  734  605  719  378  221  340  921  592  801  457  136  603  739  367  650  455   84  513  371  968  105  565  507  874  331  813  773  261  849    0  389  669  224  561  916  218  825  686  375  579  565  603  650  865  876  617  362  809  616  960  372  286  496  997  904  998  113  709  416   14  859  728  873  112  218  807  712  
106  376  255  264  714  450  537  498   84  766  965  692   39   16  400  253  349  411  171  355  425  569  757  270   61  128  371  827  116  518  348  439  395  307  459  892  587  121  552    9  930  619  141   78  556   98   73  389    0  286  331  181  136  252   10   73  408  482  712  430  756  872  167  213  653  364  865  500  504  516  626  709  727  136  979   38  374  281  326  406  112  581  254  334  236  
782  611  159  720  171  369   22  416  941  252  935  119   42  760  195  631   68  922  476  871  571   79  877   81  839  336  675  463   48  879  308  224  141   66  609  389  113  755  506  991  906  353  994  672  457  251  507  669  286    0  781  112  705  996  782   22  267  697  839  800  482  791  721  919  553  319  190  923   21  935  779  845  339  246  468  587  301   62  587  389  966  475  121    5  164  
269  626  574  399  804  745  419  653  542  404   69  104  935  750  299  276  767  923  791   96  797  853  213  713  432   66   84  943  987  135  314  288  208  681  794  627  264  828   43  214  368  467  816  727  368  752  226  224  331  781    0  592  777  242   16  956  272  802  574  246  222  604  819  987  884  128  753  743  342  515  491  635  958  168  708  998  121  503  662  127  975  903  248  822  925  
970  311  186  947  524  777  418  804   96  329  373  174  926  260  477  989  597  214   15  862  871  907  346  841  141  146  782  488  794  962  479  412  327  657  595  474  761  549  126  536  534  717   89  321  246  788  959  561  181  112  592    0  582  776  188  390  189  503  201  487  589  542    1  920  292  653  815  427  369  147  414  326  444  504  969  213  944  130  643  778  416  451  132  511  633  
727  680  617  899  812  698  305  489  685  529  128  288  364  583  116   73  625  528  578  688  719  260  755   67  829   48  670  784  982  838  996  457  624  899  221  151  454  155  845  420  741  807  487  842  833  324  586  916  136  705  777  582    0  945  557  709  731  247  364   49  933  496  429  402  335  207  975  777  236  230  391  159  848  850  540  680  991  380  786  789  624  960   94    7  574  
891  570  960  629  770  331  835  870  461  605  467  980  472  849  920  957  568  373  340  650  452  861  376  618   46  102  974  610  481  112  357  992  460  661  722   57  647  928  242  988  922   51  126   67  184  759   38  218  252  996  242  776  945    0  130  630  364  859  915  946  388  970  346  520  297  404  714  765  107  733  411  705   56  361  506  350  819  707  616  604  300  824   81  268  512  
575  649  279  653  441  562  114  921  248  646   34  966  892  787  420  586  343  681   41   62   24  781  362  408  191  445  580  791  427  825  138  643  964    9  880  805   54  582  500  154  712  595  136  656  278   22  591  825   10  782   16  188  557  130    0  895  333   20  620  469  859  322   23  927  920  755  615  783   89  445  932  124  598  562  956  523  798  116  248  908  685  506  483  891  652  
174   11  691  985  513  787  472  760  875  106  849  510  644  643  712   67  811  552  476  608  257  901  431  444  507  100  661  883  338   85  772  412   60  613  173  358  468  426  106  161  873  339  526  917  296  411  656  686   73   22  956  390  709  630  895    0  953  692  689  566  990  480  255  448  589  326  568  195  781  882  792  103  356  867  676  378  892  374  595  176  185  660  262  562  632  
539  789  153  533  794  750  867  203  475  118  749  626  562  183   17    2  913  861  951  126  748  574  531  547   39  687  307  138  397  909  172  554  203  978  129  363  859  837  623  852  401  196  566  468  783  705  210  375  408  267  272  189  731  364  333  953    0  631  695  451  347  115  918  538  518   23  917  426  787  487  532  976  981  438  824  102  339  113  165  257  508  346  410  299  240  
727  142   35  127  188  855  415  889  917  467  736  388  533   40  977  620  739  995  230   64  813  249  657  404  991  281   88  267  998  969  496   54  408  843  285  541  753  577  505   84  883  666  397  775  652  316  313  579  482  697  802  503  247  859   20  692  631    0  736  434  562  195  908  949  699  824  150  983  988  352  147  354  983  130  978  741  867  933  343  407  110  137  386  735  950  
395  743  464   24  472   20  162  646  637  877  221  165  312  468  784  641  917  189  404  834   51  453  821  484  321  939  859  230  863   70  423  194  843  191  499  729  172   51  110  495  356  343   58  791  286   99  827  565  712  839  574  201  364  915  620  689  695  736    0  704  306   76  522  190  580  525  800  958   20  509   43  939  877  451  582  136   12  105   50  134  198  469   18  860  969  
420  821  115  916  542  582  192  340  602  845  295  525  317  474  425  714  215  277   81  329  905   95  494  150  307  869  773  953  409  720  407  319  871   59  686   38  890  829  798  638  639  856  141   57  662  997  817  603  430  800  246  487   49  946  469  566  451  434  704    0  419  426  108   55  995  218  906  746  945  929  927  446  530  491  691  421  863  806  963  168  807  399  143  215  690  
219  518  790  783  692  575  465  849  241  411  107  275  808  136  984  247  750  219  156  402  803  143  992   37  151  656  701   71  376  108  957  981  741  886  593  365  418  611   75  759  247   45  292  620  539  256  599  650  756  482  222  589  933  388  859  990  347  562  306  419    0  546  855  618  519  321  857  112  684  630  387  247  814   66  454  435  296   99  843  541   42  699  502  882  894  
793  159  397  583  477  801  201  576  351  682  609  956   12  682  125  772  645  165  631  383  256   60  234  370  999  154  312  196  725  139  165  386  865  640  643  546  670   34  928  966  466  340  616  542  417  718  133  865  872  791  604  542  496  970  322  480  115  195   76  426  546    0  302  256  350  256  837  503   34  938  778  425  469  800  809  394  633  319  709  530  835  118  520  756  351  
484  575  248  678   96  285  758  238  277  403  713   92  943  187  451  911  454  703  595  386  493  337   83  332  479  281  492  852  806  384  105  768   70  552  328  956  644  707  683  142  989  169   55  973  911  863  898  876  167  721  819    1  429  346   23  255  918  908  522  108  855  302    0  278  683  420  262  742  760  902  502  166  388  412  117  382  721  148  403  614  277  608  310  849  362  
620  629   99  708   97  103  736  396  536  123  362  292  177  322  460  139  917  668  946  965  800  472  350  533  131  305  107  433  191   59  359  606  981  668  643  410  428  315    2   16  968  769  756  453  427  655  488  617  213  919  987  920  402  520  927  448  538  949  190   55  618  256  278    0  718  451  496  144   29  547  944  584  650  769  908  640  980  153  274  432  502   76  170  654  611  
743  371  349  400  730  312   19  569  517  715  608  644  986  129  808  855  781  638   47  702  678  279  309   21  421  905  154  846  645  625  328  848  370  863  343  866  114  858  148  416  721  627  358  175  742  543  406  362  653  553  884  292  335  297  920  589  518  699  580  995  519  350  683  718    0  371  951  493  509  505  636  357  515  370   24  613  191   39  821   48  397   33  747  195  304  
407  130  919  228  955   61  686   60    5  634   13  737  960  455  656  233  540  992  263  294  403   96  437   51  972  129  621  384  175  507  258  600  169  980  916  242  459  779  828  760  694  786  190  260  547  968  355  809  364  319  128  653  207  404  755  326   23  824  525  218  321  256  420  451  371    0  961  512  659  158  938  878  613  517  263  101  379  995  286  524  644   18  872  691   28  
668  834  631  444  467  437  556  329  955  213  145  934  314  505   67  275  153  247  364  808  982  183   35  166  809  829  440  720  656  686  385  959  562  347  479  439  416   89  694  759  350  269  136  790  959   63  352  616  865  190  753  815  975  714  615  568  917  150  800  906  857  837  262  496  951  961    0   19  439  702  101  775  314  604  629  818  148  395  109  618  463  933  260  674   43  
584  308  819  581  834  205  759  973  561  266  169  379  985  649  862  654  965  652  748   31  224  780  732  811  621  889  384  924  410   19  362  694  815  959  718  539  826   38   91  706  319  949  988  423    0  750   64  960  500  923  743  427  777  765  783  195  426  983  958  746  112  503  742  144  493  512   19    0  721  174  300  962  947  663  967  675  418  213   41  655  660  570  840  985  851  
 72  912  715  487  636  731  660  132   67  846  887  503  273  673  990  776    5  890  173   98  840  990  283  717   69  624  809  563  714  872  998  431  221   80  945  192  140  233  634  416  553  505  883  699  995   19  443  372  504   21  342  369  236  107   89  781  787  988   20  945  684   34  760   29  509  659  439  721    0  869  892   30  163  988  329  406  438   86  687  736  191  301  400  380  619  
460  708  955  100  734  653  665   78  866  429  571  682  525  323  406  107  228  125  729  835  766  145  371  193  945  127  314  701  218  358  373  802  823  216  513  507    1  993  320  593  738  121  553   85  716  331  621  286  516  935  515  147  230  733  445  882  487  352  509  929  630  938  902  547  505  158  702  174  869    0  426  967  544  517  838  993  872   43  474  675  112  979  701  614  746  
189  265  536  219   93   77  944  832  478  206  680  814  192  141   71  774  326  671  963  406  496  872  327  931  568   64  493  746  992  598  527  337  198  248  258  196  303  937  450  898  893  260  880  167  695  487  395  496  626  779  491  414  391  411  932  792  532  147   43  927  387  778  502  944  636  938  101  300  892  426    0  187  102  120  153  256  260  286  777  687  999  881    5  794  744  
462  190  255  468  687  414  489   60  472  372  148  914  232  580  113   77  143  986  318  143  738  145  725  976  156  337  934  661  704  336  605  728  161  529  813  603   28  257   88  305  347  126  634  288  539  467  643  997  709  845  635  326  159  705  124  103  976  354  939  446  247  425  166  584  357  878  775  962   30  967  187    0  194   95  418  969  872   22  601  596  648  612  518  230   40  
368  367  743  853  822   51   26  889  182  139  986   15  539  719  184  292  146  341  800  203  195  487  181  147  207  534  283  644  540  291  503  285  349  453  916  691  339  660  638   93  665  954  475   48  855  389  994  904  727  339  958  444  848   56  598  356  981  983  877  530  814  469  388  650  515  613  314  947  163  544  102  194    0  419  248   30  243  651  571  914  101   23  205  268  506  
389  330   96  876  340  316  625  109  831  633  614  652  911  101  136  121  186  696  152  805  920  365  975   60  778  177  326  677  756  267  326  889  425  169  693    6   36  386  284  722  186  364  282  769  121  264  326  998  136  246  168  504  850  361  562  867  438  130  451  491   66  800  412  769  370  517  604  663  988  517  120   95  419    0  868  705    2  457  996  323  950  917  726  954  937  
528  938  119  821  415  476   58  685   22  362  459  321  807  874   54  977  765  614  836  647  835  805    6  388  374  222  348  197   40  200  562  958  103  347  578  247    9  124  853  953  787  385  382  626  458  233  222  113  979  468  708  969  540  506  956  676  824  978  582  691  454  809  117  908   24  263  629  967  329  838  153  418  248  868    0  292  788  633  932  109  561  487  756  127  141  
643   40  787  275  885  860  830  904  603  903  973  126  653  911  769  564  369  193  947   69  209  421  169  513  632  942  274  738   49  698  943  609  771  732  336  196  956   99  668  263   35  441  996  698  372  555  549  709   38  587  998  213  680  350  523  378  102  741  136  421  435  394  382  640  613  101  818  675  406  993  256  969   30  705  292    0  735  493  807  598  999  667  251  299  272  
590  199  905  749  959  500  224  258  934  200  220   75   82  172  664  891  720  704  312  212  731  315  888  699  935  761  641  724  769  389  429  986  253  870  550  291  858   69   26  417  380  383  571  826  960  528  810  416  374  301  121  944  991  819  798  892  339  867   12  863  296  633  721  980  191  379  148  418  438  872  260  872  243    2  788  735    0  838   17  536  983  967  834  455   49  
549   35  786  134  814  826  943  168  490  631  765  753  542  231  273  480  337  384  198  319  437  568  164  791  652  268  844  520  241  157  844   98  382  688  270  184  464  162  802  873  440   70  735  332  645  643  609   14  281   62  503  130  380  707  116  374  113  933  105  806   99  319  148  153   39  995  395  213   86   43  286   22  651  457  633  493  838    0  330  374  871  438  585  661  909  
554  478  214  837  177  809  143  411  138  839  702  371  190  754  797  197  592   13  574  118  575   27  706  840  889  407  430  339  747  205   44  118  158   92  987  796  731  243  712  613  812  213  452  246  620   79  528  859  326  587  662  643  786  616  248  595  165  343   50  963  843  709  403  274  821  286  109   41  687  474  777  601  571  996  932  807   17  330    0  875  360  446  694  440  119  
520  400  965  736   16   42  751  508  128  178  845  556   93  351  739  815  672  819  579  578  742  224  886  570  583  980  780  761  929   61  882  256  477  680  700  223  693  324  559  137  615  942  344  621  837  406  663  728  406  389  127  778  789  604  908  176  257  407  134  168  541  530  614  432   48  524  618  655  736  675  687  596  914  323  109  598  536  374  875    0  654  783  404  647  622  
959  621  479  147  846  239  746  207  623  703  146  921  188  226  124  640  704  889    9   58  959  930  437  373  797  525  656  978  467  891  262  450  173   86  742   99  561  567  946  584  873  924  662  918  204  161  651  873  112  966  975  416  624  300  685  185  508  110  198  807   42  835  277  502  397  644  463  660  191  112  999  648  101  950  561  999  983  871  360  654    0  728  532  440   58  
257  413   31  424  880  287  428  618  689  597   17  659  580  623  464  407  197  805   18  157  414  295  521  360  248  297  778  452  764  352  741  872  346  975  931   67  271  711  253  374  606  488  655  825  239  453  831  112  581  475  903  451  960  824  506  660  346  137  469  399  699  118  608   76   33   18  933  570  301  979  881  612   23  917  487  667  967  438  446  783  728    0  922  801  388  
286  746  967  424  585  852  649  823  368  174  727  849   66  841  266  120  977   23  438   41  544  612  688  505  692  368  236  968    2  151  796  447  918  243  373  531  960  337   58  959  502  939  573  665   51  318  645  218  254  121  248  132   94   81  483  262  410  386   18  143  502  520  310  170  747  872  260  840  400  701    5  518  205  726  756  251  834  585  694  404  532  922    0   36  484  
210  825  815  941  323  583  731  308  325  305  316  464  287  323  929  727  422  611  136  523  517  736  434  751  879  755  688  739  456  329  534  289  705  555  540  130  187   68  831  425  234  532  610  310  598  715  661  807  334    5  822  511    7  268  891  562  299  735  860  215  882  756  849  654  195  691  674  985  380  614  794  230  268  954  127  299  455  661  440  647  440  801   36    0  860  
988  550  237  984  251  550  422  169  549  535  768  416  333  536  548  723  106   81   79  957  829   37  391  514  836  675    6  990  351  812  443  372  619  786  370  570  821  997  853  968  168  627  521  153  202    6  505  712  236  164  925  633  574  512  652  632  240  950  969  690  894  351  362  611  304   28   43  851  619  746  744   40  506  937  141  272   49  909  119  622   58  388  484  860    0  

  0   51  566   45  950  721  505  920  539  438  990   25  315  771   69  499  472  600  660  403  879  471  198  495  131  333  329  724  337  248  383  887  626  103  406  985  461  245  277  996  104  777  515  578  553  460  363  239  799  484  205   75  711  427  990  517  213  875  504  238  964  714   60  659  804  991  134  665  465  384   20  601  143  886  982  151  788  323  763  450  712   88  693  869   86  
 51    0   67  687  192  459  790  373  202  633  287  889  143  831  741  171  847  954  750  701   51  675  813  968  103  419  228  759  753  272  462  311  549  834  656   95  172  216  388  955  871  628  903  241  440  704  150  855  640  222  187  724   23  154  800  120  765   89  749  399  471   55  848  193  175  546  662  672  504  762  213  351  401   15  255  623  668  360  985  370   73  292   78  599  359  
566   67    0  896  717  593  880  941  917    4  752  510  190   14   29  915  203  819  531  935  296  309   91   86  221  982  673  648  286  280  766  193   25  591  222  585  538  373  670  467   14  835  292  669  826   33   67  785  250  304  779  441  822  200  456  578  886  805  468  275  768  442  466  350  143  665  288  896  272  794   24  720  429  849  868  505  317  925  592   25  266  203  680  307  163  
 45  687  896    0  823  505  728  992  501  185  172  668  597  943   95  986  612  332  238  982  264  234  386  631  744    7  499  391   63  335  949  222  380  439  439  345  413  198  557  277    9  398  249  891  105  688  723  182  376  682  628  996  769  731  705  421  976  737   41  373  198  221  430  333  316  443  746  594  545    8  337  582  451  661  434  938  398  996  301  502   80  764  871  120  730  
950  192  717  823    0  429  341  954  167  134  699  470  571  219  710  997  575  750  895  453  294  703  521  987  823  205  346  814  627  183  956  883  816  977  290  187  185  389  421  759   56  269  839  178   69  477  100  847  845  326  107  146   92   18   56  745  910  515  501  191  475  286  891  151  273  129  734   78  616  898  992  469  510  467  964  221  966   80  356  567  774  300  311    5  522  
721  459  593  505  429    0  858   87  904  626  850  709  331  272  803  898  793  595  727   81   96  481  510  770  949  940  969  942  137  625   29  335  146  128  914  513  181    3  716  706   67  247  741  952  299  407  277  371  379  996  559  340  605  386  706  453  427  449  736  153  884   27  567  800  293  166  819  651  859  283   49  501  565  248  894  558  716  941  932  694  255  621  639  540  736  
505  790  880  728  341  858    0   28    5  909  285  934  779  392  601  445  284  250  455  598  592  822  541  193  356  142  702  373  816  420  947  309    9  189  470  647  115  704  268  317  336  240   17  328  192  372   88  180  849  169  725   70  807  692  514  816  399  725  341  368  662  580   45  331  633  386  449  834  570  763  634  179  824  475  463  571   63  298  362  657   70  513  132  507  917  
920  373  941  992  954   87   28    0   69  281  334  203   14  321  136  223   83  856    7   46  473  552  801  425  172  308  157  295   73  560  849  241   98  568   40  155  537  720  237  276   58  762   47  382   17  453  414  847  650  367  827   37   38   90  488   88  577  294  496  269  900  882  737  337  956   47  524  175  555  319  425  912  517  522  206  483  771  362   93   83   82  290  560  654  488  
539  202  917  501  167  904    5   69    0  512    7  383  183  985  160  563  336  858  252  155  293  466  750  764  801  956  837  882   72  661  814   66   43  875  768  937  707  432  808  954  317  198  636  524  951  702  992  975  238  953  370  591  672   61  182  305  760   64   97  614  606  985  761  549  248  155  120  269  202  287  501   77  455  610  857  850  314  358  104  428  556  237  159  181  646  
438  633    4  185  134  626  909  281  512    0  403  993  251  971  329  719  156  223  230  647  800  158  106  754   35  403  331  238  553  542  192  977  415  907  383  438  460  244  340   29  424  469   65  126  888  968  889  386  412  878  937  337  954  858  249  614  116  680  590  719  506  645  602   39   47  460  325  753   68  471  182  819  596  652   92  661  772  778  134  478  295  933  431  970  307  
990  287  752  172  699  850  285  334    7  403    0  114  323  185    4  193  178  209  376  168  388  214  618  589  297  359   59  954  887  804   54  735  673  987  542  750  885  998  227  399  532  802   86  456  853  965  594  372   60  864  864  434  376  307  946  587  261  260   50  149  103  162  391   13  795  542  880  779  257  160  304  635  462  401  388  940  679  232  108  693  979  812  416  213    9  
 25  889  510  668  470  709  934  203  383  993  114    0  424  455  103  723  763   50  474  633  353  867  178  670  770  380  292  544  232  351  260  281    1  988  587  442  343  786  201  173  675   78  902  641  483  789  182  481  602  325   32   37  271  551  639  325  115  220  326  363  903  259  207  575  280  491  859  150  160  208  845  730  994  618  345  861   14  972  469  117  780  554  400  643  655  
315  143  190  597  571  331  779   14  183  251  323  424    0  518   66  253  755  519  377  484  551  635  225  357  496  546  819  485  632  386  342  382  847  826  545   31  177  375  672  679  620  243  325  368  154  737  774   76  765  681  733  108  689  200  490  788  548  186  579  982  541  795  743  108  254  405  838  921  101  498  711  584  656   89  592  867  317   28  864  523  395  526  237  494  216  
771  831   14  943  219  272  392  321  985  971  185  455  518    0  545  541  622  219  235  620  224  652  507  431   91  890  760  523  417  753  157  859  447  944  876  479  351  654  787  947  903  483  158  347  269  604  498  515  120  566  184  598  426  210  967  166  895  735  545  821  832  704  406   77  401  191  563  996   91  719  347  158  601   98   23  374  777  630   41  706  782  521  216  347  116  
 69  741   29   95  710  803  601  136  160  329    4  103   66  545    0  938   89  302   11  391   45  745  686  811  318  491  493  588   87   37  627  108  813  412  150  270  156  907  324  136  108   76  790  293  300  322  197  589  746  709    4   74  708  525  964  905  996  106  338  133  901  343  648  255  410  640  238  385  230  540   73  578  912  823  964  697  558  337  638  490  752  836  790  834  483  
499  171  915  986  997  898  445  223  563  719  193  723  253  541  938    0  471  971  225  254  603  802   55  277   83   31  758  907  419  609  483  193  473  253  968  170  461  129  334  704  506  356  851  355  443  395   94  444   85  396  893   55  812  966   38  227   32  110  913  547  902  793  562  316  310  578   56  143  302  132  439  157  217  298  854  442  384  156  769   28   95  228  733  828  323  
472  847  203  612  575  793  284   83  336  156  178  763  755  622   89  471    0  781  869  946  158  463  411  806  764  172  333   75  929  535  884  532  201  190  825  341  577   74  393  431  786  312  692  586  658   53  490  466   31  955  882  351  451   59  588   85  107  472   65  964  972  949  952  491  623  809   86   61  217  434  558  281  561  797  348  200  382  248   67  262  414  960   54  754  615  
600  954  819  332  750  595  250  856  858  223  209   50  519  219  302  971  781    0  224  572  378  875  619  293  451  831  738  353  780  347  263  789  108  368  392  678  872    6  707  267  175  721   47  447  848  380  719  165  206  176  633  556  594  969  968  383  681  557  297  725  899  443  419  480  713  523  632  896  278  759  755   99   35  768  459  250  868  699  181  506  387  262   86  289  884  
660  750  531  238  895  727  455    7  252  230  376  474  377  235   11  225  869  224    0  729  477  445  455  446  367  726  256  306  793  669  437  603  548  920  847  918  693  511  389  912  117  775  440  437  487  186  812  667  371  521  410  771  943  182    4   83  983  618  452  728  743  165  879  799  859  868  804  872  295  705  901  153  110  285  958  118  651    1  139  246  808  474  751  367  924  
403  701  935  982  453   81  598   46  155  647  168  633  484  620  391  254  946  572  729    0  247  825  681  597  900  238  652  366  292  195  868   16  555  746  141  169   74  787  674  660  696  631  183  281  837  508  842  221  689  782  962  549  620  210  275  132  302  694  210  957  684  685   97  901  725  707  757  192  460  410  176  911  817   90  511  479  795  585  160  961  545  890  222  475  936  
879   51  296  264  294   96  592  473  293  800  388  353  551  224   45  603  158  378  477  247    0  100  151  903  413  765  367   30  560  537  961  873  902  528  361  223  936  743  782  306  216  299  920  698  663  637  861  168  915  805  721   98  394  800  243   49  745  499  962  752  546  889  198  742  610  356  951  780  898  547  506  874  433  701  108   30  835  787  106  468  169  992  886  128  870  
471  675  309  234  703  481  822  552  466  158  214  867  635  652  745  802  463  875  445  825  100    0  903  605  333  471  205  942  164   37  202  953  200  565  408   63  832  957  784  851  816  834  829  911  253  916  705  681   34  455  794  614  348  596  197  642   17  955  530  430   47   78  698   33  344  829  686  405  604  871  292  696  347  295  471  950  116  463  842   94  358  945  387  225  336  
198  813   91  386  521  510  541  801  750  106  618  178  225  507  686   55  411  619  455  681  151  903    0  556  601  205  759  637  976  498  723  380  221  298  297  981  641   99   93  827  794  688  777  983  200  193  904  669  312  554  762  961  211  310  571  852  656  621  460  100  770  643  924  761  285  273  296  244  903   22  326  473  454  393  147  329  919  709  484  708  340  870  668   26    4  
495  968   86  631  987  770  193  425  764  754  589  670  357  431  811  277  806  293  446  597  903  605  556    0  109  295  783  966  174  447  128  610  997  668  349  233  271  147  713  941  500  377  191   27  891  693   36  787  494  961  769  736  206  903  663   20  344  479  603  450  269   97   80  129  901  313  435  978  633   62  163  848  736  282  209    4  129  116  978  378  487  390  648  950  926  
131  103  221  744  823  949  356  172  801   35  297  770  496   91  318   83  764  451  367  900  413  333  601  109    0  638  283    1  522  274  968  341  758  764  907  623  466  674  890   80  203  225  906  157  472  621   66  980  857  789  266  175  997  811  987  129  306  734  413  821  624  146  208  875  777  174  386  671  761  350  549  495   80  985  339  914  946  803  440  822  140  296  408  772  355  
333  419  982    7  205  940  142  308  956  403  359  380  546  890  491   31  172  831  726  238  765  471  205  295  638    0  396  232  249  502   62  989  294  732  947  448  539  727  801  350    0  552   74  594  907  298  468  257   38  523  844  280  891   62   48  994  630  378  784   59  340  277  467  828  211  710   15  189  952  369  463  290  918  453  238  398  913  450  280  720  213   61  961    7  206  
329  228  673  499  346  969  702  157  837  331   59  292  819  760  493  758  333  738  256  652  367  205  759  783  283  396    0  501  399  936  652  653  351  618  732  274  752  256  765  838  813  307  400  527  911  259  754  365    6  300  916  350  987  695  569  414  443  783  580  828  869  377  367  223  956  236   84  647  447    9  855  194  144  483  227  343  869  673  737  249  949  263  995  872   39  
724  759  648  391  814  942  373  295  882  238  954  544  485  523  588  907   75  353  306  366   30  942  637  966    1  232  501    0  903  294  948  625  722  165   26  395  181  394  822   80  116  113  949  785  100  888  750  549  291  583  253  732  694  277  971  812  729  588  977  213  629  781  357  940  961  142  608  628   23  778  491  411  777  301  219  158  616  672  702  601  255  997  804  921  331  
337  753  286   63  627  137  816   73   72  553  887  232  632  417   87  419  929  780  793  292  560  164  976  174  522  249  399  903    0  718  607  545  123  718  554  153  262  485  643  436  828  728  570  949   69  907   62  124  559  334  611   14  295  883  445  529  621  119  741  377  815  615  306  113  491  645  830  307  253  860  336  739  613  917   20  492  369  511  816  584  872  220  182  320  216  
248  272  280  335  183  625  420  560  661  542  804  351  386  753   37  609  535  347  669  195  537   37  498  447  274  502  936  294  718    0  762  708  693  394   51  976  777  841  966  875  667  980  365   47  423  691  957  222  372  928  827  449  464  410   74  198  143  704  226   64  619  982   32  316  924  779  597  711   27  189  650  286  300  734  765  116  500  322  263    9  537  807  112  388  562  
383  462  766  949  956   29  947  849  814  192   54  260  342  157  627  483  884  263  437  868  961  202  723  128  968   62  652  948  607  762    0  454   30  870  304  570  645  476  889  623  849   67  153  896  497  813  293  718  695  380  340  876   28  212  226  393  331  420  923  384  404  406  485  680  292  514  590  496  656  129  679  534  880  477  473  540  521  133  161  178  441  379  477  681  217  
887  311  193  222  883  335  309  241   66  977  735  281  382  859  108  193  532  789  603   16  873  953  380  610  341  989  653  625  545  708  454    0  568   27  561  527  524  332  985  828  679  586  335  180  908  195  613  116  197  699   92   98   28  380  932   45   31  919  645   44  481  478  587  595  261  549  902  260  325  271  779  567  294  596  704   45  767   75  730  368   24  420  621  845  755  
626  549   25  380  816  146    9   98   43  415  673    1  847  447  813  473  201  108  548  555  902  200  221  997  758  294  351  722  123  693   30  568    0  201  364  276  555  681  668  348  494  111   12  914  812  974  527  388  489  490  549  983  811  651  169  617  664  438  966  385  511  520  588  216  480  287  994  791  790  673  581  592   28  786  686  877  639    9  882  826  722  884  669  128  831  
103  834  591  439  977  128  189  568  875  907  987  988  826  944  412  253  190  368  920  746  528  565  298  668  764  732  618  165  718  394  870   27  201    0  230  783   58  458  931  906  611   38  137  856  958  613  163  337    4  466  893  512  351  629  459  510  178  418  825  154  583  446   15   81  908  103  607  899  970  762   97  463  954  313   11  617  149  251  879  428  308  539  686  680  882  
406  656  222  439  290  914  470   40  768  383  542  587  545  876  150  968  825  392  847  141  361  408  297  349  907  947  732   26  554   51  304  561  364  230    0  775  317  310  245  748  317  827  499  275  189  217  502  750  994  169  529  884  537  653   68  727   13  904  145   86  290  190  668  741  258  204  151  417   83  814  655  235  261  475  805  588  154  934  196  622  545  491  794  177  486  
985   95  585  345  187  513  647  155  937  438  750  442   31  479  270  170  341  678  918  169  223   63  981  233  623  448  274  395  153  976  570  527  276  783  775    0  791   55  336  423  135  668    1  567  583  293  361  420  303  620  581  438  825   43  206  248   61  467  763  593   89  744    5   22  251  527  972  116  289  547  201  263  830  234  160  682  648  529  872  285  332  220  222   94  664  
461  172  538  413  185  181  115  537  707  460  885  343  177  351  156  461  577  872  693   74  936  832  641  271  466  539  752  181  262  777  645  524  555   58  317  791    0  151  722  948  317   58  973  237  487  812  321  615  335  239  956  892  195  690  423  248  931  602  677  120  730  939  960  570  429  279  975  143  894  355  854  793  830  720  987  886  316  723  559  688  644   42  945  988  511  
245  216  373  198  389    3  704  720  432  244  998  786  375  654  907  129   74    6  511  787  743  957   99  147  674  727  256  394  485  841  476  332  681  458  310   55  151    0  799  880  997  341  571  486  984   94  756   75  842  366   31  840  777  639   36  540   58  159  765   90   30   54  661  450  448  516  475  671  902   21  351  969  139  512  197  594   83  600  340  718  607  662  861  508  620  
277  388  670  557  421  716  268  237  808  340  227  201  672  787  324  334  393  707  389  674  782  784   93  713  890  801  765  822  643  966  889  985  668  931  245  336  722  799    0  806   15   22  533  892  625  617   58  639  908  996  874  210  341  777  656  754  776  469  232  547  913  804  320  720  985  466  508  781  543   41  802  543  352  937  250  686  372  140  627  326  166  768  538  458  857  
996  955  467  277  759  706  317  276  954   29  399  173  679  947  136  704  431  267  912  660  306  851  827  941   80  350  838   80  436  875  623  828  348  906  748  423  948  880  806    0  380   49  695  342   78   62  285  498  301  841  682  895  575  942   67  453  786  496  516  254  416  517  416  522  895  783   54  672  416  665  893  869    3  794  395  417  482  565  130  984  565  605  836  447  984  
104  871   14    9   56   67  336   58  317  424  532  675  620  903  108  506  786  175  117  696  216  816  794  500  203    0  813  116  828  667  849  679  494  611  317  135  317  997   15  380    0  887  803  934  209  869  900  655  779  678  146  200  134  931  784  923  238  389  636  533  845  414  992  976  909  131  949    5  623  684  720  650  555  533  661  851  456  258  347  989  364  283  259  651  787  
777  628  835  398  269  247  240  762  198  469  802   78  243  483   76  356  312  721  775  631  299  834  688  377  225  552  307  113  728  980   67  586  111   38  827  668   58  341   22   49  887    0  692  953  152  656  120  542  158  848  723  365  764  598  879    3  388  659  480  220  771  396  303  815  917  371  352  585  486  698  385  822  848  784   77  850  854  105  868  267  160  196  337  312  995  
515  903  292  249  839  741   17   47  636   65   86  902  325  158  790  851  692   47  440  183  920  829  777  191  906   74  400  949  570  365  153  335   12  137  499    1  973  571  533  695  803  692    0   10  699  976  215  323  838  722  257   99  875  822  241  809  248  680  416  255  491  880  510   85  103  261  640  976  256  181  124  672  692  864  251  423  349  633  188   89  506  121  397  763  206  
578  241  669  891  178  952  328  382  524  126  456  641  368  347  293  355  586  447  437  281  698  911  983   27  157  594  527  785  949   47  896  180  914  856  275  567  237  486  892  342  934  953   10    0  621   38  446  897  759  748  102  340  434  899  112  994  759   94  409  173  730  590  317  731  429  337  475  192  734  105  715  478  343  570  293  497  718  920  570  881  135  929  602  540  607  
553  440  826  105   69  299  192   17  951  888  853  483  154  269  300  443  658  848  487  837  663  253  200  891  472  907  911  100   69  423  497  908  812  958  189  583  487  984  625   78  209  152  699  621    0  868  915  360  881  934  470  395   91  713  568  885  132   45  369  801  454  849  324   31  327  749  457  444  664  418  612  596  754  869  405  726  934  529  365  821  201  704  448  664  156  
460  704   33  688  477  407  372  453  702  968  965  789  737  604  322  395   53  380  186  508  637  916  193  693  621  298  259  888  907  691  813  195  974  613  217  293  812   94  617   62  869  656  976   38  868    0  987  343  444  889   49  375  619  765  551   97  391  699  722  752   82  244  967  251  562  736  880  518   74    1  623  101  253    7  573  803  797  831  882  136  694  607   26  317  325  
363  150   67  723  100  277   88  414  992  889  594  182  774  498  197   94  490  719  812  842  861  705  904   36   66  468  754  750   62  957  293  613  527  163  502  361  321  756   58  285  900  120  215  446  915  987    0  474  850  273  953  898   28  441  830  373  753  621   72  621  189  269  411  274  426  396  205  952  136  196  946  233  744  668   46  269  798  299   65  101  565  501  795   10  185  
239  855  785  182  847  371  180  847  975  386  372  481   76  515  589  444  466  165  667  221  168  681  669  787  980  257  365  549  124  222  718  116  388  337  750  420  615   75  639  498  655  542  323  897  360  343  474    0  927  315  324  172   50  819  393  409  758   44  245  274  399  664  786  816  859  332  451  896  617  760  942   22  834  425  894  125  411  483  411  768  300  348  972  719  342  
799  640  250  376  845  379  849  650  238  412   60  602  765  120  746   85   31  206  371  689  915   34  312  494  857   38    6  291  559  372  695  197  489    4  994  303  335  842  908  301  779  158  838  759  881  444  850  927    0  335  261  155  978  878  623  633  257  804   63  602  918   86  808  604   35  196  182  639  332  990  644  569  760  179  672  802  135   77  679  825  282  630  660  842  963  
484  222  304  682  326  996  169  367  953  878  864  325  681  566  709  396  955  176  521  782  805  455  554  961  789  523  300  583  334  928  380  699  490  466  169  620  239  366  996  841  678  848  722  748  934  889  273  315  335    0   57  212  693  380  533  969   19   38  952  193  783  682  217  144  915  519  334  560  873  916  477    9  469  582  600  973  264   86  139  298  915   96  951  304  219  
205  187  779  628  107  559  725  827  370  937  864   32  733  184    4  893  882  633  410  962  721  794  762  769  266  844  916  253  611  827  340   92  549  893  529  581  956   31  874  682  146  723  257  102  470   49  953  324  261   57    0  376  448  294  813  574  547  549  570  133  707   84  803  595   13  972  374  673  438  831  866  243  949  992  821  818  905   56  491  863  954  502  774  395  519  
 75  724  441  996  146  340   70   37  591  337  434   37  108  598   74   55  351  556  771  549   98  614  961  736  175  280  350  732   14  449  876   98  983  512  884  438  892  840  210  895  200  365   99  340  395  375  898  172  155  212  376    0  516   72  502  784  953  481  525  468   12  181  731  179  774  751  407  596  865  424  683  789  474   47  838  591  378  949  989  980  715  331  188  907  818  
711   23  822  769   92  605  807   38  672  954  376  271  689  426  708  812  451  594  943  620  394  348  211  206  997  891  987  694  295  464   28   28  811  351  537  825  195  777  341  575  134  764  875  434   91  619   28   50  978  693  448  516    0  972   65  917  455  369  722  117  300  411  789  987   78  885  456  332  603  737  984  545  478  221  881  246  953  127  477  247  510  377  362  107  576  
427  154  200  731   18  386  692   90   61  858  307  551  200  210  525  966   59  969  182  210  800  596  310  903  811   62  695  277  883  410  212  380  651  629  653   43  690  639  777  942  931  598  822  899  713  765  441  819  878  380  294   72  972    0  182  767  745  160    2   72  810  558  822  836   73  248  738  982  335  283  604  410  973  807  348  807  687  279  742  823  395  663  466  750  155  
990  800  456  705   56  706  514  488  182  249  946  639  490  967  964   38  588  968    4  275  243  197  571  663  987   48  569  971  445   74  226  932  169  459   68  206  423   36  656   67  784  879  241  112  568  551  830  393  623  533  813  502   65  182    0  981  247  862  176  471  489  193  178  788  663  855  672  727  478  937  890  327  960   90  310  493   24  586  779  923  896  531  749  458    7  
517  120  578  421  745  453  816   88  305  614  587  325  788  166  905  227   85  383   83  132   49  642  852   20  129  994  414  812  529  198  393   45  617  510  727  248  248  540  754  453  923    3  809  994  885   97  373  409  633  969  574  784  917  767  981    0  839  278  359  881  321   50   32  809  142  908  481  931  520  534  173  559  207  276  692   94  927  460  746  761  717  634  224  457  616  
213  765  886  976  910  427  399  577  760  116  261  115  548  895  996   32  107  681  983  302  745   17  656  344  306  630  443  729  621  143  331   31  664  178   13   61  931   58  776  786  238  388  248  759  132  391  753  758  257   19  547  953  455  745  247  839    0  899  168  626  879   95   83  701  719  819  765  327  197  793   39  969  977  174  847  323  706  884  931  723  123  422  731   13  552  
875   89  805  737  515  449  725  294   64  680  260  220  186  735  106  110  472  557  618  694  499  955  621  479  734  378  783  588  119  704  420  919  438  418  904  467  602  159  469  496  389  659  680   94   45  699  621   44  804   38  549  481  369  160  862  278  899    0  300  894  294  809  238  527  530  733  987  940  653  332    7  293  440  192  902  115  968  200  450  588  105  321  480  541  745  
504  749  468   41  501  736  341  496   97  590   50  326  579  545  338  913   65  297  452  210  962  530  460  603  413  784  580  977  741  226  923  645  966  825  145  763  677  765  232  516  636  480  416  409  369  722   72  245   63  952  570  525  722    2  176  359  168  300    0  128  709  622  992   95  806  905  592  984  348  871  382   81  350  430  322  390  358  929  966  986  305  796  624   63  378  
238  399  275  373  191  153  368  269  614  719  149  363  982  821  133  547  964  725  728  957  752  430  100  450  821   59  828  213  377   64  384   44  385  154   86  593  120   90  547  254  533  220  255  173  801  752  621  274  602  193  133  468  117   72  471  881  626  894  128    0  194  595  479  137  858  595  438  929  921  315  916  750  202  556   24  734   94  548  701  422  478  673   84  977  188  
964  471  768  198  475  884  662  900  606  506  103  903  541  832  901  902  972  899  743  684  546   47  770  269  624  340  869  629  815  619  404  481  511  583  290   89  730   30  913  416  845  771  491  730  454   82  189  399  918  783  707   12  300  810  489  321  879  294  709  194    0  487  349  619  525  733  349  362   29  589  970  380  803  418  487  318  129  740  671  755  969  751  674  854  933  
714   55  442  221  286   27  580  882  985  645  162  259  795  704  343  793  949  443  165  685  889   78  643   97  146  277  377  781  615  982  406  478  520  446  190  744  939   54  804  517  414  396  880  590  849  244  269  664   86  682   84  181  411  558  193   50   95  809  622  595  487    0  307  886  269  963  647  657  220  394   14  323  724  824  478  417  238  352  108  217   77  228  346  139  222  
 60  848  466  430  891  567   45  737  761  602  391  207  743  406  648  562  952  419  879   97  198  698  924   80  208  467  367  357  306   32  485  587  588   15  668    5  960  661  320  416  992  303  510  317  324  967  411  786  808  217  803  731  789  822  178   32   83  238  992  479  349  307    0  295  196  735  351  526  836  910  442   85  175  374  530  655  959  380  929  608  311   79  999  451  658  
659  193  350  333  151  800  331  337  549   39   13  575  108   77  255  316  491  480  799  901  742   33  761  129  875  828  223  940  113  316  680  595  216   81  741   22  570  450  720  522  976  815   85  731   31  251  274  816  604  144  595  179  987  836  788  809  701  527   95  137  619  886  295    0  833  197  843  658  692  133   84  376  545  258  735   19   38  308   72  163  249  181  885  463  539  
804  175  143  316  273  293  633  956  248   47  795  280  254  401  410  310  623  713  859  725  610  344  285  901  777  211  956  961  491  924  292  261  480  908  258  251  429  448  985  895  909  917  103  429  327  562  426  859   35  915   13  774   78   73  663  142  719  530  806  858  525  269  196  833    0  966  556  262  432  940  596  705   36  329  855  790  508  459  141  433  492  330  535  989  646  
991  546  665  443  129  166  386   47  155  460  542  491  405  191  640  578  809  523  868  707  356  829  273  313  174  710  236  142  645  779  514  549  287  103  204  527  279  516  466  783  131  371  261  337  749  736  396  332  196  519  972  751  885  248  855  908  819  733  905  595  733  963  735  197  966    0  565  507  382  726  956  235  606  594  683  953  324  618  543   64  606  613  235  323  200  
134  662  288  746  734  819  449  524  120  325  880  859  838  563  238   56   86  632  804  757  951  686  296  435  386   15   84  608  830  597  590  902  994  607  151  972  975  475  508   54  949  352  640  475  457  880  205  451  182  334  374  407  456  738  672  481  765  987  592  438  349  647  351  843  556  565    0  859  355  311  803  981  220  564  798  159  556  184  452  162  930   34  303  723  450  
665  672  896  594   78  651  834  175  269  753  779  150  921  996  385  143   61  896  872  192  780  405  244  978  671  189  647  628  307  711  496  260  791  899  417  116  143  671  781  672    5  585  976  192  444  518  952  896  639  560  673  596  332  982  727  931  327  940  984  929  362  657  526  658  262  507  859    0  958  640  369  163  925  453  331  457  739   14  855   33  466  464  403   28  955  
465  504  272  545  616  859  570  555  202   68  257  160  101   91  230  302  217  278  295  460  898  604  903  633  761  952  447   23  253   27  656  325  790  970   83  289  894  902  543  416  623  486  256  734  664   74  136  617  332  873  438  865  603  335  478  520  197  653  348  921   29  220  836  692  432  382  355  958    0  150  503  234   17  941  498  760  963  161  330  909  877  114   40  127  145  
384  762  794    8  898  283  763  319  287  471  160  208  498  719  540  132  434  759  705  410  547  871   22   62  350  369    9  778  860  189  129  271  673  762  814  547  355   21   41  665  684  698  181  105  418    1  196  760  990  916  831  424  737  283  937  534  793  332  871  315  589  394  910  133  940  726  311  640  150    0  865  431  510  230  444  840  656  467  723  122  940  211  386  854   64  
 20  213   24  337  992   49  634  425  501  182  304  845  711  347   73  439  558  755  901  176  506  292  326  163  549  463  855  491  336  650  679  779  581   97  655  201  854  351  802  893  720  385  124  715  612  623  946  942  644  477  866  683  984  604  890  173   39    7  382  916  970   14  442   84  596  956  803  369  503  865    0  738    6  807   64  758   12   57  363   49  484  391  960  971  969  
601  351  720  582  469  501  179  912   77  819  635  730  584  158  578  157  281   99  153  911  874  696  473  848  495  290  194  411  739  286  534  567  592  463  235  263  793  969  543  869  650  822  672  478  596  101  233   22  569    9  243  789  545  410  327  559  969  293   81  750  380  323   85  376  705  235  981  163  234  431  738    0  257  564  509  803   89  289  220  926  272  146  725  870  506  
143  401  429  451  510  565  824  517  455  596  462  994  656  601  912  217  561   35  110  817  433  347  454  736   80  918  144  777  613  300  880  294   28  954  261  830  830  139  352    3  555  848  692  343  754  253  744  834  760  469  949  474  478  973  960  207  977  440  350  202  803  724  175  545   36  606  220  925   17  510    6  257    0  950  265  133  129   42  132  410   76  960  777   83  856  
886   15  849  661  467  248  475  522  610  652  401  618   89   98  823  298  797  768  285   90  701  295  393  282  985  453  483  301  917  734  477  596  786  313  475  234  720  512  937  794  533  784  864  570  869    7  668  425  179  582  992   47  221  807   90  276  174  192  430  556  418  824  374  258  329  594  564  453  941  230  807  564  950    0   88  108  365  389  793  545  749   17  670  299  197  
982  255  868  434  964  894  463  206  857   92  388  345  592   23  964  854  348  459  958  511  108  471  147  209  339  238  227  219   20  765  473  704  686   11  805  160  987  197  250  395  661   77  251  293  405  573   46  894  672  600  821  838  881  348  310  692  847  902  322   24  487  478  530  735  855  683  798  331  498  444   64  509  265   88    0  684  889  581  898  792  946  186  981  372  818  
151  623  505  938  221  558  571  483  850  661  940  861  867  374  697  442  200  250  118  479   30  950  329    4  914  398  343  158  492  116  540   45  877  617  588  682  886  594  686  417  851  850  423  497  726  803  269  125  802  973  818  591  246  807  493   94  323  115  390  734  318  417  655   19  790  953  159  457  760  840  758  803  133  108  684    0   62  235  962  444   62  560  882  980  210  
788  668  317  398  966  716   63  771  314  772  679   14  317  777  558  384  382  868  651  795  835  116  919  129  946  913  869  616  369  500  521  767  639  149  154  648  316   83  372  482  456  854  349  718  934  797  798  411  135  264  905  378  953  687   24  927  706  968  358   94  129  238  959   38  508  324  556  739  963  656   12   89  129  365  889   62    0  228  507  747  501  744  642  655  120  
323  360  925  996   80  941  298  362  358  778  232  972   28  630  337  156  248  699    1  585  787  463  709  116  803  450  673  672  511  322  133   75    9  251  934  529  723  600  140  565  258  105  633  920  529  831  299  483   77   86   56  949  127  279  586  460  884  200  929  548  740  352  380  308  459  618  184   14  161  467   57  289   42  389  581  235  228    0  189  511  568  326  902   30  656  
763  985  592  301  356  932  362   93  104  134  108  469  864   41  638  769   67  181  139  160  106  842  484  978  440  280  737  702  816  263  161  730  882  879  196  872  559  340  627  130  347  868  188  570  365  882   65  411  679  139  491  989  477  742  779  746  931  450  966  701  671  108  929   72  141  543  452  855  330  723  363  220  132  793  898  962  507  189    0   68  511  984  693  392  476  
450  370   25  502  567  694  657   83  428  478  693  117  523  706  490   28  262  506  246  961  468   94  708  378  822  720  249  601  584    9  178  368  826  428  622  285  688  718  326  984  989  267   89  881  821  136  101  768  825  298  863  980  247  823  923  761  723  588  986  422  755  217  608  163  433   64  162   33  909  122   49  926  410  545  792  444  747  511   68    0  477  170  347   36   63  
712   73  266   80  774  255   70   82  556  295  979  780  395  782  752   95  414  387  808  545  169  358  340  487  140  213  949  255  872  537  441   24  722  308  545  332  644  607  166  565  364  160  506  135  201  694  565  300  282  915  954  715  510  395  896  717  123  105  305  478  969   77  311  249  492  606  930  466  877  940  484  272   76  749  946   62  501  568  511  477    0  250  135  558  974  
 88  292  203  764  300  621  513  290  237  933  812  554  526  521  836  228  960  262  474  890  992  945  870  390  296   61  263  997  220  807  379  420  884  539  491  220   42  662  768  605  283  196  121  929  704  607  501  348  630   96  502  331  377  663  531  634  422  321  796  673  751  228   79  181  330  613   34  464  114  211  391  146  960   17  186  560  744  326  984  170  250    0    1  385  119  
693   78  680  871  311  639  132  560  159  431  416  400  237  216  790  733   54   86  751  222  886  387  668  648  408  961  995  804  182  112  477  621  669  686  794  222  945  861  538  836  259  337  397  602  448   26  795  972  660  951  774  188  362  466  749  224  731  480  624   84  674  346  999  885  535  235  303  403   40  386  960  725  777  670  981  882  642  902  693  347  135    1    0  639  199  
869  599  307  120    5  540  507  654  181  970  213  643  494  347  834  828  754  289  367  475  128  225   26  950  772    7  872  921  320  388  681  845  128  680  177   94  988  508  458  447  651  312  763  540  664  317   10  719  842  304  395  907  107  750  458  457   13  541   63  977  854  139  451  463  989  323  723   28  127  854  971  870   83  299  372  980  655   30  392   36  558  385  639    0  146  
 86  359  163  730  522  736  917  488  646  307    9  655  216  116  483  323  615  884  924  936  870  336    4  926  355  206   39  331  216  562  217  755  831  882  486  664  511  620  857  984  787  995  206  607  156  325  185  342  963  219  519  818  576  155    7  616  552  745  378  188  933  222  658  539  646  200  450  955  145   64  969  506  856  197  818  210  120  656  476   63  974  119  199  146    0  
