81

 467   670   834   661   852   613   859   527    16   548    56   884   933   937    17   990    97   720   124   679   490  1000   989   796   861   585   274   718   446   781   894   842   989   280   773   191   848   652   957   281   280   997   975   834   203   788   687   828   731   754   126   259   851   213   122   489   932   931   907   714   759   284   781   743   138   872   628   560   601   483   955   324   799   941    54   398   633   476   196   679   382  
 372   403   636   114   114     5   730   822   495   536   977    62   974   519   454   565   417   905   685     2    19   337   278   589   932     4   584   632   309   145   982    45   774    55   779    10   456   930   441   377   243     2   774   611    25   573   213   846   196   901   475   283   849   215   851    73   759   905   271   589   878   520   210   982   535   968   520    52   306   411   758   680   144   436   381   565   910   453   920   305   544  
 175   794   885   675   212   793   516   520   992    16   596   158   440    90   945   170   831   839    31   789    53   329    92   601   712   590   711    41   358    64   929   967   526   448   408    32   920   775   458    97   470   946    74   189   450   668   607   335   895   317   753   168   182   944   642   640   260   476   393   305   396   124   471   543   810   300   100   237   914   496   325   771   398   547   241   735   696   400   601   872   368  
 493   297   462   641   784   918   625   890   228   902   845   913   545   351   589   745   334    94   910   857   311   542   235   419   844   265   965   838   686   259   574    19   117   134   102   290   185    29   948   701    74   604   690   944   937    88   158   769   862    93   385   761   455   137   380   699   753    85   330   397   354   673   165    36   749   797   984   908   826   584   428   891   613   202   763   736   173     9   272   763   186  
 237   859    59   404   357    75   540    19   814   244   227   940    23   705    33   327   576   237   645   528   518   453   149   250   906   576   420   359    44   727    16   344   145   810   625   231   119   620     7   481  1000   693   108   412   898   918   438   893   754    80    17   201   385   466   623   482   144   613   514   363   744   271   183   759   960   700   692   279   127    63   700   125    54   438   905   925    36   975   235   297    38  
 126   175    41   321   265   299   103   855   784    33   348   775   321   366   291   179   660   964   919   972   880   896   765   594   216    42   394   119    56   198   324   105   300   843   633   235   192   108   958   815   522   428   180   255   580   920   961   540   949   925   156    93   391   539   920   752   467    91    43   500   408   719   861    36   545   292   416   415   213   635   797   660   289   724   574   633   858   734    30   725   587  
 217   579   829   801   694   820   261   283     9   413   799   532   846   637   246   908   319   670   744   926   311   589   122    11   791   972    92   311   560   422   794   261    31   594   409   763   261     8   740   342   251   955   371   924    81    59   461   780   133   419   847   561   327   321   115   869   785   406   413   327   498    28   715   374   125   577   289     2   727   272   508   674   523   335   204   980   212   865   903   875   690  
 618   304   225   763   498   167   168   890   600   256   428   997    62   962   494   953   879   386   803   145   669   500   661   474   446   352   829   949   322   596   365   554   442   415   382   114   504   205   802   578   684   206    58   191   488   914   738   802   836    36   368   374   379   593   890   902   864   473   344   538   599   659   198   963   784   863    94   162   240   256     5   495   728   801   444   502   621   916   711   515   901  
 819   272   752   603   232   819   182   764   158   195   391   788   452   531   713   230   115   152   645   462    22   636   737   320   412   930    53   266   124   934   346    61   221   567   841   508   388   688   535   697   648   138   959   599   305   241   680   894   156   667   609   690   604   673   342   977    31   760   573   319   195    42   447   559   336   434   648   460   443   971   896   767   719   280   151   107   974   479   525   595   645  
 678   387   205   776   365   739    68   313    40   690   453   214   745   971   312   928   699   689   751   499   486   229   522   698   144   369   996   886   514   147    62   292   605   870    44   340   763   393   702   948   417    97   160   524   678   916    57   213   369    37   504   850   407    73   571   830   402   209   860   652   910    14   985   272    67   414   897   456   907   823   178   844   346    68    90   735   105   632   102   275   765  
 190   710   921   236   625   750   955   853   561   653   610   290   802     6   135   225   330   175   317   908   338   169   966   142    97    69   561    91   421   756   534   357   398   903   209   663   457    32   324   754   600   342   404   518   151   250   817   799   644   778   980   297   551   688   841   879   218   165   673   155   135   304   839   542   880   273   200    21   457   856   793   784   440   250   741   698   615   441   735   872   955  
 675   272   136     3   638    14   736   651   585   991   502   116   465   239   130   524   528   198   236   780    37   315   453   595     8     7   560   967   538   336   394   694   186   521   107   328   224   394   346   327   434   151   369   831   917   170   804   594   640   231    21   436   854   295   491   252    20   312   384    48   982   579   344   404   364   987   452   520   649    14   723   849   119   668   422   603   440   989   882   337    82  
 198   542   217   501   743   767   656    47   949   410    70   417   967   851   751   316   146    62   493   173   797   920   174   101   939   317   548   835   543   634   846   879   650   871   496   556   749   177   194   144    15   955     4   285   103   540    93   709   824   343   908   355   142   699   884   254   520   188   413   948    92     9   475   630   530   615   507   834   515   184   400    35   572   735   387   637   866    88   661   913   492  
 417   588   437   691   329   605   812   807   181   605    43   561   478   426   357   916   221   198   730     5   430   115   572   760   491   746   399   227   408   667   768   448   326   891   485   722   212   385   701   870   248   721   724   747   347   578   260   182   490   411   965    22    70   407   332    81   244   279   260   506   262    38   304   673   745   140   701   297   985   980   964   569   842   474   341   541   499   560   522   700   969  
 559   770   181   661    93   613   526   272   871   912   770   919   287   522   220   306   898   524   563   158   473   317   593   400   109   961   458   421   667   490    84   914   843   370   792   890   470   935   484   993   888    85   108   111   586   859   998    29   663    72   749   275    15   721   132   461   219   420    75   433   917   235   505   214   230    31     2   748   408   849   410   168    15   709   897   378   781   828   798   604   338  
 302   790   191   786   603     9   319   931   351    17   918   604   889   934   298   448   438   109   504   242   884   310   329   447   263   773   332   340   309   708   336   243   617   331   906   476   183   545   613   980   206    30   128   616   840   758   891   555   845   458   845   226   192   920   940   140   618   545   401   557   160   190   887   160   394   174   800   908   338    82   462   481   177   945   558   371    29   648    48   169   106  
 568   207   497   607   939    46   443   416   662   969   650   171    99   168   559    23   985   901   481   537   878   818   698   236   374   536   424   836   354   853   609   895   115   507   672   861   158   453   257   233   818   677   979   546   728   589   107   789   362    56    91   251   983   602   231   243   114   700   907   969   223   615   859   691   772   423   771   276   964   138   929   883   512   928   561   162   470   174   908   614   454  
 927   542   923   962   531   344    73   415   621   157   242   302    64   383   953   306   295   551   719   737   786    56   665   746   421   726   571    27   698   215   210   132    13   867   475   574   838     9    19   802   462   268   451   286   565   169   363   810   934   828   308   994   377   649   328   369   897   437   969   824   195   642    36   587   662   211   226   527   461   306   631   680   507   946   494   832   125   125   749   270   830  
 643   277   962   888   348   166    41   573    75   247   673   990   390     2   668   347   541   838   385   343   443   968   708   413   647   766   199   183   175   719   324   932   726   804   155   980   148   346   445   482   834   200   820   459   546   906   939   470    74   573   325   257   749   507    90   761   639    67   693    45   658   862   516   150   979   966   762   408   373   442   677   988   548   818   870   466   137   936   369   762   122  
 520   275   934   575   925   491   119   731   439   446   779   626   819   603   666   216   720   539   644   822   878    98   540   156   618   914   799   387    91   769   131   660   318   402   440   456   258   252   832    78   839   876   510   381   815     6   156   737   103   541   264   861   640   488   210   552    30   570   329   738   526   301   782   297   529   246   368   574   992   525   103   221   665   668    67   529   834   698   762   684   593  
 584   168   635   131   934   358   419   373   125    66   728   218    25   128   762   229    91   781   991   367   329    61   115   499   894   876   708   615   230   491   679   803   683   828   621   452   358   395   847   972   475   917   464    83   107   275   561   844   606   135    67   816   338   486   404   742   727   782    97   865    56   632   574   346    14   637   673   861   256   146   470   364   872   339   421   862   348   381   757   569   919  
 713   483   979   685    45   724   900   391   136   276   265   548    88   949   962   958   708   197   730   132   583   238   241   759     3   320   429   212   217   707   806   652   434   586   794   377   471   826   395    37   841    12   982   880   650   431   985   541   538   142   352   154   373   703   454   963   605   685   166   655   172   924    31   532   479   580   413    92   216   587   692   975   163    59   536   969   510   439   664   722   903  
 961   538   464   854   705   536   298   746   628   379   828   357   269   575   313   579     4   635   136   928   659   782   288   897   219   166   261   595   666    21   973   987   400   662   692   105     4   326   330   537   761   583   159   636   195   518   511   910   684   499   145   503   517   591   783   588    55   791   142   482   895   434   172   438     2    56   137   188   631   866   193   391    90   223   912   380   869   778   794   143   438  
 824   257   767   556   386   530   395   162    45   272   498   487   163   297    39    98   446   550   968   458   400   194    82   812    23   717   981   729   600   714   974   993   804   797   104   644   650   724   434   902   229   402   510   534   697    74   266   239   322   171   525   530   609   164   184   589   822   840   527   922   296   178   858   877   364   717   606   991   328   996   427   210   507   894   530   633   500   273   182   160   526  
 528   841   620   504   645    93   952   907   652   563   651    39   675   617   290   833   120   981   982   244   700   612   131   421    30   967    71   655   842   165    90   884    31   104   548   153   618   104   845   268   828    17   747   626   831   362   917   620   594   404   291   595    36   485   855   494   583   164   676   199   335   476   610   416   366   452   211   510   923   866   178   260   535   226   695   428   509    55   682   105   207  
 259   569   795   619   476   888   860   816   907   921    93   901   438   874   860   613    13    44    44   959   344    57   864   486   991   183   283   929   669   364   869   262   922   861   728   411    78   257   545    45   500   342   548   189    44    59   655    94   257   233   824   948   980   268   227   541   996   355   506   434   428    78   955   700   707    24   285   330   362   336   301   457   270   228   635   102   535   369   175   677   260  
 816   935    35   691   831   938   187   474   714   287   250   532   560   791   801   661   517    17   846   933   489   547   186   567    26   908   956   778   504   370   567   203   320    66   493    28   128   224   158    14   909   750   755   973   549   748   675   113   243   244   908   683   347   526   289   992   999     4   207   907   809   554   774    81   360   685   843   348   816   401   455   741   650   608   305   263   264   967   445   932   555  
 883    10   161   640   646   275   233   206     4   492   436   603    74   995   149   103   852   848   862    82    28   494   401   874   299   648   157   653   707   761   877   400   821    89   722   587   390   843   585   194   403   330   616   596   653   511   389   308   744   672   401    20    42   439   656   305   919    39   367   740   533   378   904    59   435   382    53   304   783   132   141   897   801   899     6   782   292   913   304   295   181  
 445   582   406   781   811   610   824   736   863   790   916   373   597   879   799   907   950   820   597     3    91   579   628   426   735   281   916   790   572   994   500   131   176   786   968   257   442   210   169   703   720   318   537   870   438    34   719   621   911   234   102   182   190   473    68   153   839   794   600   237    10   406   513   399    49    95    44   545   422   337   224   400   478   520   718   176   916   590   468   851   342  
 959   139   654   130   549   678   132   823   623   237   211   100   268   515   515   132   899   427   284   621   313   819   456   113   175    34   660   910     8   226   475   409   468   632   905   589   537   486   949   779   892   432   665   768   449   384   723    95   964   842   875   804   216   802   511   543   674   379   923   510   999   885   683   923   433   453   489   225   842   939   250   214   212   503     3   715   691   219   262   627   769  
  46    66   412   199   886   207   949   502   448   121   865   707   993   317   571   243   822   985   667   383   747   177   118   657   501    31   333   798   290   486   767   191   577    48   856   369   195   297   700     1   953   810   428   166   112     7    46   956   736   409   996   780    19   450   764   160   118   644   906   622   368   568   773   684   491   148   424   850   876   463   945   408   900   906   732   199   292   300   834    75   724  
 504   513   931   106   966   372   691   240   933   682   526   215   260   848   753   908   977   366    14   781   380   553   156   432   723   575   588   441     5    70   260   391   898   155   764   641   581   365   232   691   940   535   705   818   336   194   935    33   965   571   974   581   555   561   250    96   462   415   178   946   327   759   660   895   308    90   423   383   262   100   135   787   732   942   867   707   250   502   823   971   759  
 543   488   709   394   695   762    33   175   438   287   297   105   723   563   694    60   583   858   289   164   229   322   162   629   540   352   865   206   344   462   676   605    15   355   753   680   167   439   897   962   617   651   462   854   262    62   926   911    46   227   567   769   566  1000   593   630   777   711   645   350   620   226   540   637   310   181   451   286   796   775   238   479   699   408   461   323   792   790   758   500   876  
 502   164   257   550   687   996   493   592    73   800   235   862   334   978   585   406   108   678   144    26   427   154   840   397   849   995    65   995   250    98   573   550   157   928    82   742   929   128   501   338   645   712   538   441   110   124    30   301   885   252   944    65   443   605    50   875    25   697   676   758   890   203   205   789   966    41   161   217   946    58   193   898   939   124   168   813   348    39   823   421   776  
 753   618   858    67   374   147   608   806   465   998   927   914   107   946   608   320   920   219   510   626   587   967   216   475   376   344   634   915   758   279   895   482   522   304   674    29   657   307   872   822   311   338   462   769   781   705   294   681   957   599   623   809    33   745   256   122   977   329   959   467   485   515   268   517    66   544   886   565   535    81   511   334   597   362   614   950   695   669   347    34   775  
 764   180   208   503   512   618   730   692   986   630   391   730    55   492   565   232   274    74    61   675   491    22   269   927   810   282   844   643   384   729     5   430   477   654   903   951    88   405    65   845   262   658   513   269   431    66   149   209   736   870    46   218   409   624    25    25   860   469   263   631   214   392   679   321   226   662   216   614   526     7    71   403   977   878   120   919   502   286   417   773   254  
 237   823   250   727   190   726   702   238   943   463   228   315   450   164   558   177   260   354   819    18   420   234   734   586   886   747    45   289   877   614   646   732   882   545   329   136   550   559   635   774   260   258    13   755   239    74   721   923   682   439   678   978   755   760   963     5   577   207   451    80   359   389   602   137   514   753   399   321   462   891    32   420   344   480   188   543   140   329   466   210   638  
 191   373    36   483   699   660    16   546   597    44   531   656   972   949   602   740   742   311   851   130   514    89   506     4    73   466   815   773   361   211   681   742   479   268   828   334   449   240   923   771   391   630   162   526   533   701   352   918   389   514   850   916   394   741   469   575   873    52   862   381    40   983   967   414   643   489   698   572   284   611   334   157   711   372   572   882   288   520   713   741   415  
 993   423   630   709   246   197   113    59   821   860   807   650   631   825   263   115   444   899   358   115   431   590    50   701   911   865   518   838   133   986   854   575   143   359   596   371   175   611   967   448   472   411   462   726   498   243   254   645   420   214   868   554    21   564    78   384   884   876   692   108   751   708    16   529    72   743   950    37   649   712   367   376   524   897   639   947   982   788   575   824   202  
 896   127   929   858   974   232   642   233   619   425   123   527   268    48   889  1000   475   772   602   340   789   460   712   184   354   284   295   425   288   652   532   683   288   327   982   323   300   313   275    16    33   522   476   385   924   713   780   165   626   892   330   516    46    21   535   453    16  1000   767   655   544   515   973   721   796   976   543   793    31   639   224   294   300   323   122   440   885   592   101    68    42  
  36   843   193   757   239    96    47   166   982   362   116   573   783   845   945   475   336    45   493   172   108   321   783   502   956   266   984   998   264   977    60    53   345   307     7   349   333   342   982   736   956   596   169   731   484   997   805   388   524   272   391   876   327   927   818   107   324   702    47   750   615   466   545   427   746   740   594   429   333   738   291   971   703    76   463   883   592   832   861   746   658  
 494   193   123   940   786   463   257   721   766   509   161   105   248   678    12   401   695   532   926    53    98   452   683   625   634   852   283   378   643   339   188   466   471   659    45   756   221   148   952   255   503   682   695   815   100   154   806   947   818   738   589   494   374   583   612   585   481   416   389   554   826   686   645   957    33   513   248   463   128   461   568    21   825   380   581   499   213   655   405   832   800  
 305   639   346   948   694   941   143   646   231   718   641   157   881   674    52     6   755   992   472   307   540    68     3   734   562   298   535   588   734   957   391   251     6    48   424   123   852   696   444   370   766    59   482   139   219   136   630   925   864   229   282   401    47   917   773   822   389   426   868   191   865   774   502   467   561   575   798   926   687   515    84   528   850   705   906    88   189   194   690   898   121  
 936   163   281   804   193   482   702   452   654   780   123    64   328   727   208   605   278   925   218   121   843   750   543    83   125   419    92   421   360   577    13   111   195   346   522   324   674   154   677   592   921   968   509   963   600   512   184    40   825   118   153   638   939   200   544   240   772   285   865   678   277   341   366   545   555   341   402   661   924   632   636   367    67   427   432   618   445   180   434   543   406  
 660   794   280   829   557   586   814   834   824   303   282   702   412   134   451   784   865   667   613   486   908   486    57   643   558    54   536   873  1000   582   582   501   361   816   946   191   979    18   816   222   963   239   320   375   833   330    65   225   969   496   612   600   930   218   744   167   377   206   170   376   301    11   770   704   751   209   327   908   449   792   533   795   305   159   878   498   932    31   812   829   392  
 493     4   228   236   447   892    21   102   793   946   304   255   949   742   581   239   819   174   199   838   450    80   508   260   626   548   585   903   233   146   199   389   845   373   268   338   770   271   636   934   859   464   753   912   808   979   863   209   364   380   305   213   995    61   977   692   311   232    86   823   839   214   174   855   647   181   251   671   723   311   267   322   558   415   431   943    19   551   444   238   654  
 326   861   743   115   943   436   597   904   757   718   194   610   191   953   640   156   260   415   869   875   648   405   988    79   567   630   253   606   289   193   172   946   629   590   380   763   213   338   171   182   113   678   863   637   199   647   497   426   270   555   223   755   271   970   441   285   776   996   209   684   543   245   301   503   238   907   713   458   396    10   914    75   357   381   634   790   757   612   718   377   133  
 115   922   815   600   268    76   351   476   456   124   566   990   468   612   824   704   106   144   129   408   753   432   453   850   920   686   299   583   661   378   666   856   814   406   800   911   661   492   151   752   399   672   421   541   492    29   749   774   423   952   155   873   711   980   776    75   520   241   118   716   637   421   570   757   210   338   314   345   432   427   748   711   569    28   929   433   905   161   755   266   173  
 620   423   552   977   355   876   401   493   281   730   716   932   328   118    92   445   999   342   484   369   251   891   269   862   617   971   295   522   350   832   610   304   261   718   745   184    22   759   246   654   535   588   772   366   737   890   302    64   623   570   962   407   192   574   913   446   508   115   357   501   174   291   515   105   408   689   718   441   330   389   843   165   535   604   518   363   201   238   531   857   665  
 336   415   670   697   872   574   242   273  1000   292    60   420   453   209   789    50   422   725   607   812   559   809   207    42   163   789   933   392   919   828   807     2    85   979   342   745   529   949   312   544   370   320    37   142   696   582   337   192   789   832   759   184   596   833   901   972   552   832   336   899   717   792   146   783   825   897   642   129   386   976   333   841   370   800     6   145   963   238   398   312   305  
 738   386   359   721   555   961    81   716   148   840   549    85   695   251   485   603    26   196     9   209   918   659   717   928   315   113   502    10   916    50   377   727   328   569    20   763   122   335    78   422   187   745   146   829   601   860   637    59     2   276   542   624   509    27   511   464   230   660   142   360   919   671   551   509   410   781   714   849   510   436   719   352   231   512   981   308   163   371   994   374   298  
 644   850   327   259    71   288   806    44   959   662   363    50    84   217   659   450    79   516   696   188   471   843   330   219   449   389   504   985   731   419   631     8   999    87    47   491   808   678   998   885   121   939   735   784   658    30   639   499   212   518    57   807   519   531   285   709   950   423   440   112     6   206   825     8   625   668    84   149   369   333   368   988   815   500    96   552   615   432   700   181   885  
 840   290   970   546   502   937   188   420   257   861   904   894   109   194   224   876   297   983   774   827   994   887   699   161   258   348   113   671    91   728   133   570   727   846   529   992   472   971   612   409   930   222   589   465   154   508   642    43    45   157   591   353    61    59   484   784   865   486    58   343   167   628   519    98   956   897   284   495   574   494   697   145   318   334    12   618   612   744   398   610   444  
 992   162    94   869   837   928   583   993    90   902   740   165    72   323   864   319   395   220   524   587   271   598   117   578   747   323   322   448   730   453   848   672   721   240   746    18   780   380   517   660   274   475   905   726   455   321   985   640   442   310   510   716   716   777   283   842   684   647   909   850   752   847   328   899   937   536   650   626   306   600   450   131   434   912   728   270   736   893   939   561   695  
 427   533   157   909   540    50   754   645   369   313   142   350   828   336   703   411   280   877   949   104   741   104   604   426    12     5   858    55   245   453   334   858   404   598    96   437   618   170   115   652   462   112   958   784   488   458   144   424    45   757   614   628    35   589   178   402   658   428   325   384   348   387    71   363   161   389   568   493   607   416   426   170   531   196    61   156   275   625    80   233   715  
 456    20   509   323   968   626   304   301   922   443   620   391   582   511   510   421   304   923   700   343    98   266   478   450    96   735   192   276   778   705   840   945   272   671   938   986   202   864   777   525    14   950   286   503   618   945   716   268   606    65   916   984   603    52   937   912   217   145   585   926   374   777   529   661   800   250   993   461   789   731   607     8    81   334   274    83   105    95   991   710   110  
 519   469   208   520   154    61   659   944   834   818   396     9   407   750   875   237   829   937   911   731   734   485    73   280   329   835   449   190   712   571   187   375   572     1     8   937   300   349   339   899   814   398   775   537   401   256   309   650    20   252   701   761   553   373   641   256   679   880   529   281   670   310   141   348   702   662   309   546   160   512   697   849   511   646   604   824   486   629   451   297   633  
 860   771   743   631   803   352    53   124   132   934   174   894   572   535   393   228   924   676   672    13   376   152   188    36   633   612   490   308   262   545   337   880   801   335   174   429   181   158    39   756   665   807   717   807   519   626   214   962   187   566   846   753   402   456   427   249   272   660   385   720   332   588     3    13   109   272   808   533   612   322   205   517   751   933   524   244   527   266   732   354   163  
 339   932    67   868   234   686   266   454   637   740   731   773    48   622   503   112   604    64   966    11   267   967   702   838   478   123  1000   987   952    22    85    43    85   259   647   583   748   316   995   981   450   114   600   949   200   461   713   161   382   902   548   646   260    28   774   759   665   407   341   584    81   359   265   899   816   158   610   418   215   848    83   497   122   774   166   939   251   106   516   201   390  
 298   139   407    25   176   791   411   700   683   801   793   567   311   870   612   854   825   663   558   853   499   561   396   672   462   795   262   134   997   857   527   974   441   265    14   720   758   511   126   585   548   897   655    82   781   741   216   390   401   218   263   401   993   880   529   488   964   899   886   563   333   230   900   990   624   226    16   238   416   904   563   406   829   962   245   855   413   269   344   405   403  
 814   148   570   246   455   997   488    19   393   822   542    43   181   930   933   648   978   775   257   720   308   606   429   364   722    75   518   112   306   353   818   740    88   945    64   848   883    54   968   497   201   857     7   318   965   166   716    60   243   680   973   501   635   580   191   881   122   853   619   168   157   643   704    35    10   656   420   535   306   128   390   570   687   588   238   576   596   818   201   305   912  
 384   403    34   530   282   347   285   234   426   185   959   173   379   969   928   672   958    32   488   204     3   268   313   518   255  1000   124   218   509   252   918   356   925   720   913   121   140   594   946   341   447   510   112   707   583   316   940   289   240   502   781   436    82   746   645    78   340   369   660   234   256   823   200   743   553   220   404   821   991   353   248   915   179   283   929    50   901   939   526   740   318  
 440   283   815   404   991   217   458   577   219   406   882   973   252   855   596   788   688   888     8   891   530   149   375   950   821   956   493   536    30   239   497   945   967   718   739   574   222   937   530   754   331   355    80   536   163   846   969   695   426   813   321   256   430   929   261   296   568   972   100   287    36   932   908   183   513   243   609   112   402   793   162   963   402   881   813    89   617   973    63   629   228  
 353   386   387    85   616   126   460   109   836   709   208   873   350   130   795   885   870   130   950   999   856   216   312   714   992   758   565   321   464   822   999   981   596   118   164   878   542   351   646   153   960   946   149   522   584    97   349   436   887   189   587   153   739   899   690   715   604   788   864   332   437   962   567   966   737    63   480   312   671   347   607   276   800   962    90   834   245   152   830   316   744  
 131   627   209   235   294   112   467   956   262   706   485   596   767   696   648   901   857   960   558   945   849   129    41   895   368   926    65   133   915   458    49   575   715   534   615   666   995    81   929   348   427   221   434   231   648   509   198   835   377   122   440   153   367   642   219   106   532   599  1000   137   406   258   890   188   282   123   955   798   176   745   986   698   181   713   178   721   841   291   272   470    64  
 355   502   437   420   703   126   118   205   339   743   375   490   668   528   631   893   934   794    91   727   398   741   494   771   184    99   558   915   422   755   332    65   614   156   711   798   386   749   984   194   530   833   517   102   423   600   740   121   670   930   132   131   385   528    60    36   964   400   242   875   627   289    35   493   781   957   894   341   207   157   404   715   221   193   755   842   644   937    32   141   371  
 521   845   630   791   602   938   196   997   393   990   647   986   571   868   158   680    15   328   613   303   526   351   317   683   166   255   166   999   753   313   998   313   723    90   262   953   595   156   500   874   645   431   237   814   959   136   746    82   282   600   324   415   588   270    61   477   162   482   350   208   167   605   231   609   429   635   568   469   647   685   290   604   627   641   184   812   993    11   390   422   672  
 748   774   639   203   974   559   679   486   917   721   872   313   168   656   232   824   541   859   615   638    80   928   803   230   305   377   737   653    54   692   711   336   667   553   384   345   115   195   205   766   500   809    93   636   206   316   497   422   925   587   934   640   700   759   896   888   917   946   434   604   240   685   593   115   890   663   158   496   395   632   550   684    62    24   428   430   479   822   515   571   596  
 351    65    30   340   737   919   611    32    38    73    18   403   541   398   173   414   887    47   238   754   504   547   685   149   670    90   942   858   991   906   517   358   872   760   549   918   971   666   776   905   675   105   808   549     9   122   646   867    91   668   965   991   947    82   530   813    32   430   166    79    53   571   151   194    18   441   991   468   163   784   348   787   362   922   714   691   684   910   440   734   608  
 156   343   334   150   288   501   778   252   447   715   588   423   808   783   431   737   659   626   149   169   187   463   126   452   468   434   999    96   148   168    88   347   925   334   836   644   631   105   148    72   619   116   354   608   619    66   262   548   946   242   549   752    28   342   107   798    11   600   900   726   733   358   979   643   986   451   718   396   383   320   268   302   206   731   289   735    79   984   264   652   722  
  31   879   438   686   679    85   708   918   274   963    47   207   876   646   950   366   250   394    66   944   398   324   262   506   552    72   950   959   484   225   292   406   529   989   546   776   302   156   844    65    87   813   272   136   279   883   118   619   841    98   328   916  1000   693   892   810   173   199   547    26   557   812   295   549   451   152   101    35   330   570   860   768   217   635   223   428   280   129   229    94   880  
 133   830   941   404   244   862   908    60   372   138   244   683    18    51   592   121   949   157   192   348   458    97   935   897   302   703   367   790   938   689   881   548   379    25   654   979   650   106   522   523   560   833   469   954   169   486     4   402   376   774   146   245   876   431   642   476   624   411   372   659   671   688   829   585   753   133   944   362   646   149   409   260    29   876   684   254    85   667   732   916     5  
 959   102   639   621   750   583   731   152   292   806   415   307   578   800   767   459   337   728   305   638   604   427   415   719    34    19   168   651   868   662   212   609   233   561   132    63    15   891   198   293   884   553   352   846   297   569    27   155   166   848   203   301   832   287   111   875   248   436    53    31   787   884   160   145   794   729   414   462   425   242   689   847   696   756   533   539   713   168   374   678   720  
 745   775   270   884   995   354   318   621   384   492    17   748   318   436   606   333   255    29   405   723   384   470   135   429   751   688   795   272   484   963   288   793   694   945   806   208   828   964   974   220   571  1000   140   697   193   282   713   765   534   751   956   615   920   765   949   727   349   543   702   356   614    90   206   260   962   333   603   242   212   982   575   944   993   671   104   494   353   401   632   417   326  
 177   290   601    46    35   625   857   447   872   844   529   492   608    76   861   358   797   681   114   432   860   362   316   441   916   684   106   542   984   949    10   527   221   671   354   157   724   536   446   800   717   438   864   558   313   535   206   156   504   493   688   970   569   414   133   482   309   920   603    17   393   911   628   692   189   637   288   377   393   869   694   565   221   525   310   257   509   100   266     7   944  
 302   983   482   821     1   117   525   541   299    40   309   149   873   160   360   879   823   378   584   824   200   578   893   368   779   147   280   566   267   403   799   670   937   960   285   614   516   651   260   914   495   535   126   456   626   749   885   660     1   887   254   482   707    29   610   717   669   913   866   194   267   290   520   538   725   222   394   936   722   631   523   336   444   451   558   607   865   779   424   417    63  
 968   398   711     8   934   779   644   741   226   924   988     8   565   217   464   106   562   702   777   726   686   129   667    71   561   427   949   497   636   872   869   941   541   300   366    27   259   434   147   972   189   143   346   756    93   804   201   384   839   873   431   410   331   643   117   458   108   925   508   172   902    27   669   314   740   533   537   987   482   609   888    56   386   187   810   120   452   400   100   542   143  
  76   815   582   936   179   473   400   724   124   160   529   594   157   414   209    61   852   166   524    49   668   801   948   465   296   602    26   337   816   617   481   936   652   683   991   844   102   383   658   353    51   347   863    71   160   197   930     6   986   395    16   465   511   181   840   698   581   142   815    94   353   667   632   931   231   561   236   228   933   832   359   201   598   133   894   281    84   253    16   397   145  
 158   873   781    76   300   857   539   447   661   604   645   693   598   210   649   108   254   808   905   463   451   497   869   226   155   158   230   502   510   985   925   484   802   839   870    91   193   998   927   332   837    49    18   767   511   167   154   580   114   153   216    73   442   407   288   121   993   604   107   461   917   271   198   813   234   519   771   192   774   551   893    15   177   714   111   807   504   677   175   810   523  
 164   498   474   328   444   473   493   965   828   451   453   180   421   508    56   111   225   338   117   660   955   360   111   358   372   152     7   471   272   567   824   838   981   400   104   976   445   911   975   437   597   192   812   236   723   403   689   194   836   201   754   947   726   285   115   957   342   160   939   666    17   614   590   988   123   266   826    78    29   793   180   469   782   151   121   819   634   346   188   522   334  
 437   406    32   579   579   696   476   127    61   792   188   607   541   719   798    11   394   400   639    44   865   199   948  1000   532    75   181   820   585   328   715   528   372   580   189   199   221   707   441   771    68   605   988    84   128    32   125   730   488   488   809   349   895   126   768   950    74   808   151   546   885   154   913   689   859   852   977   539    56   843   790   991   131   147   296   574   592   967   733   372   865  

   0    46     1     0     0    62     1     0    50     1     1     1     0     8     0     0     1     0    80     0     0     1     6     1     0     1     1     0     0     1     0     0     0     0     0     1     0    80    12    99     0     3    19     8     0    95     0     3     3    30     1     0     1     1    23     1     0    56     2     0     1     0     0     1     0    38     2     0     0    70    27    55     0     0     1     0     1     0     0     0     0  
  10     0     1     3     0     1     1     0     1     4     1     8    90     1     4     0     4     2    40     0     0     1     1     1    16     1    32     0    67     0     0     0     0    41     0     3     1    74     8     1     0    54     1     1    17     1     1     2    47     4    39     2     0     7     2    16     1     3    85     0     1     0     7    94     0     7     0     0     0     1     1     1     0     1    27     0     2     2     1     0     1  
  36     6     0     1     0     1     1     2    26     1     1     3     1     0    96     1     0     0     1     7     0     0     1     1     0     1     0     0     6     0     0     2     0     6     0     1    40     2     0     9     0     0     1     1     1     1     1     1     0     1     1     0     9    47     0     2     0     0     1     0    10     0     0    13     1     1     0     0     0     0     0     1     1     0     0     0    17     4     5     0     0  
   0    14     1     0     1    32     1    14     1     0     1     1     3     0     5     1    33     0     6     0    78     0     2     7    25     1     1     7     2     0     0    38     1    10     1     0     1     0     4     1    14     0    41     1    49     0     4     0     0    31    40     0     8     1    75    87    41     0    11     0     1     0     0    30    67     1     0    50    11     0     0     5     8    52     0     5    30     1    44     1    31  
   0     0     0    25     0     0     0    37     0     0     0     0     0     0    64     0     1     1     0     0     1     0     0     0     1     0     0    34     0     0     0     0     5     6    44     0     2     0     0     0     0     0    32     0    38     0     0     0     0     0     0     0    58     3     0     0    69     0     0     0     0     0     0     0     8     0     0     1     1     0     0     9     0    70     0     1     8     1     1     1     2  
   1    16     1     1     0     0    19     1     1     0    16    66     1     0     1     1    50     0    69     0     5     0     7     1     1     1     1     2     1     1     0     0     9     3    59     1    26     5    13    46    12    10    52     9    90     0    41     1    42     1     1     0     1     1     1     1    13    68     1     0     4     0     0     1     1     3     0     1     0     0     0    54     7     1     1     1     1    25    89     0     7  
  11    17    43     1     0     1     0     0     3     0     1    13     0     2    23     0     1     0     1     0     0     2    75     1     0     0    46     0     0     0     0     0     0     0     0    45    16     4     1     0     3    40     0    11     5     0     0     1    22     5     1     8     0     0     2     2     3     1    13     1     2     0    10     2     0     1    67     0     0    94     1    51     0     2     7     0     5    22    30     0     1  
   0     0    83     1    15    30     0     0     1     0     1     0    11     0     1    43     0     4    33     1     1     0     0     1     1     0     0     6     1     0     0    13     3    76     1     0    42     0     0    45     0     0     1     0     1     0    40     0     0     0     0     0     8     6     0     1     1     0     0     0     0     0     0     1    11     0     0     0    42     0     0     1    79     9     0     0     0     2     1     3    18  
   1     1    10     1     0     2     2     0     0    67    54    58     1     0     5    36     1     0     1     5     0     0    49     1     0     1    38     0     1     0     0     1     0    40     0     0    13    50     0    15     0    37     0    90     0     2     1     1     2     1     1     0     0    14     0     3     0     0     7     0    95     0     0     1     0    35     0     0     0     0     0     1    11     0     1     0    27    26     1     0    17  
  19    21     2     0     0     0     0     0     1     0    47    49     1     0     0     1     0     0     1     3     0     0     1    42     0     3     0     0    36     0     0     1     0     2     2     0     1     1     0     1     0     0     0    56     0     4     2    16     0     1    29     0     0     1     0    31     0     0     1     0    29     0     8    24     0     0     0     0     0     0     0     3     1     0     0     0     0     0     0     0     0  
   1     5     1    14     0    10    54    88     1     1     0     6    15     0     1     0     5     0     5     0    10     0     1     1    11    11     3     0     1     0     0     0     1     3     0    17     1     1     6    38     1    12     1     6    11     0     2     1     1    11    68    32     1     1    50     1     1     1     3     1    12     0    29     1    32     1     0     0     0    13     0     1     0     3     1     0    31     1     3     0     7  
  31     8     3     2     0    39    20     0    20     1     1     0     0     5     1     0    74     0    13     0     0    13     1     1     0     1     1     0     1     0     0     0     0    40     0    64     1    67     4     3     0     1    79     1    25     1     0     1     1    72     1     2     0     9     1     1     1    13     1     0     1     0     4     3     0     1     2     3     0     1     6     5     0     1    78     0     7     1     4    11    24  
   0    18     8     1     0    84     0    39     1     1     1     0     0     0    66    79     0     0    25     3     0     0     0    46     0     1     0     6    56     0     0    19     0     1     0     0    28     0     0     1     0     0     1     0    12     1     2     3     0    16     1     0     1     4     0     9     0     0     1     0     1     0     0    47     1     0     0     0     0     0     0    96    64     0     0     0     0    50    11     0     0  
   1    76     0     0     0     0    24     0     0     0     0     1     0     0     0     0    80     0     0     0     0    12     1     0     0     0     1     0     0     0     0     0     0     0     0    30     0    13     1     0     0    29     0     1     0     0     0     0     1     0     0     1     0     0     0     0     0    17     0     0     0     0     1     0     0     0     1     0     0     7     1     0     0     0     3     0     0     0     0     0     0  
   0     1     6     1    22     1     1     7     1     0    43     3     1     0     0     2    19     1    53     0    27     0     0     2     1     0     1     1     1     8     0     0     1     1    24     0     1     0     1    44     1     0     5     0    17     0     1     0     0     1     1     0     1    51     1     3     1     0     1     1     1     0     0     1     1     1     0    17     1     0     0    12     1    23     0     1    51     2     1    19    43  
   0     0     1    81     0     1     0     1    80     1     0     0     1     0     1     0     0     0    64     9     0     0     0     9     0    41     0     1     1     0     0     8     0     1     0     0    16     0     0     5     0     0     8     0    32     1     1    35     0     6     9     0     2    96     0     1     0     0    36     0     1     0     0     1     1     0     0     0     0     0     0     1    11     0     0     0     0     0     1     0     0  
  16     1     0     1     0     1    10     0     1     0    16     1     0     1     1     0     0     0    20     0     0    39     1     1     0     0   100     0     0     1     0     0     0     0     0     1     0     1    95    13     1     1     0    10     2     0     0     0    66     2     1     1     0     0     1     7     7    25     2     2    25     0    21     1     0     1    19     0     0     1    27     9     1     1    26     1     1     3    64     0    12  
   0     0     0     0     3     0     0     2     0     0     0     0     0     0     1     0     0     0     0     0     1     0     0     0     1    43     0     1     0     0     0     0     1     0     2     0     0     0     0     0     0     0     6     0     1     0     0     0     4     0     0     0     1     0     0     0     1     0     0     0     0     0     0     0     9     0     0     2     1     0     0     0     0     1     0     1     0     1     2    35     2  
   6    48     1    20     0     1     1    47    73    58    32     1     1     0     1     1    80     0     0     1     7     0     1    13     1     9     1     2     1     0     0     1     1     1     3     0    20     4     1     1     0     1     1     5     6    66     1     2     1    86    12     5     3    34     2    81     4     0     1     0     1     0     0     3     4    65     0     0     0    57     0    56    87     1     8     0     5    51    43     0    26  
   0     0     4     0     0     0     0    40     1    26     0     0     3     0     0     1     0     0     1     0     0     1     0    16     0     1     0     0     2     0     1     1     0     1     0     0    25     0     0     1     0     0     0     0     0    12     2     1     0     1    38     0     1    14     0     9     0     0     1     0     1     0     0     0    13     0     0     0     0     1     0     1     1     0     0     0     0     0     0     0     0  
   0     0     0    37    21    10     0     1     0     0    16     0     0     0     5     0     0     1    16     0     0     0     0     0     1     0     0     1     0     3     0     0     4     1     1     0     1     0     0     0     8     0     1     0    12     0     0     0     5     0     0     0     3     7     0     1     5     0     0     0     0     0     0    87    44     1     0     1    69     0     0     5     0    21     0    32    26    14    97     3    69  
  66    28     0     0     0     0    16     0     0     5     0     8     0     1     0     0     3     0     0     1     0     0     1    30     0     0     2     0     0     0     4     0     6     0     0    90     0     1    23     0     0     2     0     3     0     0     0     0    45     0     0     1     0     0     0     0     0    82     0     0     0     0     5     0     0     0     1     0     0    32     1     0     0     0     1     0     0     0     0     0     0  
   1    15     3    44     0    21    19     0    24    32    11     5     0    59     0     0     1     0    99     0     0    55     0     1     0    91     1     0     1     0     0     1     0     0     0     0     1    10     1    19     0     1     0    15     0     1     0     2     1    80    45     0     0     1     0     1     0     1    32     0     1     0     0    92     1     2     1     0     0     1    42     2     0     0    87     0     2    74     0     0     0  
   1     1     5    49     0     1    13    21     1     1     1     3     8     0    23     1     1     0     1     1     0     0     1     0     2     3     5     2     1     0     0     4     0     7     0     0     1     1    11    27     0     9    37    55    91    13     8     3     1     1    15     0     3     6     2     9    22     0     1     0    37     0     0     1    19    10     0     0     0     0     0    66    52    49     1     0    11     1     1    30     1  
   0     0     0    54    83     1     0     1     0     0    50     0     0     0     2     0     0    45    59     0    25     0     0     1     0     0     0     1     0     0     0     1    73    46    51     0    92     0     0     0     1     0    55     0     1     0     0     0     0     0     0     0     1     1     0    24     3     0     0     0     0     0     0    39     1    97     0    15     3     0     0     1     0     1     0     6     1     1     1     1     3  
   1     2     1     1     0     4     0     0     1     3    79     1     8     1     0     4     0     0     1     1     0     0     9     1     1     0     0     0     1     0     0    42     0     1     0     0     1     1     0     1     0     0     0     1     0    53    17     1     0     1     1     0     0    29     0    16     0     0    26     0     1     0     0    83     0     1     0     0    42     0     0    31    36     0     0     0     0     0     0     0     0  
  58    30     0     2     0     1     2     0     1     0     1    29     0     1     1     0     9     0    12     0     0     1    52     1     0     0     0     0     0    17     0     0     0     0     0     1     0     1     2     0    14     1     0     2     0     0     0     0    20     1    26     1     0     0     3     2     1     1     5     6    49     0    27     5     0     1     1     0     0     7     1     0     0     9     1     0    10     1     1     0     5  
   0     0     0     1     3     1     0     1     0     0     0     0     1     0    15    15     0     3     1     0     1     0     0    13     3     0     0     0     3     0     0     0    60     2     1     0     7     0     0     2     0     0     1     0    58     1     3     0     0     0     0     0    19     1     0    81    43     0     0     0     0     0     0     1    95     0     0     1     1     0     0    11     1    70     0     4     0     4     2     1    75  
   5    55     1     6     0     1     0    96     1     1    37    13     1     0    16     1     1     0     1     6     0     0    53     1     0     3     0     1     0     0     0    76     0    12     0    41     1     0     0     6     0     0     1     5     4    86     1     1     2     5     4     0    63     1     0     1     0     0     1     0     2     0     0    27     2     1     0     0     0     0     0     1     1     0     0     0     0     1     2     0     0  
   0     0     0     0     0     3     0     0     1     0     0     0     0     0     1     0     1     0     0     0     1     0     8     0     0     0     1     0     0     0    28     1    29     0     0     8     0     0     1     0     1     0     0     0    61     0     0     0     0     0     0     1     0     0    10     0     1     1     0     1     0    34     5     0     0     2     0     8     0     0     0     0     0     2     0    23     1    28     1     0    52  
  26     0     0     0     6     0     0     0     0     0     0     0     0     0     0     0     0     0     0     0     0     0     3     0     0     0     0     0     0     1     0     0     0    27     0    64     0     1     1     0    42     0     0     0     0     0     0     0     0     0     1     1     0     0    17     0     0     1     0    17     0     1    85     0     0     0     0     0     0     0     0     0     1     4     0     0     0     0     0     0     0  
   0     0     1    15     0     0     0    91     1    71     0     0    10     0     0     1     0     0     2     3     0     0     1    64     0   100     0     0     5     0     0     0     0     3     0     0     1     0     0     1     0     0     0    40     0    65     1     1     0     1    84     0     6     1     0    77     0     0     7     0     2     0     0    42     0     0     0     0     0     0     0     5     1     0     0     0     0     0     0     0     0  
   0     0     0     4     1    29     0     1     0     0     2     0     0     0    21     0     0     1     7     0    10     0     0     2    31     0     0     1     0     1     0     0     0    22    85     0     1     0     2     0     1     0     1     0     1     0     0     0     0     0     4     0     2     0    13     0    91     0     0     0     0     0     0    18     1     1     0     1    30     0     0     7     0     5     0     1     1     1     1     1     1  
   0     1     1    11     1    28     0     1     5     1     1     1     1     0     4    66     0     0    21    92     1     0     0     1     1     1     0     1     1     0     1     1    49     0     1     0     1     0     0     1     0     0    21     0     1     1     1     1     0    46     5     0     4     1     0    12     1     0     1     0     1     0     0     4     1     1     0     0     0     0     0     1     1    64     0     0    16    27    37     0    14  
   0    76     0     1     1     1     0     1     0     0     0     0     0     0    31    69     0     1    54     0     1     0     0     0    25     0     0     1     0     0     0     0     3    26     0     0     1     0     0     0     1     0     1     0     6     0     0     0     0     0     0     0     2     1     0     0     1     0     0     0     0     0     0     1    17     0     0     5    57     0     0     1     0    56     0     1   100     5    51     1     8  
  23    36     0     0     0    15    16     0     0     0     2     1     0    66     0     0    60     0     4     0     0     1     0     0     0     0     7     0     0     3     1     0     0     0     0     0     0     1    92     0     1    38     0     0     0     0     0     0    19     1     1     4     0     0     8     1     1     1     0     7     0     1     5     0     0     1     2     0     0     2     0     0     0     0     6     0    23     0     0     4    33  
   0     1     1     6     1     1    18     1     5     1     2     5    18     0    21     4     0     0     1    18     1     0     1     1    32     1     0     4     1     0     0     1    54     7    34     0     0     0     0     1     0     0    26     1    20     1     1    19     0     1    50    73     1    67    56     1     9     0     1     0    57     0     0    39     1     3     0     0     0     0     0    36    19    32     0     0     1    80    80     2     7  
   1     1    54     0     0    93     3    28    13     3     2     5     0    74     0     0     6     0     1     0     0     1     1     1     0     1     2     0     0     0     0     0     0     0     0     1     0     0    72     0     0    28     0     1     0     5     0    19    52     1    92     0     0     0     0    53     0    42     7     0     1     0     0     1     0     3    77     0     0     1     1     0     0     0    45     0     1     0     0     0     0  
  19     1     0     1     0    10     4     0     0     0     2     2     0     1     1     0     1     0     2     0     0     1     1     1     0     0     1     0     0     1     1     0     6     0     0     1     0    21     0     0     6     1     0    20    65     0     0     0     1     5     0     1     0     0     1     0    27    42     8     1     0     0     1    92     0     1     0     1     0     1     0     0     0     1    50     0     7    11     3     0     3  
   1     1     2     1     0     1     0     7     1     7     1     1     1     0     2     1     0     0    33    40     0     0     1    23     0     8     0     2     1     0     0     4     0     1     0     0     1     0     0     0     0     0    20    43     1     1     2     1     0    58    12     0     3     2     0     1     0     0    66     0     1     0     0     1     1     1     0     0     0    70     0     1     3     3     0     0    49    78     1     0     1  
   0     0     0     1     0     1     5     0     0     0     1     0     0     0     1     0     1     0     0     0    52     0     0     0    20     0     1     0     0     1    28     0     5     0    48     1     0     0     4     0     0     0    92     1     1     0     0     0     1     0     0     1     0     0     8     0    17    68     0     1     0     1     1     1     0     1     0     1     0     0     0     0     0    39     0     9    16     1     7     0    32  
   1    54     0     0     0    53     8     0     2     0    13     3     0     1     1     0     1     0    56     0     0    12     1     1     0     0    58     0     0     5     0     0     0     0     0     1     0     2    18     0     0     0     0    12     0     0     0     0     1    16     0    37     0     0    64     0     0    30     1    75     6     0     1     1     0    34     2     0     0     1     1     0     0     0     1     0     1     0    28     0    39  
   0     1     1    23     4     3     0     1     0     0     1     1     1     0    46     6     0    15     1     0     6     0     0     1     1     0     0     1    46     0     0     0     1    14     1     0     4     0     0     1    78     0     0     0    68     0    10     0     0    15     0     0    20     8     2     3     2     0     3     0    47     0     0    47     1     1     0     2     1     0     0     1    55    54    57     1    26    27     1    97     1  
   9    98    36     1     0     1     1     0    61     1    27     4     1     2     0     0     5     0    11     0     1     1     3    33     0     1    67     0     1     0     0     1     8     0     0     0     1    25     9     7     0     2     0     0     0     1     0    84     1    73     1     0     0    52     0     1     0    50     1     0     1     0     0     6     0     1    30    60     0    21     1     1     0     0    12     0     1     6     0     0     0  
   0     1     1    37    74     1     1     1     0     0     1     1     3     0    31     1    23     1     1     0     8     0     0     1    50     0     0    55     1     3     0     0     1    16     1     0    61     0     1     1    23     0    78     0     0     0     2     0     0     1     0     0    70     1     1     6     2     0    41     0     1     0     0    17     1     1     0    12     6     0     0     3    10     1     0    30     1    66     2    76     1  
   1     3     7     8     0     0     0     0    83    69     0     1     3     0     0     1     0     0     1     1     0     0     1    45     0    16     0     0     2     1     0    17     0     1     0     0    79     0     0    50     0     0     0     1     0     0     2     1     0     6    24    22     0    34     0    56     0     0     1     0    39     0     1     1     0     0     0     0     0     0     0     1    45     0     0     0     0     0     0     0     0  
   0     1     1    50     0     1     0     1    52     1    11     0    16     0     1     6     0     0     1    41     0     0     0     2     0    45     0     1     8     0     0     1     0    34     0     0     2     0     0    15     0     0     1     0     1     1     0    15     0     1     7     0     1     6     0     1     0     0     1     0     2     0     0     1     1     0     0     0     0     0     0     1    50     0     0     0     1     1    15     0     0  
   1     3     3     0     0     1     1     0     1     1     1     3     6     0    89    59     0     0     1     6     0     0     5    26     0     1     0     0     1     0     1    11     2     1     0     0     1     1     0     2     0     0     0    35     0     1    17     0    56    92    41     0     0    36     0     1     0     0    46     0     5     0     0     2     0    10     0     0     0     0     0    33     5     0     0     0     0     0     0     0     0  
  32    97     0     0     0     4     1     0    60     0     4     2     0     2     0     0    63     0     1     0     0     1     6     1     0     0     1     0     0     0     0     0     0     0     0    17     0    35     1     0     0     1     0    18     0     0     0    65     0     3     1     1     0     0     1     1     0    19     1     1     1     0     1    15     0     1    28     0     0     2     3     0     0    20    13     0    54     0     0     0     1  
  23     2    14    61     0    22    67     0     8     8     4     5     2     0     1     6     3     0    12     3     0     0     1     1     0    39    73     0     6     0     0     1     0     2     0     0    65    98    38     1     0    11     1    96    10     1    50    56     1     0     1     0     0     1     1     3    52     1     1     0     3     0     0    98     0     1     0     0     0     0     0    64    13     1     5     0     1     1     5     0    10  
   1     6     1    75     0     1    33     0     1     1     1     1     4     0     1     1     9     1    11     1     0     0     1     1     0     1     1     0    23     0     0     7     0    17     0     0    41     1     0    14     0     0     0    41     0    30    34     1     1     3     0     0     0     4     0     1     0     0     1     0     1     0     0    29     0     1     1     0     0     0     0     1    11     0     1     0     1     3     1     0     1  
   0    66     0     0     0     0     5     0     0     0     5     9     0     1     0     0     2     0     0     0     0    12     0     0     0     0     1     0     0    10     1     0     0     0     0    13     0     0     4     0     1    20     0     0     0     0     0     0     3     0     0     0     0     1     7     0     9     6     0     1     0     1     8     0    43    77     0     0     0     1    24     0     0     0    13     0     1     0     0     0     1  
   0     0    49     1    10     1     0    12     0     0     1     0     1     0    42    65     0    93     1     1    95     0     0    76     2     0     0    69     1     7     0    15     3     1     1     0     1     0     0    49     0     0    21     0     1     0     1     0     0     0     0     0     0     1     0    20    13     0    80     0     0     0     0     1     1    61     0     0     1     0     0    66    21     1     0    50     0     7     2     2     3  
   0    16     1    15     7     1    34    90     1     1    83     1    11     0     7    92     0     0     6    16     5     0     2    11    21     1     0    42    79     0     0    40     0     2    46     0    23     0     0     4     0     1     8     1     1     2     1     4     0     1     1     0     1     0     0     1     2     0     1     0     1     2     0     1    15    98     0    61     0     0     0     1     1    15     0     0     1     1     4     1     4  
   2    11     0     1     0    36     1     0     0     0    20    19     0     0     1     0     1     0     8     0     0     0     0     0     0     2     1     0     0     2     1     0    99     0     0    16     0     0     6     0    12     1    13     0     1     0     0     0     3    71     0    19     0     0     0     0     1    59     2     1     0     1     2     1     0     2     0     1     0     2     0     0     0     1     1    91     1     5     2     0     2  
  17     2     1     1     0     1     1     9     1    85    74     1     6     0     8     1     1     0     1    12    50     0    88    13     9    25    12     1     1     0     0     9     0     1     0     0    38     1     0    14     0     0     1     1     1     1     1    90     2    18     1     0     1     4     0     0     1     0     1     0    24     0     0     1     2    70     0     0     0     0     0     1    50    24     0     0    19     3     1     0     1  
   0     2     0     1     1     1     3    23     0     0     1     1     0     0     1     0    18     1     1     0     1     0     0     1     1     0     2     5     0     1     0     0     1     7     1    10    77     0     1     0    27     0    78     0     1     0     0     0     0    14     0     9     1    17     1     1     0     0    31    83     0     0     0     1    48     2     0     1     1     0     0     1     0    52     0     1     1     1     1    67     1  
  27     1     1     0     0    53    34     0     0     0     1     1     0     1     0     0     2     0     0     0     0     1     4     0     0     0    57     0     0     2     1     0     0     0     0     1     0     1     1     0     3    31     0    27     0     0     0     0    59     1     0    96     0     0     1     0     0     0    18     1     0     0     1     0     0     4    65     0     0     6     3     0     0     0     2     0     1     0     0     0     0  
  16     1     1    84     0    19     1     0     1     1    30    12    60     0    98     1     1     0    93     1     0     1    88     1     0     1     1     0     1     0     0     1     0     1     0     0     1    48     2     2     0     5     6    44     1     1    76     1     1     9     1     0     1    33     1     8    57     1     0     0     1     0     0     1    36    67     0     0     0     0     0    42     3     8    18     7     1     1     3     0     9  
   0     0     0     0     0     0    37     0     0     0     2     0     0     0     0     0    13     0     0     0     0     0     0     0     8     0     2     0     0    27     1     0     0     0     0    93     0     0    92     0    65     1     0     0     0     0     0     1    25     0     0     5     0     0     1     0    15     1     0     0     0     1     1     0     0     5     0     0     0     1     0     0     0    19    13     0     2     0     0     1    54  
   4    70     1     3     0    16     1     0     1     8    32     1     3     0     1    87     1     0    31     1     0     0     2    64     0     1     1     0     1     0     1     5     0    22     0     0    11    28     0     1     0     1     1     1     1     2     3     1    24     1     1     0     0     1     0     1     0     0     1     0     0     0     0     7     0     6     0     0     0     0     0     1    96     0     1     0    96     4    17     0     2  
   0     0     0     0     1     0     0     0     0     0     0     0     0     0     0     0     0     0     0     0     0     0     0    11     0     0     0     0     0    23     7     0     0     0     0     5     0     0     1     0    11     0     0     0     0     0     0     0     0     0     0    82     0     0     1     0     0     0     0    34     0     0    60     0     0     0     0    43     0     0     0     0     0     0     0     0     0     0     0     0     0  
   0     1     0     0     0     0     1     0     0     0     1     5     0    24     0     0     1     0     0    33     0    13     0     0     0     0     1     0     0     1    45     0     0     1     0    94     0     0     1     0     1    29     0    68     0     1     0     0     1     0     0    57     0    11    94     0     0     1     0     1     0     1     0     0     0     1     0     0     0    70     0     8     0     0    34     0     2     0     0     0     0  
   2    18     1     1     0     1     4    94    15     2     1     7    28     0     2    77     1     0     1     0    72     0    15    10     1     1     1     1     2     0     0     7     1     1     3     0     1    78     1    85     1    26    36     1     1     1     8     1     6     1    31     0     1     1    14    42     1     0     8     0     3     0     0     0    29     2     0     3     0     0     0    55    20    53     5     0    37    50    90     0    61  
   0     0     1     1     1     2     0    11     0     0    14     0     7     0     2     1     0     1     3     0     1     0     0     1     1     0     0     2     1     0     0     0     1     1     9     0     6     0     0    41     0     0     1     0     9     0     1     0     0     0     0     0     1    20     0     2     6     1     1     0     0     0     0    26     0     4     0     1     1     0     0     1     8     1     0     7    75    10     1     1    15  
  24     8     1     1     0     1     4     0     1     0    12    36     0     0    37     0     1    57    20     1    52     0     1     2     1     1     1     0    23     1     7     0     1    10     0    61    45    52     1     1     3     4    46     1     1     0     0     2     1     3    13     1    28     1     1     3    51     1     1     1     2     0     1     2     2     0    25     0     0    13     0    69     0    24    51     0     1    62     4     0     1  
   1     0     0     0     0     0     1     0     0     0     0     1     0     1     0     0    83     0     0     0     0     1     8     0     0     0    38     0     0     0     0     0     0     0     0     5     0    33     0     0     0    19     0     1     0     0     0     0     1     0     0     4     0     0     0     1     0     1     0     0     0     0     0     0     0     0     0     0     0     1     2    64     0     0    37     0     0     0    57     0     0  
   0     0     0     5     3     2     0     1     0     0     0     0     0     0    11     0     0    24     0     0     1     0     0     0     1     0     0     1     0     5     0     0     2    66     2     0     0     0     0     0     1     0     1     0     1     0     0     0     0     0     0     0     0     0    37     0     1     0     0     0     0     3     0    20    83     0     0     0    17     0     0     0     0    45     0     1     1     1     2     1     1  
   0     0     0    66     2     0     0     1     0     0     0     0     0     0    92     0     0    16     0     0     1     6     0     0     1     0     0    13     0     0     0     0    13     0     5     0     0     0     0     0     0     0     1     0     1     0     0     0     0     0     0     0    82     1     0     1    84     0     0     0     0     0     4     0     1     0     3     1     0     0     0     0     0    19     0    25    32    84     1     7     0  
   1    44     0     0     0     0     1     0     0     0     7     3     0     1     0     0    45     0     0     0     0    19    54     0     0     0    22     0     1     0     0     0     0     0     0     2     0    89    98     0     0     1     0     1     0     0     0     0     1     0     0     2     0     0     1     0     0    79     0     1     0     0    15     0     0    26     1     0     0     0     1     0     0     0    87     0    12     0     0     0     0  
   5     1     0     0     0     0    76     0     0     0     0     1     0     4     0     0     1    44     0     0     0     1     1     0     0     0    68     2     0     0     0     0     1     0     0     0     0     1     0     0     0     1     0     2     0     0     0     0    64     0     0     0     0     0     0     0     0     1     0     0     0     0     0     0     1     0     1     0     0     1     0     0     0     0     1     0     0     0     0     0     0  
   3     1     1     1    16     1     3    11    15     1    15     1    25     0    76    58    19     0     9    78     1     0     7     1    25     1     0    25     1     0     0    13     2     1     1     1     1     0     0    48     0     0     3     1     1    82     5    76     0     1     1     0    25     1     0     1     1     0     1     0    35     0     0    49     6    79     0     0     0     0     0     0     1     1     0     0     1     1     1     0     2  
   0     0    86    14     0    19     0     1    21     1     0     0     5     0    21     1     0     0     1    16     0     0     0     1     1     1     0    73     1     0     0     2     0     1     0    80     2     0     0    61     0     0     2     0     1     1     1    21     0    18    61     0    17     3     0     1     0     0    11     0     3    13     0     1     1     0     1     0     0     0     0     1     0     0     6     0     0     0     1     0     0  
   0     1     0     1    26     5     8     1     0     0     1     2     0     0     2     0     3     2    10     0    57     0     0     1    38     0     1     1     1    38     0     0     1    56    11     0     1     0    25    60    50     0     1     0    21     0     0     0     0    48     0     0     1     1    64    55     1     0     1    36     0     0     0     1     1     1     0     3     5     1     0     1     0     0     0    26    82     1    30     6    29  
   1    28     0     0     0     1     1     0    78     0    25     1     0     5     0    43     1     0    19     0     0     4    32     1     0     0    27     0     0     0     0     0     0     0     0     1     0    18    17     0     0     1     0     1     0     0     0     0    10     8     1     8     0     0    13    27     0     2    19    12     9     0    79     4     0     3     1     1     0    96    23     0     0     0     0     0     1     0     0     0     0  
   0     0     0     1     1     8     0     0     0     0     0     0     0     0     1     0     0     1     0     0    83     0     0     0     1     0     0    81     0     3     0     0     1     0    78     0     0     0     0     0     7     0    48     0     1     0     0     0     0     0     0     0    43     0    31     0     1     0     0     0     0     0     0     0     1     0     0    21     5     1     0     0     0    18     0     0     1     4    71     1    45  
  38    10     1    16     0     5     3     0     1     1     1     1     0     0    63     0     9     0     1     0     2     0    26     1     6     0    12     0     1     7     0     0     1    14     1    22    24    47    10    59     6     1     1    22     2     0     0     0     1    16     1     1     0    67    51    97    21     8     2     1     1     0     5     1     1    35     0    69     0     1     0    20     0     1    49     4     0    11     1     0    31  
   0     1     1     1     6     1     6     1     1     0     1     1     2     0    21     0    27     1     1     0    69     0    74     3     8     0    75     1    71    31     0     0     2    48     2     1     1     0    15     1    86     0    59    14     4     1     1     0     0     1     1     0     1     3     1    26     6     0     1     0     3     0     0     1     1    93     0    13     2     0     0    15     0     3     0    70     8     0     1    30     1  
   1     3    14     3     1     1     1     6     1     0    76    55     2     0     1     5     1    74     1     0    42     0     0     1     1     0    27     1     1     1     0     0    35    57     1     0    36     0    47    39     1     0    18     0     1     0     3     0     0     2    72     0     1    56    78     1     5     0     1     0     1     0     0    78    24    41     0    24     1     0     0    21    44   100     0     8     4     6     0     2    28  
   0     0     0    52    56     0     0     6     0     0     0     0     0     0    52     0     0     3     0     0     1     0     0     0     1     0     0     4     0     0     0     0    24     0     1     0     8     0     7     0     0     0     1     0     1     0     0     0     0     0     0     0     1     0     0     0    15     0     0     0     0     0     0     0    52     0     0     8    98     0     0     0     0     6     0     3     0     1    67     0     1  
   0     2     0    10     1     1     1     1     1     0    19     1     0     0    14     0    38     1    24     0   100     0     0     1    26     0     2     1     0     1     0     0    81     1     1     1    85     0    91     1    21     1     4     0     1     0     0     0    36     7    11    42    10     1     2     3     1     0    43     1     3     0     0     1    54    25     0     9     0     0     0     1     0    72     0    42     2     2     1     7     0  
