81

 0   1  45   1  44  85  50  82  89  20  43  90  44  82  85  87  83  87  46  83  90  86  82  86  82  90  84  20  43  81  41  90  81  89  85  86  41  81  82  82  85  90  85  84  81  82  87  87  82  82  87  81  81  82  46  83  89  83  87  82  89  87  89  85  90  82  88  88  82  84  81  83  86  81  83  82  86  82  87  87  81  
15   0  12  47  10  43  84  50  87  50   7  41  87  48  85  85  83  88  84  43  83  89  83  90  88  86  86  49  18  47  86  43  83  84  81  83  86  49  86  82  85  83  81  84  90  81  85  84  82  85  88  86  89  82  88  46  89  82  89  85  83  83  88  84  85  86  86  82  81  82  81  81  89  87  87  85  83  83  89  90  86  
49  14   0  85  44  20  83  86  49  87  45   8  82  89  45  88  90  81  89  82  46  88  84  84  82  84  83  82  41   1  87  90  43  86  90  89  87  83  46  90  88  89  88  84  83  83  89  85  85  87  84  90  84  83  85  87  44  87  87  87  87  84  84  86  82  83  83  90  83  85  83  90  90  87  86  84  83  84  82  85  89  
 2  45  85   0  13  43   1  48  88  44  88  86  18  48  83  47  87  86  88  89  87  43  84  88  86  86  90  42  86  81  20  46  89  49  89  90  88  84  86  45  86  88  84  84  85  85  88  90  86  90  88  87  89  86  86  85  86  44  85  83  88  83  87  86  82  88  82  87  85  81  86  82  82  82  86  82  89  90  85  86  86  
44   9  46  16   0  16  46  11  45  89  47  82  48  12  44  88  48  83  84  88  88  86  45  85  89  90  85  85  41  89  41   5  45  87  47  88  81  82  86  85  49  86  88  87  84  85  88  87  84  85  85  89  83  87  89  81  84  83  43  82  82  88  87  81  88  82  87  83  84  83  88  82  86  88  84  87  90  89  81  84  88  
87  46  17  41   7   0  81  44  12  90  85  45  87  44  10  86  82  41  84  83  87  86  87  50  82  83  90  89  90  44  86  45   9  84  83  43  87  86  88  81  86  42  83  85  89  90  84  85  86  90  85  88  89  83  89  87  86  90  81  50  83  83  87  82  85  88  88  85  85  87  86  87  84  89  87  84  82  84  83  89  88  
49  87  87  20  50  88   0   3  47  84  85  89  50  90  90  14  49  87  83  82  83  90  81  86  45  89  84  82  87  82  46  82  88  16  46  87  83  81  81  86  89  82  50  90  86  84  82  89  86  88  87  86  84  82  81  88  83  90  81  81  46  88  90  83  82  83  81  84  81  85  81  86  88  84  89  81  81  88  86  83  89  
83  50  89  47  16  43  12   0  20  85  81  88  81  46  88  44   3  50  82  89  85  87  88  89  84  45  84  88  81  90  87  44  82  46  12  43  82  84  88  90  85  85  86  48  84  81  82  88  87  87  86  84  90  87  88  83  84  83  90  83  90  46  85  90  90  87  88  84  87  90  83  85  88  83  84  84  82  81  89  83  86  
87  82  41  84  50  11  46  16   0  85  87  90  88  84  49  85  50  15  90  84  87  82  89  88  85  83  43  85  84  90  82  84  44  81  43   3  84  82  85  87  90  82  84  82  47  87  81  87  81  88  85  85  84  90  86  82  83  88  82  81  89  84  44  89  88  84  90  90  85  86  87  88  86  87  89  82  81  89  87  83  89  
 1  43  85  47  89  82  86  82  87   0  19  48   1  41  88  48  90  82  13  46  87  49  82  89  89  83  87  46  88  88  82  87  85  82  89  81  19  49  89  43  86  82  87  88  83  48  87  88  86  87  85  86  82  82  85  84  90  88  83  85  82  84  89  48  82  86  90  86  83  89  85  81  86  81  82  85  85  81  85  85  87  
49   1  49  88  48  85  83  90  85   4   0  10  41   9  42  85  43  87  48  18  50  82  46  87  86  85  88  85  49  89  83  88  84  85  82  84  42  18  43  87  45  85  82  84  85  89  42  81  89  82  86  87  90  84  81  87  81  88  85  90  85  87  81  84  45  87  84  87  83  85  87  81  85  88  86  89  84  89  81  89  84  
90  43   2  81  83  46  83  86  87  47  10   0  83  43  16  85  84  50  88  42   5  81  82  43  85  90  89  89  89  41  84  85  85  87  88  86  83  47   9  88  89  45  82  81  85  87  86  49  82  86  87  85  85  84  86  82  88  82  81  87  86  86  90  81  82  49  81  89  89  84  82  86  90  89  83  88  82  87  89  86  89  
47  89  81  20  44  88  43  88  90  16  50  82   0  12  50   3  43  81  42  84  81   7  46  82  44  87  87  83  87  89  47  90  82  86  83  86  46  82  87   3  47  89  45  85  81  84  88  88  43  82  88  84  82  84  88  88  87  83  81  89  81  84  82  88  88  90  49  82  85  83  84  87  90  88  87  83  83  90  86  81  83  
83  42  85  43   7  43  82  42  81  44   6  48  16   0  16  44   7  50  88  43  81  42  12  46  85  43  82  87  90  81  83  43  88  82  88  89  84  50  87  49  19  50  84  46  83  84  89  85  84  42  82  83  84  81  84  86  88  90  90  86  87  82  83  90  86  81  82  46  89  90  87  82  86  86  83  86  90  82  87  88  82  
88  88  46  81  42  15  85  89  49  84  41  14  41  19   0  85  43   7  88  87  44  85  47  17  86  88  47  88  88  81  81  90  42  84  85  87  90  82  42  87  41  18  88  85  44  89  84  83  88  86  42  88  87  83  89  81  86  86  82  86  86  89  83  90  82  82  85  85  43  90  89  81  89  90  90  85  88  89  89  89  89  
84  86  90  42  83  89   2  50  85  43  83  90   8  48  81   0  20  45  83  87  90  46  82  83  12  44  89  82  90  82  84  86  81  49  89  86  81  84  84  50  81  86  16  46  82  85  90  82  85  87  84  41  86  84  90  89  89  85  83  84  84  87  82  87  81  81  81  87  82  46  84  87  82  90  81  85  82  87  89  85  90  
83  84  89  83  47  83  47   9  46  83  50  81  48   9  45   9   0   3  88  82  81  88  47  90  43   3  44  86  90  89  86  82  89  85  46  82  86  89  88  82  43  90  50   9  49  82  88  87  81  83  89  82  50  90  87  81  86  88  89  88  89  84  88  85  85  83  88  90  88  84  50  88  90  82  81  89  89  89  83  87  86  
81  90  90  89  83  42  89  42   9  90  84  48  81  49   9  48   1   0  87  85  85  89  84  47  83  48   2  81  85  86  82  89  81  87  90  47  85  83  90  84  81  42  81  49   6  85  84  88  86  84  89  88  87  49  85  84  84  88  86  87  83  90  85  87  85  81  83  90  87  86  87  49  88  86  90  90  86  86  86  89  82  
45  81  82  83  87  85  88  90  90   5  43  85  48  88  82  83  89  89   0  20  47  18  47  89  49  89  88  82  84  82  90  86  83  85  87  89  46  84  82  88  82  84  86  90  83   9  44  82  50  89  90  85  84  84  85  83  83  86  89  82  86  88  83  81  90  82  89  86  90  83  84  87  41  89  84  83  86  81  90  86  81  
87  48  84  81  89  82  88  87  86  41   3  42  90  44  84  81  83  81  15   0  14  46  17  48  86  49  89  86  82  84  83  81  82  87  81  86  86  43  87  85  86  86  87  90  87  43  17  43  87  48  85  90  84  84  87  88  87  90  89  85  89  86  84  81  89  90  82  90  82  89  83  83  87  42  86  85  82  86  83  86  84  
89  84  49  87  90  86  82  89  89  82  43  20  89  86  44  81  84  84  44   6   0  90  45   4  85  82  48  87  87  85  90  86  81  85  86  89  86  88  48  85  84  85  87  88  86  81  42   2  90  86  50  83  86  88  88  81  88  89  86  90  90  90  86  90  88  89  89  87  89  88  87  82  89  82  43  82  83  83  85  87  85  
87  84  90  46  90  89  83  83  82  48  86  87   2  47  84  43  88  85  17  43  82   0  16  41   5  46  84  82  88  89  87  84  90  84  82  81  82  88  90  42  84  83  81  81  82  42  90  85  17  50  89  46  83  90  88  87  89  85  85  85  82  89  84  86  89  82  88  82  84  84  82  87  90  82  85  42  83  81  88  87  86  
81  86  88  81  45  84  90  85  89  85  41  86  50   2  42  81  50  86  41   7  41   9   0  13  48  10  47  81  85  85  84  89  90  84  81  82  90  87  88  84  46  82  90  87  83  86  45  88  43   4  48  82  50  81  88  84  88  83  89  82  86  90  89  87  88  89  84  90  83  82  84  89  82  83  85  84  44  85  85  90  83  
84  81  86  86  83  50  88  83  88  84  89  47  85  48   7  89  87  43  82  44  10  41   6   0  86  46  18  83  86  83  86  89  87  85  81  88  89  87  87  82  85  47  83  87  87  86  82  47  81  41  13  83  89  48  83  90  85  90  86  88  84  83  89  87  84  88  83  90  87  85  90  87  87  83  87  86  89  43  89  86  90  
81  88  87  85  82  90  46  88  89  83  89  82  49  88  88   3  45  85  48  81  90   4  50  81   0  18  41  88  83  85  85  86  89  83  84  89  81  83  88  81  85  85  47  83  83  82  88  87  45  84  82   6  41  87  86  88  82  81  82  86  85  81  85  82  89  83  85  85  87  83  81  87  85  87  88  81  82  83  46  89  86  
88  81  84  86  86  87  86  45  88  81  87  87  85  42  88  45   5  42  89  48  84  49  13  45   5   0   2  85  88  86  86  81  82  84  86  88  81  84  83  83  83  85  85  41  87  82  90  81  83  41  90  46  15  45  88  81  89  83  82  87  83  86  81  87  85  87  81  81  82  87  84  84  88  87  88  88  87  87  81  43  88  
82  88  89  86  84  86  83  89  42  81  84  89  84  89  44  89  49  11  83  87  46  83  50  17  50   7   0  90  84  81  84  83  90  88  84  83  81  82  83  84  90  87  89  83  49  85  84  90  82  88  48  84  45   3  83  81  88  81  87  86  82  90  89  88  83  89  83  88  84  87  84  87  89  84  82  89  89  89  85  87  45  
10  48  90  46  82  90  85  82  81  47  82  85  87  88  86  84  83  90  89  85  84  84  82  84  88  81  83   0  13  50  10  47  89  45  84  87  19  47  85  47  88  82  88  89  88  42  84  90  89  87  87  86  82  88  12  44  87  46  83  89  86  84  82  43  90  84  82  90  82  81  83  88  88  87  84  86  82  81  89  86  85  
47  17  47  85  44  88  81  86  89  89  49  83  83  90  82  86  81  85  85  81  88  87  87  83  88  83  88   2   0  12  42  16  48  90  48  87  41  20  42  83  44  89  88  89  89  87  47  82  81  81  87  82  89  83  46   1  48  81  43  90  84  81  84  90  49  82  85  88  90  83  83  88  89  90  82  86  88  86  84  82  86  
88  42  18  85  87  42  85  83  85  87  83  50  86  87  83  85  88  89  82  84  87  86  90  86  83  90  88  42   4   0  84  43  18  87  82  43  82  43  17  90  81  48  83  87  84  81  81  43  86  81  81  83  81  81  85  44  20  83  86  45  89  87  81  90  87  47  89  86  84  83  81  86  86  90  87  83  90  81  86  84  86  
43  87  81  18  41  84  44  81  85  89  88  83  46  90  82  87  86  88  85  90  81  81  83  88  83  89  82   8  46  89   0   5  42   3  47  86  44  90  87  13  49  86  48  85  87  87  84  90  50  81  84  87  89  87  46  81  81  15  49  90  43  81  83  86  89  85  42  81  87  86  88  90  90  85  82  83  90  84  87  82  84  
86  42  90  43  13  45  85  44  90  85  81  87  90  46  89  83  84  82  88  81  82  90  83  86  86  89  90  43  15  50  18   0  18  49  10  50  83  42  87  42  20  43  90  45  83  87  86  87  89  50  85  89  81  89  86  50  82  42   7  50  86  49  87  86  90  86  86  45  82  89  81  86  86  84  81  86  83  82  82  84  90  
85  90  46  82  48   7  89  87  42  88  85  82  84  82  44  87  81  82  85  82  86  83  81  81  82  89  88  81  50  15  41  19   0  88  46   9  86  88  42  85  43  12  89  87  49  85  83  86  84  83  42  88  88  83  88  83  45  87  46   8  84  84  48  83  83  89  90  84  42  83  85  89  87  90  86  89  89  81  87  81  88  
86  86  84  45  89  83   2  49  84  81  84  89  84  86  87  45  86  89  83  87  83  86  90  88  90  81  81  47  87  90   4  44  86   0  13  41  86  86  90  49  82  87   2  47  85  81  81  85  84  86  84  44  82  87  89  82  86  46  84  83  12  48  87  83  86  84  81  82  86  48  86  87  86  82  86  81  90  83  87  87  88  
90  88  86  82  43  83  46   1  49  84  82  89  87  82  86  84  50  83  88  82  85  81  83  85  81  86  86  89  41  88  48   3  48  13   0  19  90  88  88  89  44  90  46   1  50  87  89  87  84  83  84  86  45  86  86  85  82  84  49  82  42   9  45  90  89  87  87  90  88  84  47  83  87  86  84  86  84  89  90  88  83  
89  87  81  88  84  50  86  48  13  85  81  81  82  83  83  82  90  50  87  81  89  90  83  88  89  90  87  87  85  46  89  44   1  49   2   0  89  86  86  89  89  44  88  42  10  88  84  87  89  87  84  85  89  50  89  89  84  90  83  50  86  44  17  87  87  83  84  87  84  82  90  49  83  84  89  88  88  85  89  88  81  
48  87  85  85  82  85  89  85  88   4  49  82  47  81  82  87  85  84  44  90  90  83  85  89  83  90  81  17  42  88  46  86  84  86  90  90   0   9  44  17  50  83  42  86  82   1  42  85  49  82  88  90  90  83  42  86  82  84  84  84  87  87  89   2  42  82  47  84  88  87  84  81  46  85  82  87  83  87  82  89  89  
89  49  85  82  84  85  81  90  88  49  15  43  84  45  90  90  89  83  86  44  82  83  82  85  82  85  84  45   7  45  84  48  90  85  81  84  10   0  11  42  15  43  86  42  89  42   1  42  83  50  84  89  82  87  83  44  81  82  90  81  85  82  88  49   1  48  84  49  90  89  87  81  88  46  90  89  86  87  89  82  89  
82  85  44  86  90  90  90  87  84  89  49  14  87  81  43  84  88  90  81  89  44  89  87  82  82  84  82  90  41  12  84  90  48  82  85  82  44   4   0  88  47  19  87  86  47  89  50   2  87  89  47  87  89  85  90  87  47  83  87  82  82  81  90  90  50   7  85  83  49  88  84  86  85  87  41  87  82  84  81  89  89  
81  82  82  44  87  90  88  86  82  50  86  85  18  44  85  50  81  83  86  87  89  46  82  90  90  89  90  42  82  87  19  47  90  47  88  82  15  46  81   0   3  49  11  50  87  41  83  82  19  48  82  44  81  84  87  83  84  43  86  83  90  85  86  41  90  82  10  41  87  45  83  87  84  85  90  44  81  83  90  87  81  
83  83  90  86  49  88  84  84  84  84  41  83  43  19  50  86  46  89  89  81  81  89  42  88  85  83  84  87  41  85  50   4  42  81  47  89  49   8  45   7   0  12  43  17  48  90  47  88  46  12  44  83  45  89  84  85  88  90  45  84  90  85  83  89  48  84  43   2  50  84  48  89  89  81  89  88  46  85  87  89  90  
90  85  87  89  86  43  85  83  89  84  81  44  81  43   9  84  87  47  84  84  87  89  84  49  89  85  90  86  84  42  83  44   7  84  81  43  89  44  16  42  19   0  85  46   3  84  90  49  82  43  18  81  81  43  82  87  88  88  82  47  90  83  90  86  90  50  90  41  15  84  87  48  85  85  89  86  83  42  88  88  89  
82  90  87  88  81  81  49  88  87  83  82  86  42  85  81  19  41  88  81  85  83  84  81  88  48  81  81  85  85  84  48  86  83  12  42  81  47  82  89  20  47  83   0  12  44  85  88  88  41  90  84  11  48  89  90  89  85  88  89  87  47  87  84  87  82  82  43  90  82  14  47  87  90  89  87  88  82  84  42  82  86  
85  84  88  89  88  89  81  48  90  85  84  86  84  44  81  42  15  46  87  86  87  84  86  84  86  43  82  89  86  81  82  44  89  50  10  47  89  49  88  41  20  50  15   0  10  86  90  85  90  50  89  48   9  47  89  83  87  88  90  84  86  44  87  84  82  84  85  47  82  49  17  46  90  90  86  81  84  81  82  48  87  
82  85  88  82  81  83  84  88  45  84  86  82  84  82  41  81  47   5  88  89  90  82  82  90  89  82  46  90  81  82  90  83  45  87  45  11  86  82  50  84  43  19  50  12   0  82  81  88  81  87  49  83  43   2  87  82  90  81  83  86  85  88  43  82  87  87  90  89  48  83  47   7  88  89  85  81  85  90  82  86  42  
81  84  85  81  81  86  81  82  84  42  81  87  89  83  87  87  86  81  15  45  84  49  84  84  90  81  81  47  84  81  84  85  87  82  90  86  14  41  84  48  87  83  85  82  82   0  16  42   3  47  82  42  89  88  81  82  88  86  90  82  88  88  86  41  83  82  83  84  81  81  86  81   2  47  90  48  81  88  81  82  87  
86  81  86  88  86  85  86  86  88  90  49  81  84  83  82  83  85  85  47  20  49  84  49  89  87  82  90  85  48  86  85  84  84  83  88  83  42  15  50  88  47  87  89  86  90  20   0  17  49  13  41  89  49  89  89  84  89  85  87  88  83  81  90  82  50  88  89  83  81  85  81  87  43   7  47  84  48  83  86  81  87  
83  83  82  89  90  89  81  81  87  90  83  46  86  83  90  82  82  90  88  46  16  89  89  50  82  81  81  84  82  44  82  84  86  86  90  81  85  49   3  81  82  48  82  85  84  42   9   0  89  47  11  81  85  47  83  86  82  83  84  90  90  84  83  87  83  44  89  85  86  90  83  90  82  42  17  83  88  46  83  86  84  
89  89  82  90  88  82  84  85  88  83  83  83  42  84  88  90  86  85  44  85  81  14  43  85  43  90  88  81  82  89  42  87  83  89  81  83  49  87  90   1  48  83  41  81  86   8  48  84   0  18  44   1  42  86  83  90  87  89  81  86  85  86  81  82  87  90  47  82  81  90  89  90  45  88  87  11  46  85  44  82  89  
85  90  88  88  82  88  87  82  83  84  87  87  88  45  83  89  90  85  82  46  87  42  14  50  86  42  87  84  89  81  89  46  88  81  90  84  88  48  82  44   1  50  89  45  85  44  13  48  17   0   5  48   5  43  84  85  84  86  81  81  86  90  89  90  81  82  89  47  83  90  84  81  82  50  89  49  16  42  86  50  85  
84  81  88  88  83  89  88  82  86  84  83  83  88  88  43  81  86  84  87  87  50  84  45   2  85  88  44  87  89  90  88  88  46  89  81  87  90  81  45  83  48   4  88  90  49  82  44  17  46  10   0  90  46   3  87  81  81  87  83  83  82  88  87  82  86  88  90  82  44  86  82  81  87  82  44  82  46  17  85  83  45  
88  86  87  82  90  84  82  82  90  90  83  88  86  90  82  47  84  82  87  89  86  47  90  82  12  41  89  85  87  90  89  90  81  44  83  90  88  88  83  49  89  88  10  41  90  48  83  85  15  47  85   0  14  42  88  82  90  85  83  83  88  84  81  88  81  87  87  81  88  42  85  82  84  81  86  44  83  81  16  41  89  
89  81  83  85  89  87  90  90  89  82  86  82  88  88  84  87  44  86  90  87  82  85  50  84  44  15  43  86  83  81  87  89  89  86  50  84  89  81  86  83  48  90  47  16  49  86  47  81  47  11  50  20   0  17  87  90  87  84  82  86  90  87  83  81  90  82  81  90  82  81  49  82  87  82  81  86  44  88  45  15  42  
88  84  89  86  81  81  90  87  90  87  87  82  88  86  84  83  84  41  85  83  88  88  87  41  88  47  20  87  81  88  84  87  90  83  87  44  83  85  87  83  87  43  86  45  16  83  86  44  81  47  20  50  20   0  89  86  90  86  84  82  86  88  88  84  85  87  82  88  85  82  84  49  83  82  86  82  82  46  88  47  11  
49  83  85  85  86  85  86  87  89  85  82  81  81  90  84  86  84  86  87  87  81  82  81  81  82  81  81   4  50  83  48  90  82  85  88  89  48  84  85  85  90  83  87  82  85  83  85  85  81  83  83  83  85  81   0   7  50  16  48  82  44  90  81   7  50  89  46  89  89  86  84  84  45  81  90  87  86  89  86  87  84  
84  47  89  88  88  83  88  90  83  82  82  81  87  88  89  84  86  87  90  81  84  84  81  89  81  82  82  45   4  43  90  49  85  88  82  88  85  45  89  84  83  83  89  85  82  84  82  84  86  84  83  90  81  86  16   0   9  41  11  47  89  49  85  49  10  44  87  41  85  83  86  82  87  45  82  90  87  89  89  87  84  
87  85  45  82  88  90  86  81  81  82  84  81  88  89  83  90  86  84  89  90  89  85  84  82  81  84  85  88  47   4  89  85  45  86  85  90  86  81  48  87  88  85  84  89  82  89  82  88  87  82  87  87  84  88  41  20   0  83  46  15  83  83  50  83  48   9  86  89  49  86  85  82  87  86  45  84  90  89  86  82  90  
86  88  88  47  87  90  83  85  84  90  82  83  85  84  83  87  85  89  82  83  90  90  90  84  84  86  89  43  88  88   8  47  81  49  81  86  88  87  88  48  87  86  82  90  88  84  88  90  82  88  90  90  89  86  16  47  87   0   5  46  18  46  81  44  90  90   9  41  87  48  85  89  82  81  88  42  88  86  88  84  81  
88  85  83  82  43  87  89  86  88  87  88  84  86  81  85  85  90  86  86  85  85  87  87  82  86  89  90  90  46  82  42   2  48  84  45  88  86  88  85  82  48  83  90  82  87  87  86  83  88  88  88  82  82  82  49  19  47   2   0   5  44   7  49  87  45  82  49   4  41  89  42  86  89  88  88  89  48  82  84  83  88  
81  87  89  81  89  48  89  90  81  88  83  86  83  86  86  89  82  84  85  85  90  84  82  83  83  81  89  83  84  47  81  43  19  90  85  46  84  81  84  88  87  49  87  86  90  83  89  81  83  88  88  83  86  83  88  50  13  49  16   0  88  50  19  89  82  41  84  45   3  84  81  44  84  90  83  90  81  42  90  85  86  
85  88  86  86  81  82  42  84  85  83  88  87  84  85  89  84  89  84  84  86  82  84  89  87  88  81  83  88  85  88  42  83  82   9  41  83  89  81  90  82  90  83  47  86  84  85  84  84  83  87  82  89  88  90  44  89  84  18  41  87   0   8  44  84  82  82  49  90  84   9  49  83  89  85  82  90  82  87  42  81  83  
88  83  87  82  82  82  82  42  87  81  83  90  90  89  81  90  87  85  87  87  83  90  87  82  86  85  90  82  85  83  90  48  85  43  13  46  82  83  81  84  86  81  81  43  83  88  82  81  90  88  90  89  89  84  90  48  84  47  18  48  18   0   6  82  81  84  83  48  84  42  16  42  86  87  86  86  87  81  90  47  90  
84  84  89  89  84  84  88  84  42  90  87  90  81  82  89  86  90  89  82  85  86  81  83  86  89  85  88  88  87  81  89  81  46  83  50   3  83  89  83  81  88  83  88  86  49  87  87  90  83  89  82  84  82  82  89  90  42  89  43   7  47  11   0  81  83  89  87  87  42  90  50  13  90  90  90  87  84  90  86  90  44  
84  90  87  83  83  82  90  83  82  44  90  86  81  86  84  86  85  83  86  83  89  85  86  88  81  82  90  45  89  81  84  84  86  85  82  86  17  46  81  48  84  85  89  89  82  47  81  83  82  86  85  89  83  88  12  50  88  50  84  81  86  87  85   0  16  50  10  47  81  46  89  84  11  43  87  45  88  88  89  89  86  
85  81  82  87  81  86  82  81  89  86  41  86  82  83  88  86  88  83  84  83  81  82  82  82  88  86  84  81  45  85  87  89  90  87  90  88  49  16  46  81  49  81  88  81  83  86  49  85  87  87  83  81  82  90  50  11  42  90  49  85  82  88  87   1   0  18  46  14  42  81  49  81  49  20  45  86  44  90  86  84  89  
87  88  89  86  81  89  81  81  89  86  82  45  90  85  88  90  82  88  85  84  82  81  82  86  89  84  86  84  85  41  82  86  82  87  83  84  90  50   5  81  83  50  87  81  85  90  88  44  87  81  89  82  87  86  81  41  18  90  88  44  86  85  82  43   7   0  89  46  10  81  88  43  85  45  19  88  87  43  84  90  84  
81  85  90  81  87  87  88  90  90  89  86  81  41  87  88  84  90  86  86  81  89  81  86  85  84  87  87  82  89  81  45  83  87  83  84  85  46  84  82   2  45  82  42  86  86  87  87  82  46  82  83  88  88  84  45  90  85  16  46  84  50  85  88  13  43  85   0   9  44  19  45  90  41  83  85  18  43  86  42  85  87  
85  84  83  88  82  82  86  88  85  81  82  86  81  41  87  84  83  85  88  81  82  82  86  85  85  83  88  86  90  81  89  47  85  85  82  84  89  46  88  49   4  46  89  48  85  87  89  82  89  50  88  89  86  90  87  48  85  48  19  50  84  50  83  49  16  42   1   0   4  48  13  41  87  49  84  49  10  50  85  43  90  
88  85  81  85  88  87  81  84  88  85  87  86  89  86  43  84  88  89  87  89  86  88  89  89  88  83  88  82  83  82  87  87  49  82  87  82  83  89  47  84  48   3  89  82  41  86  88  88  84  81  43  86  85  81  86  84  43  83  44   7  83  82  45  87  50   1  43   2   0  82  44  13  90  87  48  81  42  20  83  85  50  
90  84  89  89  89  85  86  90  81  86  87  82  84  87  87  47  84  85  88  81  89  82  81  90  90  84  88  84  82  87  83  89  88  45  85  86  86  84  87  47  81  81  10  48  84  82  85  86  81  89  88  46  84  86  88  88  82  45  85  83   6  41  85  50  81  89  13  45  82   0   6  41  89  81  82  49  90  90   7  46  89  
82  81  85  89  83  84  89  89  81  81  81  83  83  90  87  86  48  87  85  87  90  88  84  81  90  90  87  90  81  81  87  88  86  82  49  90  82  90  87  86  42  87  50  18  46  90  90  88  85  81  89  85  42  84  87  87  90  87  49  82  41   6  45  81  49  85  46   2  48  15   0   1  81  87  88  81  50  82  50   2  41  
88  85  83  88  87  85  81  87  81  90  87  82  86  83  83  85  88  41  87  90  83  85  83  88  84  87  90  82  89  88  85  84  81  87  90  41  82  88  85  83  81  46  83  48  10  89  83  85  81  83  89  90  86  42  89  85  88  88  90  46  83  46   5  81  83  42  89  50  16  43  12   0  84  89  84  82  87  50  87  50  13  
86  87  87  87  82  81  81  86  87  81  89  87  89  85  89  82  83  83  47  89  87  81  84  81  82  88  84  88  86  89  82  86  82  85  83  85  42  81  86  86  85  84  90  90  89  14  50  81  44  82  88  81  90  90  49  86  90  85  90  84  81  90  86   7  45  89  45  90  88  87  85  82   0  12  48   4  44  82  44  86  89  
83  83  84  86  84  89  86  89  86  86  87  87  90  84  83  88  89  86  89  43  81  85  86  82  88  86  87  87  88  87  82  84  90  81  86  82  86  47  81  86  81  83  84  89  87  47  19  46  84  44  89  85  85  83  86  46  90  86  86  86  88  89  89  42   4  43  89  44  87  87  84  90   1   0  16  46   3  46  88  42  86  
88  81  84  86  81  90  90  83  85  85  81  90  82  89  82  83  82  86  89  89  50  84  89  88  85  83  85  90  84  87  87  83  89  81  82  83  83  84  50  87  87  83  88  86  83  83  41  14  86  90  44  90  87  86  83  86  43  81  81  88  87  89  81  88  43   6  86  87  47  88  85  87  47   9   0  82  46  12  88  90  46  
87  86  82  85  86  84  88  87  86  84  87  88  88  84  87  84  83  88  84  83  87  46  83  89  87  86  88  90  87  88  90  88  88  86  84  82  84  86  90  47  85  89  81  86  86  50  82  88   8  50  85  49  85  81  84  88  87  42  89  88  87  83  81  50  83  85   8  48  86  49  87  90   3  50  83   0   3  42  19  47  82  
84  84  84  85  83  86  89  84  84  81  86  85  89  83  87  81  85  83  83  84  89  84  42  88  90  83  81  83  84  84  90  83  81  83  86  87  86  90  81  81  49  85  81  81  90  82  44  83  49  13  50  88  46  83  88  87  90  89  42  85  89  86  85  90  41  85  43  12  46  84  49  89  41   9  44  16   0  11  45   4  41  
84  81  84  83  89  81  82  83  86  86  86  81  85  85  90  86  84  84  89  82  84  81  89  47  81  84  83  85  90  88  84  86  90  85  89  90  82  85  90  82  88  49  88  87  87  84  83  44  88  46  15  86  83  47  83  86  83  90  83  46  83  87  84  89  85  44  83  46   4  81  84  43  88  50   7  50   9   0  86  41  17  
83  83  87  87  83  87  84  81  82  86  87  88  88  85  86  89  81  90  82  90  90  83  89  88  46  89  82  86  86  82  89  81  83  81  82  87  83  81  89  89  88  89  49  85  89  82  82  85  43  84  83  14  42  83  82  82  85  89  81  87  48  85  83  85  81  90  50  85  86  11  48  84  43  82  88   7  50  82   0   7  49  
81  88  86  86  85  85  89  87  88  89  85  88  84  81  84  90  89  90  85  87  87  90  89  90  89  47  83  86  85  88  85  81  88  86  89  86  82  81  89  83  81  89  82  50  81  85  85  81  85  46  81  43   6  49  87  84  86  89  90  90  85  41  86  82  87  89  86  48  81  48   2  46  81  47  89  47   2  44  11   0   8  
84  83  88  89  86  85  90  82  82  81  90  82  81  83  83  86  90  87  81  83  84  85  81  86  87  85  46  84  90  83  90  90  83  86  90  85  87  82  88  86  85  87  82  86  45  88  83  87  81  86  49  83  44  12  82  84  81  85  85  87  88  81  43  84  90  85  86  82  41  81  49   2  88  85  44  90  46   1  48   4   0  

 0  22  24  24  24  24  22  24  24  24  22  20  28  32  24  24  16  24  24  32  24  27  24  22  30  30  22  22  30  24  21  30  24  24  26  24  20  18  20  24   8  24  24  16  26  24  26  30  26  33  18  16  24  16  24  32  16  26  24  26  32  32  16  26  30  24  24  28  32  10  22  22  22  32  30  24  30  32  24  21  26  
 0   0  23  24  29  13  24  23  21  28  22  25  26  24  10  24  22  34  32  25  24  41  24  24  25  24  24  20  37  28  21  24  28  14  23  21  22  25  24  25  21  21  24  24  26  34  26  24  24  11  22  22  38  20  34  20  16  26  14  34  18  33  20  24  24  11  24  25  24  34  19  24  22  28  28  26  24  24  24  24  30  
 0   0   0  14  26  29  24  19  21  30  29  23  21  24   7  23  29  24  28  23  29  26  35  24  39  29  19  12  24  24  21  29  19  24  34  35  27  19  24  36  24  22  29   9  22  19  24  23  24  24  14  24  19  24  24  14  23  19  27  28  25  27  19  19  25  24  23  25  24  24  29  26  22  23  25  24  24  29  24  36  31  
 0   0   0   0  24  34  24  24  24  24  24  21  27  24  14  24  24  27  24  24  24  24  34  24  37  21  24  14  24  24  24  24  14  24  37  34  24  24  24  34  14  21  34  14  24  24  24  21  24  24  17  24  24  24  24  14  24  24  21  24  24  24  24  24  24  24  24  24  24  24  24  27  24  24  24  24  24  24  24  34  21  
 0   0   0   0   0  24  20  29  30  24  33  24  31  24  34  26  24  24  25  25  28   9  22  24  14  24  24  39  24  20  28  24  23  24  25  22  22  14  27  25  34  39  24  24  22  24  24  24  24  33  23  24  20  28  33  24  25  24  23  24  20  13  16  24  24  33  24  32  15  24  15  13  26  20  28  24  24  24  33  22  20  
 0   0   0   0   0   0  22  12  24  23  24  23  24  24  17  21  29  34  38  25  29  34  22  31  19  24  24  34  34  17  21  24  39   7  14  15  32  17  24  15  39  24  16  29  24  29  24  32  24  14  34  26  43  24  29  34  20  19   8  40  15  29  19  24  23  21  25  18  15  36  24  17  24  25  33  24  24  29  31  14  24  
 0   0   0   0   0   0   0  35  20  11  24  24  19  24  28  22  31  31  24  34  35  14  24  29  17  24  22  22  24  24  26  17  21  24  26  24  26  24  36  24  32  38  26  34  13  24  24  24  26  31  26  36  36  14  24  20  28  24  24  36  12  24  14  26  24  24  14  22  12  26  24  22  24  24  34  22  24  24  24  24  20  
 0   0   0   0   0   0   0   0  20  27  24  24  31  24  13  24  22  17  28  23  18  24  31  24  37  24  24  24  24  17  19  31  23  12  23  24  31  18  25  25  33  20  24  19  35  19  24  31  24  17  25  24  31  24  19  28  26  19  16  29  28  29  18  24  24  31  24  20  17  24  24  17  24  24  24  24  24  29  31  24  28  
 0   0   0   0   0   0   0   0   0  19  30  26  17  34  13  26  22  24  24  36  20  16  22  26  24  29  11  24  21  28  20  32  11  24  32  25  23  19  25  21  36  35  22  34  35  24  26  24  22  24  25  29  33  10  29  24  24  26  22  32  13  29  17  17  24  27  14  31  14  24  30  24  24  28  28  28  24  24  24  22  32  
 0   0   0   0   0   0   0   0   0   0  28  17  22  24  31  23  31  22  24  35  27  10  25  31  17  19  36  28  31  20  27  19  21  24  24  25  24  29  38  20  29  30  29  34  21  17  24  25  24  31  24  34  35  18  19  39  16  24  24  35  27  20  14  29  23  24  15  25  14  24  19  24  24  21  37  24  24  24  24  24  22  
 0   0   0   0   0   0   0   0   0   0   0  26  22  24  20  24  22  33  24  26  24  33  24  24  33  19  29  15  24  24  24  16  24  24  24  24  24  38  24  19  11  15  26  24  23  24  26  24  24  15  24  25  29  24  10  24  24  26  24  24  15  35  33  29  24  15  24  10  33  24  26  33  22  24  22  26  24  24  15  24  21  
 0   0   0   0   0   0   0   0   0   0   0   0  27  24  17  24  26  27  23  22  18  24  24  20  33  21  31  20  41  24  25  37  24  24  27  24  19  24  22  24  20  21  24  24  22  17  18  27  24  30  27  24  24  24  24  31  23  22  22  24  25  28  24  24  30  24  24  31  24  18  30  31  26  24  26  22  24  24  20  18  20  
 0   0   0   0   0   0   0   0   0   0   0   0   0  24  21  26  33  28  24  22  31  31  22  26  23  32  21  19  31  24  24  22  31  24  12  22  20  28  24  31  24  20  19  24  17  24  22  27  22  29  19  26  19  31  20  24  24  22  25  22  22  33  33  17  24  15  24  22  33  24  47  30  28  24  26  24  24  24  15  22  30  
 0   0   0   0   0   0   0   0   0   0   0   0   0   0  24  24  24  24  24  24  24  24  24  24  24  24  42  24  24  24  24  24  24  24  14  24  24  24  24  34  24  24  24  32  24  24  24  24  24  24  32  24  24  32  24  16  24  24  24  16  24  24  40  24  24  24  32  24  16  32  24  24  24  16  24  24  24  16  24  24  24  
 0   0   0   0   0   0   0   0   0   0   0   0   0   0   0  22  24  43  34  24  20  40  43  31  34  29  26   8  41  21  20  36  14   7  34  36  33  12  20  37  19  18  29  14  26  27  24  31  24  14  14  24  40  20  39  21  21  24   9  34   9  26  24  19  24  21  24  36  17  34  29  19  22  28  30  24  24  24  31  36  33  
 0   0   0   0   0   0   0   0   0   0   0   0   0   0   0   0  24  24  24  25  24  26  27  24  24  24  24  22  24  24  25  24  24  24  24  27  26  24  24  23  24  22  26  24  22  24  24  25  24  24  24  26  26  24  24  24  24  24  26  25  24  22  24  24  23  24  25  23  22  26  24  26  22  25  23  24  24  24  24  26  23  
 0   0   0   0   0   0   0   0   0   0   0   0   0   0   0   0   0  17  19  32  18  24  24  17  26  30  24  24  24  24  29  31  12  24  24  24  24  18  18  24  11  24  24  29  33  29  26  24  24  17  24  22  24  24  29  24  24  31  24  19  30  21  29  24  24  24  24  35  24  24  22  24  22  24  22  26  30  19  24  24  26  
 0   0   0   0   0   0   0   0   0   0   0   0   0   0   0   0   0   0  14  24  15  14  24  17  28  27  24  24  14  24  24  31  17  34  21  24  24  24  24  24  24  27  24  26  31  14  24  27  24  29  21  24  14  24  14  24  34  22  37  16  43  24  24  24  24  34  22  24  24  14  24  21  26  24  14  24  24  24  24  24  29  
 0   0   0   0   0   0   0   0   0   0   0   0   0   0   0   0   0   0   0  23  19  14  24  24  20  24  24  24  14  24  30  24  20  34  23  24  25  25  25  25  18  24  24  29  24  19  24  24  24  34  25  24  14  24  19  24  32  29  34   9  35  19  28  24  24  34  24  30  24  14  24  24  24  24  14  24  24  19  24  24  25  
 0   0   0   0   0   0   0   0   0   0   0   0   0   0   0   0   0   0   0   0  18  34  23  15  25  18  24  24  24  24  25  15  35  24  23  23  24  31  21  24  21  14  24  14  22  24  22  23  24  33  25  16  14  43  24  24  23  22  23  13  28  22  33  24  25  24  33  20  34  24  26  24  26  23  17  22  18  24  24  24  23  
 0   0   0   0   0   0   0   0   0   0   0   0   0   0   0   0   0   0   0   0   0  24  24  17  32  18  24  24  30  24  29  37  12  24  24  24  18  30  30  24  19  20  24  31  35  29  24  30  24  25  24  18  24  24  29  28  20  27  24  21  22  25  29  24  30  24  22  23  24  18  24  24  26  24  24  24  18  19  24  18  30  
 0   0   0   0   0   0   0   0   0   0   0   0   0   0   0   0   0   0   0   0   0   0  22  29  15  24  29  39  14  15  31  24  14  34  24  22  22  15  38  26  43  45  24  34  26  14  24  24  24  43  24  34  20  18  28  28  25  24  32  24  24  13  10  19  24  43  14  38   5  14  15  13  26  20  28  24  24  24  33  19  24  
 0   0   0   0   0   0   0   0   0   0   0   0   0   0   0   0   0   0   0   0   0   0   0  17  14  24  24  36  34  31  25  24  34  31  14  11  15  31  24  15  34  26  14  34  26  24  24  16  24  34  34  24  17  24  24  34  17  24  29  23  24  26  24  24  25  17  23  25  31  24  24  29  26  23  25  24  24  24  17  12  25  
 0   0   0   0   0   0   0   0   0   0   0   0   0   0   0   0   0   0   0   0   0   0   0   0  31  24  17  18  35  36  24  22  17  31  19  24  19  31  26  24  22  24  24  24  31  24  20  17  26  33  26  28  17  40  19  24  22  24  31  26  26  24  19  31  24  17  24  17  31  24  35  33  24  24  24  22  24  24  13  24  24  
 0   0   0   0   0   0   0   0   0   0   0   0   0   0   0   0   0   0   0   0   0   0   0   0   0  27  24  43  18  24  29  11  35  24  12  14  30  14  23  13  45  36  14  39  17  29  24  21  24  34  30  30  24  24  38  34  25  29  28  19  24   4  21  24  18  33  24  37  15  30  15  12  24  24  24  24  24  19  33  20  27  
 0   0   0   0   0   0   0   0   0   0   0   0   0   0   0   0   0   0   0   0   0   0   0   0   0   0  29  24  24  24  24  19  24  24  27  24  24  35  30  19  25  21  29  24  24  16  24  21  24  24  27  24  29  24  19  24  24  24  21  16  18  32  24  29  32  24  24  13  24  24  19  27  24  24  16  24  18  24  24  24  24  
 0   0   0   0   0   0   0   0   0   0   0   0   0   0   0   0   0   0   0   0   0   0   0   0   0   0   0  22  17  29  24  22  24  24  36  24  26  19  26  19  27  24  19  24  24  31  24  24  26  24  26  24  19  24  24  17  37  24  24  34  26  24  11  26  24  24  16  15  24  24  29  22  24  24  16  22  24  24  24  24  29  
 0   0   0   0   0   0   0   0   0   0   0   0   0   0   0   0   0   0   0   0   0   0   0   0   0   0   0   0  28  28  20  24  14  24  36  36  28  33  22  32   3  13  34  14  22  24  20  24  26  15  16  28  28  20  15  10  28  24  26  26  26  35  33  26  24  15  24  13  33  24  37  37  22  28  20  22  24  24  11  36  24  
 0   0   0   0   0   0   0   0   0   0   0   0   0   0   0   0   0   0   0   0   0   0   0   0   0   0   0   0   0  24  24  11  21  34  31  27  33  24  21  24  30  27  24  24  24  21  28  18  24  11  27  26  14  17  14  17  34  24  34  14  31  15  27  24  18  37  24  17  24  20  16  20  24  24  14  24  24  24  28  30  21  
 0   0   0   0   0   0   0   0   0   0   0   0   0   0   0   0   0   0   0   0   0   0   0   0   0   0   0   0   0   0  28  24  24  17  24  24  31  17  28  24  24  24  24  24  24  24  24  31  24  24  24  24  27  28  29  28  22  24  17  24  24  20  29  19  24  31  24  29  17  24  24  17  24  20  28  24  24  24  31  24  24  
 0   0   0   0   0   0   0   0   0   0   0   0   0   0   0   0   0   0   0   0   0   0   0   0   0   0   0   0   0   0   0  24  29  24  24  25  23  24  20  25  29  24  22  19  24  19  24  25  24  27  24  22  26  20  19  20  29  19  23  30  23  33  19  24  23  24  25  18  26  22  24  24  24  29  19  24  24  29  24  27  22  
 0   0   0   0   0   0   0   0   0   0   0   0   0   0   0   0   0   0   0   0   0   0   0   0   0   0   0   0   0   0   0   0  31  24  24  24  30  29  24  19  28  24  26  24  14  31  24  18  24  34  24  33  29  33  19  17  24  24  24  24  24  18  24  29  18  24  24  12  24  30  19  24  24  24  24  24  24  24  24  30  19  
 0   0   0   0   0   0   0   0   0   0   0   0   0   0   0   0   0   0   0   0   0   0   0   0   0   0   0   0   0   0   0   0   0  24  35  37  27  23  30  33  20  37  34  29  31  29  24  24  24  17  16  34  34  14  29  14  25  29  25  29  11  16  23  24  24  27  14  28  14  24  27  24  24  24  34  24  24  19  24  34  21  
 0   0   0   0   0   0   0   0   0   0   0   0   0   0   0   0   0   0   0   0   0   0   0   0   0   0   0   0   0   0   0   0   0   0  24  24  31  17  24  17  29  24  24  24  24  34  24  31  24  14  24  24  41  24  34  24  21  24   7  34  14  24  24  24  24  21  24  24  17  34  24  24  24  24  34  24  24  24  31  24  24  
 0   0   0   0   0   0   0   0   0   0   0   0   0   0   0   0   0   0   0   0   0   0   0   0   0   0   0   0   0   0   0   0   0   0   0  14  22  25  23  25  35  27  14  34  24  24  24  27  22  31  30  24  24  31  24  34  23  24  26  22  22  24  23  22  24  24  24  27  24  24  31  23  24  24  24  26  24  24  24  14  27  
 0   0   0   0   0   0   0   0   0   0   0   0   0   0   0   0   0   0   0   0   0   0   0   0   0   0   0   0   0   0   0   0   0   0   0   0  19  24  27  15  34  23  14  34  26  24  24  23  24  24  31  24  24  24  24  34  24  24  22  23  27  29  21  24  25  21  23  25  24  24  21  22  26  23  25  24  24  24  24  12  28  
 0   0   0   0   0   0   0   0   0   0   0   0   0   0   0   0   0   0   0   0   0   0   0   0   0   0   0   0   0   0   0   0   0   0   0   0   0  31  25  26  20  23  24  24  26  24  24  31  22  30  19  18  17  24  24  16  18  24  28  22  24  35  21  22  30  14  24  26  31  18  21  31  26  24  24  26  24  24  17  16  26  
 0   0   0   0   0   0   0   0   0   0   0   0   0   0   0   0   0   0   0   0   0   0   0   0   0   0   0   0   0   0   0   0   0   0   0   0   0   0  17  28  33  33  19  24  24  24  24  31  24  33  23  24  26  24  38  24  32  24  18  24  30  15  16  19  24  40  24  43   8  24  20   8  24  24  24  24  30  24  40  24  29  
 0   0   0   0   0   0   0   0   0   0   0   0   0   0   0   0   0   0   0   0   0   0   0   0   0   0   0   0   0   0   0   0   0   0   0   0   0   0   0  23  11  17  24  14  24  24  24  24  22  24  24  14  18  30  24  20  29  24  25  12  35  25  38  22  24  27  34  31  34  24  27  26  24  28  10  26  30  24  24  24  21  
 0   0   0   0   0   0   0   0   0   0   0   0   0   0   0   0   0   0   0   0   0   0   0   0   0   0   0   0   0   0   0   0   0   0   0   0   0   0   0   0  30  22  19  34  22  24  24  23  24  24  33  24  29  24  19  34  25  24  27  23  24  22  25  29  25  24  23  19  24  24  19  33  22  23  25  24  24  24  24  16  20  
 0   0   0   0   0   0   0   0   0   0   0   0   0   0   0   0   0   0   0   0   0   0   0   0   0   0   0   0   0   0   0   0   0   0   0   0   0   0   0   0   0   5  42   9  29  29  26  30  26  21  17   3  19  34  15  14  23  31  23  11  42  36  47  31  30  15  34  20  43  18  26  31  22  24  12  24  30  19  15  28  21  
 0   0   0   0   0   0   0   0   0   0   0   0   0   0   0   0   0   0   0   0   0   0   0   0   0   0   0   0   0   0   0   0   0   0   0   0   0   0   0   0   0   0  24  14  26  24  24  21  24  15  24  14  14  34  15  28  20  24  23  14  41  34  40  24  24  12  34  15  43  24  30  38  22  24  14  24  24  24  15  26  28  
 0   0   0   0   0   0   0   0   0   0   0   0   0   0   0   0   0   0   0   0   0   0   0   0   0   0   0   0   0   0   0   0   0   0   0   0   0   0   0   0   0   0   0  34  21  24  24  24  24  24  34  25  17  24  29  34  24  24  24  24  24  24  24  19  24  24  24  29  26  22  29  24  24  24  24  24  24  24  24  14  29  
 0   0   0   0   0   0   0   0   0   0   0   0   0   0   0   0   0   0   0   0   0   0   0   0   0   0   0   0   0   0   0   0   0   0   0   0   0   0   0   0   0   0   0   0  24  19  24  24  24  22   6  14  14  26  19  22  16  21  24  17  34  29  21  24  24  24  36  19  42  16  24  24  22  32  22  24  24  37  24  34  22  
 0   0   0   0   0   0   0   0   0   0   0   0   0   0   0   0   0   0   0   0   0   0   0   0   0   0   0   0   0   0   0   0   0   0   0   0   0   0   0   0   0   0   0   0   0  24  22  24  24  31  24  29  24  24  24  20  28  22  26  24  20  20  24  24  24  24  24  24  24  24  26  26  24  24  26  22  24  24  24  26  18  
 0   0   0   0   0   0   0   0   0   0   0   0   0   0   0   0   0   0   0   0   0   0   0   0   0   0   0   0   0   0   0   0   0   0   0   0   0   0   0   0   0   0   0   0   0   0  24  24  24  34  24  24  14  24   9  31  34  19  34  11  34  37  19  24  32  34  24  26  24  14  24  24  24  24   6  24  24  29  24  24  32  
 0   0   0   0   0   0   0   0   0   0   0   0   0   0   0   0   0   0   0   0   0   0   0   0   0   0   0   0   0   0   0   0   0   0   0   0   0   0   0   0   0   0   0   0   0   0   0  24  24  24  24  30  24  24  24  24  24  22  24  24  24  22  24  24  24  24  24  24  24  24  30  28  26  24  26  22  24  24  20  24  22  
 0   0   0   0   0   0   0   0   0   0   0   0   0   0   0   0   0   0   0   0   0   0   0   0   0   0   0   0   0   0   0   0   0   0   0   0   0   0   0   0   0   0   0   0   0   0   0   0  24  18  27  30  17  24  24  32  17  24  28  23  24  18  24  24  19  17  23  25  31  30  24  34  24  23  25  24  24  24  17  30  22  
 0   0   0   0   0   0   0   0   0   0   0   0   0   0   0   0   0   0   0   0   0   0   0   0   0   0   0   0   0   0   0   0   0   0   0   0   0   0   0   0   0   0   0   0   0   0   0   0   0  24  22  24  24  24  24  24  24  24  24  22  22  24  24  22  24  24  24  26  24  24  24  26  24  24  24  26  24  24  24  24  24  
 0   0   0   0   0   0   0   0   0   0   0   0   0   0   0   0   0   0   0   0   0   0   0   0   0   0   0   0   0   0   0   0   0   0   0   0   0   0   0   0   0   0   0   0   0   0   0   0   0   0  24  30  34   8  25  24  14  26  14  32  14  27  33  24  18   5  26  15  33  40  26  33  22  24  34  24  24  24  15  27  22  
 0   0   0   0   0   0   0   0   0   0   0   0   0   0   0   0   0   0   0   0   0   0   0   0   0   0   0   0   0   0   0   0   0   0   0   0   0   0   0   0   0   0   0   0   0   0   0   0   0   0   0  24  24  16  24  22  17  24  28  22  25  27  14  22  24  21  24  25  32  16  21  23  24  32  32  26  24  32  24  34  30  
 0   0   0   0   0   0   0   0   0   0   0   0   0   0   0   0   0   0   0   0   0   0   0   0   0   0   0   0   0   0   0   0   0   0   0   0   0   0   0   0   0   0   0   0   0   0   0   0   0   0   0   0  12  34  24  24  24  26  24  14  34  32  34  24  30  24  34  24  36  16  18  20  22  24  12  26  24  24  28  18  26  
 0   0   0   0   0   0   0   0   0   0   0   0   0   0   0   0   0   0   0   0   0   0   0   0   0   0   0   0   0   0   0   0   0   0   0   0   0   0   0   0   0   0   0   0   0   0   0   0   0   0   0   0   0  38  19  28  23  24  41   4  44  20  34  19  24  27  34  29  43  12  29  31  24  20   8  24  24  24  17  24  29  
 0   0   0   0   0   0   0   0   0   0   0   0   0   0   0   0   0   0   0   0   0   0   0   0   0   0   0   0   0   0   0   0   0   0   0   0   0   0   0   0   0   0   0   0   0   0   0   0   0   0   0   0   0   0  24  28  20  24  24  34  14  28   6  24  24  24  14  24  22  16  17  24  24  36  38  24  24  32  24  24  24  
 0   0   0   0   0   0   0   0   0   0   0   0   0   0   0   0   0   0   0   0   0   0   0   0   0   0   0   0   0   0   0   0   0   0   0   0   0   0   0   0   0   0   0   0   0   0   0   0   0   0   0   0   0   0   0  24  39  19  34  19  34  38  23  34  24  25  24   0  33  14  28  33  24  24  14  24  24  29  15  24  19  
 0   0   0   0   0   0   0   0   0   0   0   0   0   0   0   0   0   0   0   0   0   0   0   0   0   0   0   0   0   0   0   0   0   0   0   0   0   0   0   0   0   0   0   0   0   0   0   0   0   0   0   0   0   0   0   0  40  24  24  24  20  28  32  24  24  24  24  17  16  32  24  24  24  20  12  24  24  16  24  34  20  
 0   0   0   0   0   0   0   0   0   0   0   0   0   0   0   0   0   0   0   0   0   0   0   0   0   0   0   0   0   0   0   0   0   0   0   0   0   0   0   0   0   0   0   0   0   0   0   0   0   0   0   0   0   0   0   0   0  24  21  26  19  20  28  19  24   7  32  30  39  26  24  31  24  28  54  24  24  32  17  24  29  
 0   0   0   0   0   0   0   0   0   0   0   0   0   0   0   0   0   0   0   0   0   0   0   0   0   0   0   0   0   0   0   0   0   0   0   0   0   0   0   0   0   0   0   0   0   0   0   0   0   0   0   0   0   0   0   0   0   0  24  31  24  27  19  24  24  24  22  19  24  24  26  24  28  24  26  22  24  29  24  24  24  
 0   0   0   0   0   0   0   0   0   0   0   0   0   0   0   0   0   0   0   0   0   0   0   0   0   0   0   0   0   0   0   0   0   0   0   0   0   0   0   0   0   0   0   0   0   0   0   0   0   0   0   0   0   0   0   0   0   0   0  34  13  26  23  24  24  21  24  25  17  34  24  18  26  24  34  24  24  24  31  22  20  
 0   0   0   0   0   0   0   0   0   0   0   0   0   0   0   0   0   0   0   0   0   0   0   0   0   0   0   0   0   0   0   0   0   0   0   0   0   0   0   0   0   0   0   0   0   0   0   0   0   0   0   0   0   0   0   0   0   0   0   0  42  27  47  22  33  34  43  32  34  14  24  26  22  23   5  26  24  19  24  24  31  
 0   0   0   0   0   0   0   0   0   0   0   0   0   0   0   0   0   0   0   0   0   0   0   0   0   0   0   0   0   0   0   0   0   0   0   0   0   0   0   0   0   0   0   0   0   0   0   0   0   0   0   0   0   0   0   0   0   0   0   0   0  21  17  22  24  17  14  20  14  34  27  26  24  24  44  26  18  24  24  24  16  
 0   0   0   0   0   0   0   0   0   0   0   0   0   0   0   0   0   0   0   0   0   0   0   0   0   0   0   0   0   0   0   0   0   0   0   0   0   0   0   0   0   0   0   0   0   0   0   0   0   0   0   0   0   0   0   0   0   0   0   0   0   0  23  24  10  36  24  38  15  30  20  17  24  20  38  22  24  19  33  32  11  
 0   0   0   0   0   0   0   0   0   0   0   0   0   0   0   0   0   0   0   0   0   0   0   0   0   0   0   0   0   0   0   0   0   0   0   0   0   0   0   0   0   0   0   0   0   0   0   0   0   0   0   0   0   0   0   0   0   0   0   0   0   0   0  29  24  30   6  24  13  16  12  15  24  32  34  24  24  37  33  24  27  
 0   0   0   0   0   0   0   0   0   0   0   0   0   0   0   0   0   0   0   0   0   0   0   0   0   0   0   0   0   0   0   0   0   0   0   0   0   0   0   0   0   0   0   0   0   0   0   0   0   0   0   0   0   0   0   0   0   0   0   0   0   0   0   0  24  24  24  36  24  24  29  26  24  24  24  26  24  24  24  24  29  
 0   0   0   0   0   0   0   0   0   0   0   0   0   0   0   0   0   0   0   0   0   0   0   0   0   0   0   0   0   0   0   0   0   0   0   0   0   0   0   0   0   0   0   0   0   0   0   0   0   0   0   0   0   0   0   0   0   0   0   0   0   0   0   0   0  24  25  23  24  30  24  24  24  25  31  24  24  24  24  30  15  
 0   0   0   0   0   0   0   0   0   0   0   0   0   0   0   0   0   0   0   0   0   0   0   0   0   0   0   0   0   0   0   0   0   0   0   0   0   0   0   0   0   0   0   0   0   0   0   0   0   0   0   0   0   0   0   0   0   0   0   0   0   0   0   0   0   0  24  15  40  34  30  40  24  24  34  24  24  24   8  24  27  
 0   0   0   0   0   0   0   0   0   0   0   0   0   0   0   0   0   0   0   0   0   0   0   0   0   0   0   0   0   0   0   0   0   0   0   0   0   0   0   0   0   0   0   0   0   0   0   0   0   0   0   0   0   0   0   0   0   0   0   0   0   0   0   0   0   0   0  25  14  24  24  24  26  23  27  24  24  24  24  24  27  
 0   0   0   0   0   0   0   0   0   0   0   0   0   0   0   0   0   0   0   0   0   0   0   0   0   0   0   0   0   0   0   0   0   0   0   0   0   0   0   0   0   0   0   0   0   0   0   0   0   0   0   0   0   0   0   0   0   0   0   0   0   0   0   0   0   0   0   0  33  24  28  31  24  25  23  22  18  29  15  24  18  
 0   0   0   0   0   0   0   0   0   0   0   0   0   0   0   0   0   0   0   0   0   0   0   0   0   0   0   0   0   0   0   0   0   0   0   0   0   0   0   0   0   0   0   0   0   0   0   0   0   0   0   0   0   0   0   0   0   0   0   0   0   0   0   0   0   0   0   0   0  34  15   8  24  16  26  24  24  16  40  24  24  
 0   0   0   0   0   0   0   0   0   0   0   0   0   0   0   0   0   0   0   0   0   0   0   0   0   0   0   0   0   0   0   0   0   0   0   0   0   0   0   0   0   0   0   0   0   0   0   0   0   0   0   0   0   0   0   0   0   0   0   0   0   0   0   0   0   0   0   0   0   0  24  24  24  32  22  24  24  32  24  18  24  
 0   0   0   0   0   0   0   0   0   0   0   0   0   0   0   0   0   0   0   0   0   0   0   0   0   0   0   0   0   0   0   0   0   0   0   0   0   0   0   0   0   0   0   0   0   0   0   0   0   0   0   0   0   0   0   0   0   0   0   0   0   0   0   0   0   0   0   0   0   0   0  11  22  24  22  26  24  24  37  24  24  
 0   0   0   0   0   0   0   0   0   0   0   0   0   0   0   0   0   0   0   0   0   0   0   0   0   0   0   0   0   0   0   0   0   0   0   0   0   0   0   0   0   0   0   0   0   0   0   0   0   0   0   0   0   0   0   0   0   0   0   0   0   0   0   0   0   0   0   0   0   0   0   0  26  24  24  22  24  24  44  22  27  
 0   0   0   0   0   0   0   0   0   0   0   0   0   0   0   0   0   0   0   0   0   0   0   0   0   0   0   0   0   0   0   0   0   0   0   0   0   0   0   0   0   0   0   0   0   0   0   0   0   0   0   0   0   0   0   0   0   0   0   0   0   0   0   0   0   0   0   0   0   0   0   0   0  24  22  26  24  24  24  26  24  
 0   0   0   0   0   0   0   0   0   0   0   0   0   0   0   0   0   0   0   0   0   0   0   0   0   0   0   0   0   0   0   0   0   0   0   0   0   0   0   0   0   0   0   0   0   0   0   0   0   0   0   0   0   0   0   0   0   0   0   0   0   0   0   0   0   0   0   0   0   0   0   0   0   0  21  24  24  16  24  24  25  
 0   0   0   0   0   0   0   0   0   0   0   0   0   0   0   0   0   0   0   0   0   0   0   0   0   0   0   0   0   0   0   0   0   0   0   0   0   0   0   0   0   0   0   0   0   0   0   0   0   0   0   0   0   0   0   0   0   0   0   0   0   0   0   0   0   0   0   0   0   0   0   0   0   0   0  26  24  16  24  24  33  
 0   0   0   0   0   0   0   0   0   0   0   0   0   0   0   0   0   0   0   0   0   0   0   0   0   0   0   0   0   0   0   0   0   0   0   0   0   0   0   0   0   0   0   0   0   0   0   0   0   0   0   0   0   0   0   0   0   0   0   0   0   0   0   0   0   0   0   0   0   0   0   0   0   0   0   0  24  24  24  24  22  
 0   0   0   0   0   0   0   0   0   0   0   0   0   0   0   0   0   0   0   0   0   0   0   0   0   0   0   0   0   0   0   0   0   0   0   0   0   0   0   0   0   0   0   0   0   0   0   0   0   0   0   0   0   0   0   0   0   0   0   0   0   0   0   0   0   0   0   0   0   0   0   0   0   0   0   0   0  24  24  24  24  
 0   0   0   0   0   0   0   0   0   0   0   0   0   0   0   0   0   0   0   0   0   0   0   0   0   0   0   0   0   0   0   0   0   0   0   0   0   0   0   0   0   0   0   0   0   0   0   0   0   0   0   0   0   0   0   0   0   0   0   0   0   0   0   0   0   0   0   0   0   0   0   0   0   0   0   0   0   0  24  24  24  
 0   0   0   0   0   0   0   0   0   0   0   0   0   0   0   0   0   0   0   0   0   0   0   0   0   0   0   0   0   0   0   0   0   0   0   0   0   0   0   0   0   0   0   0   0   0   0   0   0   0   0   0   0   0   0   0   0   0   0   0   0   0   0   0   0   0   0   0   0   0   0   0   0   0   0   0   0   0   0  24  24  
 0   0   0   0   0   0   0   0   0   0   0   0   0   0   0   0   0   0   0   0   0   0   0   0   0   0   0   0   0   0   0   0   0   0   0   0   0   0   0   0   0   0   0   0   0   0   0   0   0   0   0   0   0   0   0   0   0   0   0   0   0   0   0   0   0   0   0   0   0   0   0   0   0   0   0   0   0   0   0   0  24  
 0   0   0   0   0   0   0   0   0   0   0   0   0   0   0   0   0   0   0   0   0   0   0   0   0   0   0   0   0   0   0   0   0   0   0   0   0   0   0   0   0   0   0   0   0   0   0   0   0   0   0   0   0   0   0   0   0   0   0   0   0   0   0   0   0   0   0   0   0   0   0   0   0   0   0   0   0   0   0   0   0  
