81

   0     6    20    36    46    36    42    40    48    85    82    84    83    86    83    90    90    87    90    89    82    82    81    87    90    81    81   113   123   123   128   128   122   129   130   123   130   130   126   125   121   128   126   126   125   124   124   122   127   122   123   124   121   125   122   129   129   125   128   121   119   127   125   126   124   121   125   125   121   124   122   124   122   127   126   123   122   129   123   123   125  
   6     0     7    48    46    43    46    41    49    76    90    83    86    90    86    85    79    88    85    87    86    84    90    86    83    84    81   130   128   123   126   128   129   127   125   124   128   130   123   130   123   126   126   130   124   127   122   127   124   124   121   123   124   124   127   124   122   126   130   122   126   125   128   128   126   130   122   130   124   128   128   123   126   123   123   128   121   127   123   127   127  
  20     7     0    50    40    28    37    39    41    90    87    86    88    84    87    89    86    85    88    81    87    90    88    83    80    90    84   126   129   122   128   122   122   130   127   128   121   121   127   122   121   130   121   128   124   124   122   130   125   124   122   127   130   124   130   126   127   130   123   121   129   121   123   124   122   124   128   128   122   121   121   124   124   122   121   127   122   124   121   127   124  
  36    48    50     0    20     6    34    41    50    81    82    83    84    86    83    89    89    88    89    89    82    85    87    84    86    83    81   127   122   129   122   127   126   124   128   128   128   123   122   127   126   127   122   122   121   124   119   128   130   129   130   124   128   129   127   122   122   123   125   121   130   129   129   128   126   128   129   116   130   121   129   124   127   127   130   123   129   121   124   114   126  
  46    46    40    20     0     3    46    43    49    90    83    85    84    90    89    86    81    87    90    88    80    89    82    89    90    83    82   128   126   114   122   124   124   123   124   123   127   128   121   122   114   122   122   127   124   125   125   125   121   126   129   122   122   128   118   124   127   124   127   123   126   124   130   129   126   122   123   126   129   123   122   126   122   127   125   123   119   127   124   130   125  
  36    43    28     6     3     0    42    44    43    84    79    90    81    82    87    85    83    85    85    89    88    89    83    87    83    85    82   121   128   126   127   126   122   127   118   125   126   129   126   125   124   122   125   121   130   122   124   124   129   121   127   123   120   123   122   125   126   129   127   123   124   123   125   122   126   126   122   130   128   126   123   130   125   122   123   124   124   129   124   123   128  
  42    46    37    34    46    42     0    13    11    87    85    88    85    80    90    85    84    86    84    85    82    81    83    90    84    83    87   127   123   127   121   122   125   128   123   121   124   121   130   130   121   127   128   125   122   123   119   122   127   128   121   128   128   128   124   122   124   124   128   126   128   127   127   124   123   130   129   127   127   121   123   126   127   127   124   130   124   127   129   121   124  
  40    41    39    41    43    44    13     0     7    89    89    88    85    85    74    82    89    82    90    87    89    87    83    72    85    88    81   125   123   130   129   121   127   126   128   129   127   124   124   125   127   122   124   124   130   118   123   124   124   129   129   126   129   121   123   124   124   123   123   127   124   123   127   122   129   117   128   122   124   121   129   126   126   126   121   127   123   125   125   129   128  
  48    49    41    50    49    43    11     7     0    83    85    84    75    78    84    89    84    89    85    89    82    81    90    87    87    86    85   121   126   129   125   124   127   129   122   124   128   125   129   129   123   127   124   125   124   128   127   130   125   121   128   121   127   125   128   127   121   121   129   123   122   128   124   128   123   126   123   130   122   126   126   125   115   130   130   125   128   122   124   130   122  
  85    76    90    81    90    84    87    89    83     0     9     3    48    45    38    46    35    36    86    81    85    85    84    88    85    86    86   126   122   127   122   127   128   128   125   130   121   121   127   126   123   130   124   130   122   129   121   121   121   125   125   130   123   130   127   125   128   127   122   122   125   125   123   129   126   123   124   124   121   125   128   130   130   128   127   124   128   127   124   128   128  
  82    90    87    82    83    79    85    89    85     9     0    13    50    43    48    38    35    43    86    81    85    80    89    84    81    89    89   124   126   130   130   124   126   128   122   123   121   122   121   124   127   123   121   126   129   126   121   121   129   127   130   126   121   125   124   128   127   128   130   124   123   125   122   126   122   124   128   130   129   121   121   127   127   127   122   121   126   130   128   126   121  
  84    83    86    83    85    90    88    88    84     3    13     0    44    43    44    41    40    42    90    82    88    87    87    82    86    82    81   122   128   130   129   130   127   127   129   125   123   122   123   119   121   123   124   124   125   130   121   128   129   124   125   125   128   128   121   125   125   121   123   125   122   126   127   130   125   124   126   122   121   122   124   127   122   124   122   121   121   127   127   122   121  
  83    86    88    84    84    81    85    85    75    48    50    44     0    10     5    32    45    42    86    84    84    83    89    86    84    87    87   127   129   126   130   127   125   128   123   126   128   122   127   125   124   127   124   129   129   130   129   126   127   128   123   128   121   125   129   121   129   124   128   126   126   129   128   122   127   126   129   126   127   125   123   124   127   129   123   126   130   122   128   128   124  
  86    90    84    86    90    82    80    85    78    45    43    43    10     0     5    46    48    43    90    87    81    87    83    86    84    82    90   127   129   123   121   127   127   130   124   123   126   127   124   129   124   128   122   122   129   125   129   128   127   121   129   117   116   125   129   112   130   122   121   126   122   129   124   127   124   130   121   127   128   129   123   126   126   122   124   121   126   122   126   128   123  
  83    86    87    83    89    87    90    74    84    38    48    44     5     5     0    35    43    38    84    89    90    87    87    86    88    90    82   128   124   127   128   130   129   129   129   129   122   130   126   128   125   128   128   130   123   125   123   123   124   123   123   125   128   124   124   122   127   125   125   128   130   124   126   121   126   127   122   121   130   127   129   129   123   125   124   129   123   121   127   129   130  
  90    85    89    89    86    85    85    82    89    46    38    41    32    46    35     0    15    17    85    87    90    87    87    85    90    87    74   118   121   129   128   122   122   126   123   124   124   128   129   119   127   123   128   130   128   123   126   125   127   126   121   126   123   121   124   121   129   124   123   120   127   128   124   121   130   129   129   123   121   127   124   122   127   122   130   127   130   124   126   129   130  
  90    79    86    89    81    83    84    89    84    35    35    40    45    48    43    15     0    15    73    81    84    89    83    86    79    86    82   124   129   115   122   129   124   123   126   121   126   124   129   124   121   129   123   125   125   126   123   130   125   125   130   123   130   127   121   129   127   124   129   130   125   129   121   121   124   127   123   123   124   128   124   121   130   125   126   124   125   127   123   130   121  
  87    88    85    88    87    85    86    82    89    36    43    42    42    43    38    17    15     0    81    85    81    86    89    86    88    81    83   129   126   123   125   126   129   124   123   127   122   124   125   130   123   123   128   121   122   124   122   130   126   126   125   121   130   122   124   129   122   124   124   125   125   121   124   121   125   124   125   129   121   124   127   123   121   130   130   126   123   127   128   123   122  
  90    85    88    89    90    85    84    90    85    86    86    90    86    90    84    85    73    81     0    13     2    34    46    48    50    50    49   121   123   121   130   130   127   130   125   126   122   125   126   128   124   124   123   130   125   129   127   127   123   127   130   124   121   127   123   122   124   129   122   122   123   126   124   130   123   124   125   121   121   122   123   119   121   123   125   125   123   124   126   129   123  
  89    87    81    89    88    89    85    87    89    81    81    82    84    87    89    87    81    85    13     0     8    41    42    33    47    50    49   124   128   122   125   129   127   124   121   128   126   127   127   125   125   129   121   122   130   130   123   127   123   128   127   121   126   126   127   128   123   125   123   122   128   127   128   125   127   125   126   129   128   124   130   127   130   123   117   129   126   129   123   119   121  
  82    86    87    82    80    88    82    89    82    85    85    88    84    81    90    90    84    81     2     8     0    46    50    43    50    44    47   121   121   124   129   122   125   126   121   124   126   128   121   129   126   126   123   130   122   126   127   130   117   124   119   129   124   123   130   114   124   127   126   123   128   125   127   126   122   129   129   125   122   127   123   130   124   127   118   123   129   129   126   130   123  
  82    84    90    85    89    89    81    87    81    85    80    87    83    87    87    87    89    86    34    41    46     0    17    19    45    46    44   121   123   129   125   127   128   121   125   129   122   122   122   125   128   121   125   121   122   127   127   130   127   125   126   126   126   121   127   121   130   124   126   123   125   129   121   129   124   125   124   121   126   123   128   125   126   128   129   129   127   129   122   127   130  
  81    90    88    87    82    83    83    83    90    84    89    87    89    83    87    87    83    89    46    42    50    17     0    18    46    46    50   121   128   122   121   123   121   129   121   128   123   121   129   129   127   130   123   127   122   127   123   130   127   122   129   122   127   128   129   121   126   122   123   128   128   128   128   126   125   122   122   121   125   129   122   130   127   123   126   127   129   130   121   130   125  
  87    86    83    84    89    87    90    72    87    88    84    82    86    86    86    85    86    86    48    33    43    19    18     0    43    42    45   124   128   126   127   124   130   128   129   128   126   128   130   124   121   121   116   124   122   124   130   125   128   124   129   125   126   128   123   122   128   121   126   123   129   122   125   121   129   128   130   126   126   130   122   125   125   122   127   123   123   129   117   126   129  
  90    83    80    86    90    83    84    85    87    85    81    86    84    84    88    90    79    88    50    47    50    45    46    43     0     8     4   121   125   127   122   121   128   120   126   125   125   122   121   125   126   121   121   121   125   124   129   128   122   127   125   129   127   127   128   123   122   127   122   127   121   116   129   129   129   128   123   126   124   126   121   128   128   130   126   124   121   122   123   130   124  
  81    84    90    83    83    85    83    88    86    86    89    82    87    82    90    87    86    81    50    50    44    46    46    42     8     0     5   125   126   129   122   125   127   125   127   122   126   120   123   124   124   127   124   119   130   123   126   128   122   129   128   129   123   123   130   127   127   124   126   125   118   129   122   129   123   125   123   122   127   126   130   126   125   123   130   127   128   117   128   126   129  
  81    81    84    81    82    82    87    81    85    86    89    81    87    90    82    74    82    83    49    49    47    44    50    45     4     5     0   125   123   124   121   129   123   126   121   122   122   128   128   128   123   129   123   130   126   123   128   121   124   129   127   121   124   130   123   128   129   122   130   127   121   129   123   126   130   129   130   124   124   124   122   123   122   123   123   123   124   127   130   129   127  
 113   130   126   127   128   121   127   125   121   126   124   122   127   127   128   118   124   129   121   124   121   121   121   124   121   125   125     0     8    16    43    41    45    24    46    44    87    81    81    72    86    86    83    83    86    89    82    84    75    86    85    83    81    82   124   130   117   122   122   126   121   122   129   123   123   121   127   127   124   122   123   126   121   129   121   121   129   122   127   130   130  
 123   128   129   122   126   128   123   123   126   122   126   128   129   129   124   121   129   126   123   128   121   123   128   128   125   126   123     8     0    18    44    47    47    44    40    49    86    83    83    90    79    89    88    85    82    86    81    83    81    83    89    83    87    83   121   122   125   130   121   126   125   124   130   112   127   124   128   125   121   127   127   126   129   121   128   121   127   127   123   127   130  
 123   123   122   129   114   126   127   130   129   127   130   130   126   123   127   129   115   123   121   122   124   129   122   126   127   129   124    16    18     0    44    48    50    44    44    43    85    84    87    86    82    88    89    86    89    84    77    83    90    89    83    89    83    87   118   129   130   113   127   124   127   124   129   122   124   124   124   122   128   128   119   121   122   121   130   130   123   130   116   128   126  
 128   126   128   122   122   127   121   129   125   122   130   129   130   121   128   128   122   125   130   125   129   125   121   127   122   122   121    43    44    44     0    13     5    45    41    50    90    86    81    84    82    88    81    88    87    85    81    81    82    88    86    85    81    83   122   130   122   126   126   121   129   125   121   126   129   129   129   123   130   123   126   121   128   128   115   129   125   121   121   120   129  
 128   128   122   127   124   126   122   121   124   127   124   130   127   127   130   122   129   126   130   129   122   127   123   124   121   125   129    41    47    48    13     0    10    42    42    42    88    90    85    88    82    88    90    85    82    82    86    74    87    90    87    82    81    82   122   126   122   129   123   128   123   128   123   129   122   126   124   126   129   129   123   124   123   127   130   129   126   126   124   121   126  
 122   129   122   126   124   122   125   127   127   128   126   127   125   127   129   122   124   129   127   127   125   128   121   130   128   127   123    45    47    50     5    10     0    43    45    41    83    89    82    90    90    87    86    80    70    87    90    86    87    87    82    81    74    83   126   121   129   125   126   122   122   127   127   127   121   118   129   124   128   125   130   121   127   115   124   126   124   123   122   124   130  
 129   127   130   124   123   127   128   126   129   128   128   127   128   130   129   126   123   124   130   124   126   121   129   128   120   125   126    24    44    44    45    42    43     0    18     4    82    81    90    90    88    81    86    85    85    79    81    84    86    88    82    81    83    85   126   129   128   123   122   125   121   125   129   125   128   123   124   125   126   127   130   121   129   124   124   129   121   128   118   124   128  
 130   125   127   128   124   118   123   128   122   125   122   129   123   124   129   123   126   123   125   121   121   125   121   129   126   127   121    46    40    44    41    42    45    18     0     1    90    84    88    81    89    84    86    81    84    87    83    82    79    89    82    90    88    84   127   126   128   124   130   125   123   123   127   121   122   121   124   121   129   121   130   125   125   130   129   121   121   123   128   126   116  
 123   124   128   128   123   125   121   129   124   130   123   125   126   123   129   124   121   127   126   128   124   129   128   128   125   122   122    44    49    43    50    42    41     4     1     0    83    88    84    83    90    83    83    87    90    86    82    77    81    85    88    82    82    76   129   129   125   124   121   129   128   129   126   123   125   125   125   127   126   126   125   122   126   122   121   124   124   127   122   128   130  
 130   128   121   128   127   126   124   127   128   121   121   123   128   126   122   124   126   122   122   126   126   122   123   126   125   126   122    87    86    85    90    88    83    82    90    83     0    17    12    41    37    42    44    42    42    88    84    85    81    83    82    89    83    81   127   127   124   127   127   124   122   126   125   126   130   123   130   128   127   124   125   124   122   123   128   122   129   126   122   118   129  
 130   130   121   123   128   129   121   124   125   121   122   122   122   127   130   128   124   124   125   127   128   122   121   128   122   120   128    81    83    84    86    90    89    81    84    88    17     0     8    50    41    50    50    48    42    81    79    86    90    87    83    88    87    85   123   125   127   127   130   130   126   128   121   113   123   130   117   129   126   125   125   122   126   127   126   127   130   125   127   128   125  
 126   123   127   122   121   126   130   124   129   127   121   123   127   124   126   129   129   125   126   127   121   122   129   130   121   123   128    81    83    87    81    85    82    90    88    84    12     8     0    37    42    42    47    44    43    81    90    90    90    89    86    85    88    87   122   121   129   121   129   129   126   129   126   123   124   128   121   124   130   127   122   125   121   120   129   127   126   125   121   126   127  
 125   130   122   127   122   125   130   125   129   126   124   119   125   129   128   119   124   130   128   125   129   125   129   124   125   124   128    72    90    86    84    88    90    90    81    83    41    50    37     0    10     1    49    43    43    85    82    90    79    86    86    82    88    85   121   126   129   123   124   123   127   123   126   124   129   130   128   130   129   121   125   128   130   128   127   128   123   126   125   124   122  
 121   123   121   126   114   124   121   127   123   123   127   121   124   124   125   127   121   123   124   125   126   128   127   121   126   124   123    86    79    82    82    82    90    88    89    90    37    41    42    10     0    15    43    45    46    90    83    90    84    85    83    87    82    77   124   128   124   128   130   124   121   123   124   127   128   129   125   125   129   127   130   124   125   130   122   128   121   125   123   126   121  
 128   126   130   127   122   122   127   122   127   130   123   123   127   128   128   123   129   123   124   129   126   121   130   121   121   127   129    86    89    88    88    88    87    81    84    83    42    50    42     1    15     0    47    44    49    86    81    86    82    87    89    89    88    81   125   124   126   125   129   121   123   126   115   117   121   124   125   130   129   127   124   121   124   124   129   126   122   125   125   127   121  
 126   126   121   122   122   125   128   124   124   124   121   124   124   122   128   128   123   128   123   121   123   125   123   116   121   124   123    83    88    89    81    90    86    86    86    83    44    50    47    49    43    47     0    19     1    80    81    89    89    90    90    88    86    84   128   127   127   127   128   124   121   125   121   128   124   125   124   127   123   130   121   129   130   122   128   122   123   121   124   128   125  
 126   130   128   122   127   121   125   124   125   130   126   124   129   122   130   130   125   121   130   122   130   121   127   124   121   119   130    83    85    86    88    85    80    85    81    87    42    48    44    43    45    44    19     0     7    87    81    89    88    86    87    84    84    88   126   129   126   128   127   124   126   126   127   128   125   130   129   128   130   124   129   130   123   126   122   123   123   130   121   129   130  
 125   124   124   121   124   130   122   130   124   122   129   125   129   129   123   128   125   122   125   130   122   122   122   122   125   130   126    86    82    89    87    82    70    85    84    90    42    42    43    43    46    49     1     7     0    78    85    79    81    89    81    88    90    85   121   129   128   126   121   121   122   128   122   127   122   123   123   130   121   127   123   122   124   122   130   122   127   124   127   125   124  
 124   127   124   124   125   122   123   118   128   129   126   130   130   125   125   123   126   124   129   130   126   127   127   124   124   123   123    89    86    84    85    82    87    79    87    86    88    81    81    85    90    86    80    87    78     0    15    18    44    36    48    49    49    49   121   124   122   126   130   124   121   124   129   130   124   122   130   116   128   127   125   123   130   127   129   128   130   130   126   128   126  
 124   122   122   119   125   124   119   123   127   121   121   121   129   129   123   126   123   122   127   123   127   127   123   130   129   126   128    82    81    77    81    86    90    81    83    82    84    79    90    82    83    81    81    81    85    15     0    17    46    42    38    49    50    33   126   127   124   122   122   124   122   122   128   125   125   125   122   128   126   122   123   130   130   127   128   126   129   130   122   121   122  
 122   127   130   128   125   124   122   124   130   121   121   128   126   128   123   125   130   130   127   127   130   130   130   125   128   128   121    84    83    83    81    74    86    84    82    77    85    86    90    90    90    86    89    89    79    18    17     0    43    43    47    32    49    49   125   123   129   124   123   126   128   125   115   124   121   123   123   123   126   128   122   121   129   127   130   128   124   126   125   124   122  
 127   124   125   130   121   129   127   124   125   121   129   129   127   127   124   127   125   126   123   123   117   127   127   128   122   122   124    75    81    90    82    87    87    86    79    81    81    90    90    79    84    82    89    88    81    44    46    43     0    12    11    44    39    41   128   129   128   130   129   124   129   125   127   124   122   126   128   128   121   127   126   125   130   128   122   127   121   126   126   124   123  
 122   124   124   129   126   121   128   129   121   125   127   124   128   121   123   126   125   126   127   128   124   125   122   124   127   129   129    86    83    89    88    90    87    88    89    85    83    87    89    86    85    87    90    86    89    36    42    43    12     0     3    49    46    45   122   130   117   125   128   129   124   129   130   130   125   125   122   121   124   123   122   123   125   127   126   130   129   128   122   123   126  
 123   121   122   130   129   127   121   129   128   125   130   125   123   129   123   121   130   125   130   127   119   126   129   129   125   128   127    85    89    83    86    87    82    82    82    88    82    83    86    86    83    89    90    87    81    48    38    47    11     3     0    37    46    47   124   128   130   113   117   130   123   128   122   129   124   124   129   127   130   126   130   128   130   127   122   124   117   125   129   129   123  
 124   123   127   124   122   123   128   126   121   130   126   125   128   117   125   126   123   121   124   121   129   126   122   125   129   129   121    83    83    89    85    82    81    81    90    82    89    88    85    82    87    89    88    84    88    49    49    32    44    49    37     0    12    12   121   127   130   129   124   124   124   129   130   125   127   126   130   125   125   127   130   123   122   122   122   126   126   122   128   130   121  
 121   124   130   128   122   120   128   129   127   123   121   128   121   116   128   123   130   130   121   126   124   126   127   126   127   123   124    81    87    83    81    81    74    83    88    82    83    87    88    88    82    88    86    84    90    49    50    49    39    46    46    12     0     3   122   130   124   126   124   130   129   124   129   127   125   127   127   130   128   123   126   126   124   121   130   123   122   122   121   128   129  
 125   124   124   129   128   123   128   121   125   130   125   128   125   125   124   121   127   122   127   126   123   121   128   128   127   123   130    82    83    87    83    82    83    85    84    76    81    85    87    85    77    81    84    88    85    49    33    49    41    45    47    12     3     0   130   130   126   123   127   130   130   122   129   121   111   121   122   121   124   121   123   127   129   122   126   123   122   129   124   127   116  
 122   127   130   127   118   122   124   123   128   127   124   121   129   129   124   124   121   124   123   127   130   127   129   123   128   130   123   124   121   118   122   122   126   126   127   129   127   123   122   121   124   125   128   126   121   121   126   125   128   122   124   121   122   130     0     2    18    45    45    41    42    50    35    83    89    86    85    85    86    89    85    88    89    90    84    81    84    87    87    85    83  
 129   124   126   122   124   125   122   124   127   125   128   125   121   112   122   121   129   129   122   128   114   121   121   122   123   127   128   130   122   129   130   126   121   129   126   129   127   125   121   126   128   124   127   129   129   124   127   123   129   130   128   127   130   130     2     0    12    38    46    31    36    47    44    85    90    90    88    81    82    90    87    82    84    81    87    89    85    83    83    89    88  
 129   122   127   122   127   126   124   124   121   128   127   125   129   130   127   129   127   122   124   123   124   130   126   128   122   127   129   117   125   130   122   122   129   128   128   125   124   127   129   129   124   126   127   126   128   122   124   129   128   117   130   130   124   126    18    12     0    47    38    46    43    45    49    81    81    82    82    84    81    84    88    83    86    83    83    82    85    85    81    86    89  
 125   126   130   123   124   129   124   123   121   127   128   121   124   122   125   124   124   124   129   125   127   124   122   121   127   124   122   122   130   113   126   129   125   123   124   124   127   127   121   123   128   125   127   128   126   126   122   124   130   125   113   129   126   123    45    38    47     0     1    17    41    47    50    86    84    84    90    83    84    86    82    81    82    88    84    82    81    89    89    87    72  
 128   130   123   125   127   127   128   123   129   122   130   123   128   121   125   123   129   124   122   123   126   126   123   126   122   126   130   122   121   127   126   123   126   122   130   121   127   130   129   124   130   129   128   127   121   130   122   123   129   128   117   124   124   127    45    46    38     1     0    15    46    48    44    87    90    90    83    85    89    82    82    81    90    86    81    89    84    82    82    90    83  
 121   122   121   121   123   123   126   127   123   122   124   125   126   126   128   120   130   125   122   122   123   123   128   123   127   125   127   126   126   124   121   128   122   125   125   129   124   130   129   123   124   121   124   124   121   124   124   126   124   129   130   124   130   130    41    31    46    17    15     0    48    47    46    90    90    86    84    90    90    88    84    84    90    87    82    84    85    90    84    83    82  
 119   126   129   130   126   124   128   124   122   125   123   122   126   122   130   127   125   125   123   128   128   125   128   129   121   118   121   121   125   127   129   123   122   121   123   128   122   126   126   127   121   123   121   126   122   121   122   128   129   124   123   124   129   130    42    36    43    41    46    48     0    19    13    85    89    87    84    83    87    87    89    84    85    81    81    79    84    83    84    88    83  
 127   125   121   129   124   123   127   123   128   125   125   126   129   129   124   128   129   121   126   127   125   129   128   122   116   129   129   122   124   124   125   128   127   125   123   129   126   128   129   123   123   126   125   126   128   124   122   125   125   129   128   129   124   122    50    47    45    47    48    47    19     0     6    88    88    84    84    81    85    78    83    81    90    85    88    84    85    88    82    87    83  
 125   128   123   129   130   125   127   127   124   123   122   127   128   124   126   124   121   124   124   128   127   121   128   125   129   122   123   129   130   129   121   123   127   129   127   126   125   121   126   126   124   115   121   127   122   129   128   115   127   130   122   130   129   129    35    44    49    50    44    46    13     6     0    88    88    86    83    90    86    78    85    83    83    89    86    89    87    83    89    84    89  
 126   128   124   128   129   122   124   122   128   129   126   130   122   127   121   121   121   121   130   125   126   129   126   121   129   129   126   123   112   122   126   129   127   125   121   123   126   113   123   124   127   117   128   128   127   130   125   124   124   130   129   125   127   121    83    85    81    86    87    90    85    88    88     0    17    12    42    41    48    44    49    45    86    87    82    90    89    90    89    84    90  
 124   126   122   126   126   126   123   129   123   126   122   125   127   124   126   130   124   125   123   127   122   124   125   129   129   123   130   123   127   124   129   122   121   128   122   125   130   123   124   129   128   121   124   125   122   124   125   121   122   125   124   127   125   111    89    90    81    84    90    90    89    88    88    17     0     2    43    42    44    46    45    49    87    82    88    82    83    82    76    88    84  
 121   130   124   128   122   126   130   117   126   123   124   124   126   130   127   129   127   124   124   125   129   125   122   128   128   125   129   121   124   124   129   126   118   123   121   125   123   130   128   130   129   124   125   130   123   122   125   123   126   125   124   126   127   121    86    90    82    84    90    86    87    84    86    12     2     0    43    40    47    41    43    42    90    85    90    90    88    88    87    87    82  
 125   122   128   129   123   122   129   128   123   124   128   126   129   121   122   129   123   125   125   126   129   124   122   130   123   123   130   127   128   124   129   124   129   124   124   125   130   117   121   128   125   125   124   129   123   130   122   123   128   122   129   130   127   122    85    88    82    90    83    84    84    84    83    42    43    43     0     4    19    44    46    47    88    83    81    84    87    84    81    87    81  
 125   130   128   116   126   130   127   122   130   124   130   122   126   127   121   123   123   129   121   129   125   121   121   126   126   122   124   127   125   122   123   126   124   125   121   127   128   129   124   130   125   130   127   128   130   116   128   123   128   121   127   125   130   121    85    81    84    83    85    90    83    81    90    41    42    40     4     0    20    43    41    45    87    83    74    89    86    85    83    89    90  
 121   124   122   130   129   128   127   124   122   121   129   121   127   128   130   121   124   121   121   128   122   126   125   126   124   127   124   124   121   128   130   129   128   126   129   126   127   126   130   129   129   129   123   130   121   128   126   126   121   124   130   125   128   124    86    82    81    84    89    90    87    85    86    48    44    47    19    20     0    37    46    47    82    86    84    85    84    88    78    81    82  
 124   128   121   121   123   126   121   121   126   125   121   122   125   129   127   127   128   124   122   124   127   123   129   130   126   126   124   122   127   128   123   129   125   127   121   126   124   125   127   121   127   127   130   124   127   127   122   128   127   123   126   127   123   121    89    90    84    86    82    88    87    78    78    44    46    41    44    43    37     0     5     7    81    83    86    87    86    81    81    85    88  
 122   128   121   129   122   123   123   129   126   128   121   124   123   123   129   124   124   127   123   130   123   128   122   122   121   130   122   123   127   119   126   123   130   130   130   125   125   125   122   125   130   124   121   129   123   125   123   122   126   122   130   130   126   123    85    87    88    82    82    84    89    83    85    49    45    43    46    41    46     5     0    19    83    84    90    86    89    82    84    86    84  
 124   123   124   124   126   130   126   126   125   130   127   127   124   126   129   122   121   123   119   127   130   125   130   125   128   126   123   126   126   121   121   124   121   121   125   122   124   122   125   128   124   121   129   130   122   123   130   121   125   123   128   123   126   127    88    82    83    81    81    84    84    81    83    45    49    42    47    45    47     7    19     0    90    87    88    83    81    82    85    90    87  
 122   126   124   127   122   125   127   126   115   130   127   122   127   126   123   127   130   121   121   130   124   126   127   125   128   125   122   121   129   122   128   123   127   129   125   126   122   126   121   130   125   124   130   123   124   130   130   129   130   125   130   122   124   129    89    84    86    82    90    90    85    90    83    86    87    90    88    87    82    81    83    90     0    13    19    41    42    49    41    43    49  
 127   123   122   127   127   122   127   126   130   128   127   124   129   122   125   122   125   130   123   123   127   128   123   122   130   123   123   129   121   121   128   127   115   124   130   122   123   127   120   128   130   124   122   126   122   127   127   127   128   127   127   122   121   122    90    81    83    88    86    87    81    85    89    87    82    85    83    83    86    83    84    87    13     0    13    42    42    47    40    46    38  
 126   123   121   130   125   123   124   121   130   127   122   122   123   124   124   130   126   130   125   117   118   129   126   127   126   130   123   121   128   130   115   130   124   124   129   121   128   126   129   127   122   129   128   122   130   129   128   130   122   126   122   122   130   126    84    87    83    84    81    82    81    88    86    82    88    90    81    74    84    86    90    88    19    13     0    48    43    44    47    50    45  
 123   128   127   123   123   124   130   127   125   124   121   121   126   121   129   127   124   126   125   129   123   129   127   123   124   127   123   121   121   130   129   129   126   129   121   124   122   127   127   128   128   126   122   123   122   128   126   128   127   130   124   126   123   123    81    89    82    82    89    84    79    84    89    90    82    90    84    89    85    87    86    83    41    42    48     0    18     5    41    44    47  
 122   121   122   129   119   124   124   123   128   128   126   121   130   126   123   130   125   123   123   126   129   127   129   123   121   128   124   129   127   123   125   126   124   121   121   124   129   130   126   123   121   122   123   123   127   130   129   124   121   129   117   126   122   122    84    85    85    81    84    85    84    85    87    89    83    88    87    86    84    86    89    81    42    42    43    18     0    20    48    50    42  
 129   127   124   121   127   129   127   125   122   127   130   127   122   122   121   124   127   127   124   129   129   129   130   129   122   117   127   122   127   130   121   126   123   128   123   127   126   125   125   126   125   125   121   130   124   130   130   126   126   128   125   122   122   129    87    83    85    89    82    90    83    88    83    90    82    88    84    85    88    81    82    82    49    47    44     5    20     0    39    36    47  
 123   123   121   124   124   124   129   125   124   124   128   127   128   126   127   126   123   128   126   123   126   122   121   117   123   128   130   127   123   116   121   124   122   118   128   122   122   127   121   125   123   125   124   121   127   126   122   125   126   122   129   128   121   124    87    83    81    89    82    84    84    82    89    89    76    87    81    83    78    81    84    85    41    40    47    41    48    39     0     8     3  
 123   127   127   114   130   123   121   129   130   128   126   122   128   128   129   129   130   123   129   119   130   127   130   126   130   126   129   130   127   128   120   121   124   124   126   128   118   128   126   124   126   127   128   129   125   128   121   124   124   123   129   130   128   127    85    89    86    87    90    83    88    87    84    84    88    87    87    89    81    85    86    90    43    46    50    44    50    36     8     0     3  
 125   127   124   126   125   128   124   128   122   128   121   121   124   123   130   130   121   122   123   121   123   130   125   129   124   129   127   130   130   126   129   126   130   128   116   130   129   125   127   122   121   121   125   130   124   126   122   122   123   126   123   121   129   116    83    88    89    72    83    82    83    83    89    90    84    82    81    90    82    88    84    87    49    38    45    47    42    47     3     3     0  

 410   681   537   424   680   939   972   296   276   157   919   664   182   959   182   331   925   788   315    26   579   386   492    54    58   771   862   948   822   191   739    86   518   954    28   789   451   208   793   835   508   409   461   759   152   729   346   977    16   436   165   447   878   930   903   575   174   363   356   705   271   246    53   482   356   146   764     8   190   732   481     8   189   464   243   879   131   276   682   550    38  
 546   918   345   422   565   419   866   951   737   332   316   448   751    45   144   737   158   741   154    22   236   299   992   629   339    90   241   166   643   257   983   409   515   504   580   989   473   132   300   560   177   768   732   422   900   617   427     4   748   168   747   738   764   104    40   578   927   506   779   137   578   338   833   368   660   191    19   522   845   869   170   861   799   113   106   493   586    83   807   111   560  
  95     1   487   441   112   790   766   656   828   215   180   166   765   815   556   400   683   208   429   650   870   793   734   717   696   521   127    41   358   179   576   574   409   198   922   505   670   353   260   898   394   966   746   284   263    10   363   132   771   589   199   221   290   959   921    96   399   985   196   391   873   244    30   723   670   847   490   386   336   773   350   261   208    63   465    53   519   454   599   486   363  
 522   398   247   802   588   234   186   753    66   283   854   551   442   372     3    52   779   985   969    50   476   683   142   890   550   775   373   736   687   539   664   751   223   721   345   212   426   111   792   983   252   387   679   694   467    84   794   201   549   542   794   972   413   181   747    71   510   892    69   147    49   789   356   713   829    61   442   422   303     3   568   938   295   449   351   142   772   539   566   834   624  
 750   778   145   604   622   815   344   785   609   382   119   149   124   149   311   199   277   649   548   337   289   171   527   336   385   464   367   925   877    72   384   125   879   495   627   590    50   695   238   536   276   845   438    85    10   343   103   812   299   598   706   704   982    31    38   163   733   206   839   882   115   164   339   306   816    40   646   631   990   877   222    20   265   672   252   675   999   679    69   587   277  
 443   328   333   138   517   735   908    23   299   564   461   115   490   439   834   447   659   829   926   483    98    82   634   499   996   426   296   150   793   493   165   814   226   288   139   342   278   515   229   668   442   646   561   912   980   974   334   980   166   673    85   814   960   869   867   872   733    66   226   956   319    48    79   933   699   691   425    10   589   452   505   731   324   183   606   964   873   733   882    96   684  
 589   906   856   693   163   353   892   961   682   239   550   911   160   269   402   887    56   108   570   705   818    53    23   575   439    27   952   864   128   336   102   333   924    30   956   174   606   480   212   496   212    98   334   245   658   300   924   636   677   538   874   937   858    90   965   710   360   551   580   993   919   823   874   816   125   268   601   599   973   993   124   752   232   907   286   845   700   125    60   979   687  
 300   823   809   423   141   993   337   505   161   715   365   502   676   331   426   290   804   146   454   234   213   599   464   550   536   709   931   295   636   976   491   720   858   213   321   925   180   706   434   287   592   997   222   482   952   866   551   767   238   467    60   300   324   453    35   945   193   740   811   294   956   338   402   271   501     6   138   177    95   396    42   778   415   444   571   870   330   380    63   999   998  
 712   587   698   344   984   318   563   375   551    28   465   467   750   640   198   228   638   643   257   775   694    81   463   597   256   998   920   535    86   212   177   893   645   375   215   508   911   451   438    90   949   705   188    56   395   149    37   557   314   636   445   328   432   692   131   463    21   688   852   689   364   288    13   189   838   452    11    28   468   994    45   870    84   920   973   977   301   601   673   837   971  
 392   164    93   977   244   247   359   798   425   647   657   646   847   903   697   512   723   934   938   595   473   858   476   469   499   862   776   213   853    20   312   422   409   602   921   320   677   765   667    57   429   885   991   110   591   626   229   537     5   856   273    74   116    98   997   539   386   106   448   190   283   801   521   103   256   583   831   799   566   406   925   999   158   142   566   899   966   288   589   608   317  
 227   849   733   362   613   151   631   597   922   361   376   822   778   570   880   943   519   390   205   159   398   804   585   190   502   796   339   520   607   525   958    59   769   891   543   838   423   680   552   468   300   607   115   561   512   771   968   232   264   100    47   997   902   399   277   629   487   917    34   336   733   147   674   271   844   270   381   760   567   474   120   730   157   355   945   787   530   340   173   323   563  
 800   891    18   851   629   831   516   357   380   994   108   470   285   479   625    69   361   546   120   647   280   270    80   156   437   401   451   104   193   635   725   789   223   130   434   593   881   453   191    82   378   765   943    69   759   476   816   975   505   960   524   155    28   963   283   430   270   268   782    21   278   210   148   523   700   560   188   260   843   855   695   841   616   336   936   513   996   927   118   799   138  
 896    79   643   155   212   633   241   165   848   480   609   694   287   982   853   146   756   406   405   550   504   791   353   171   550   682   798   492   619   210   381    23   634   503   610   998   497   735   280   145   498    51   578   847    76    32   159   682   822   628   266   411   928   567   526   147   700    25   189   372   587   431   925   949   921   266   332    65   327   301   359   479   515   216    90   716   908   999   503   759   194  
 210   771   850   843   163    64   219   516    21    12   321   596   866   495   326   836   288   332   376    45   205   976   618    93   614   562   211     4   902   156     2    39    26   182   674   645   397   289    75   260   474   282   619   984   606   697   778   132   918    26   696    95   936    93   692   259   435   425   553   436    76   604   188   502   504   345   973   269   989   640   814   791    53   722   880   997   261   696   821   183   661  
 714   590   782   434   911   360   704   664   268   450   517   420   357   548   239   151   624   424   852   807   111   830   203   221   964   282   396   685   701    57   366   520   733   793   190   323   676   198   302   440   578   761   252   331   184   279   582   503   103   647    40   472   176   354   568    55   574   518   640   259    38   152   237    68   972    97   478   797     2   692   878   572    34   312   134   410   750     6   896   662   563  
 265   957   508   692   418   946   433   773   984    96   376   815   937   779   642   478   589   591   632   954   873   660   313   539   375   644   707   265   772   979   940   792    22    48   947    96   979   984   736   804   706   223   558   311   694   769   526   442   422   351   144   321   393   543   559   930   681   964   718   349   238   861   298   845   689   979   984   849   270   750   235    65   974   601   769   510   377   202   474   403   252  
 306    81   799   502    82   880   780   571   182   920   197   942   769   957   763   440   713   943   888   997   172   667   396   389   191   602   376    61   894   696   421   125   622   564   521   238   602   795   840    78     2   464    88   667   739    69   214   210   211   685    67   476   220   466   830   517    51   545   399   453   856   986   579   805   929   474   323   931   917   518   528   943   828   171   526   563   208   548   135   927   951  
 484   994   152   214   224   924   100   937    44   319   354   315   754   601   841   524   448   478   372   525    47   579   214   727   126    35   890   463   761   838   898   420   213   884   270   451    43   699   271   764   699   368   184   489   344   806   801   256   748   626   263   958   960   104   178   830   919   310   970    82   579   651   570   408    95   562   313   779   568    79   228   417   997   307   330   488   116    24   307   911   357  
 350   282   249   430   776   534   417    15   620   346   761    55   440   153   917   800   795   659   387   465   878   788   465   451   798   113   873    37   244   490   350   355   561   737   136   823   567   175   425   475   418   657   860   277   536   956   119   999   340   241     7    33    28   882   874   601   846   920   155   239   830   863   945   304   227    60   469   881   407    88   314   679    28   362   904   798    30   286   995   510    69  
 232   110   101   471   415   961   462   369   187   531   203   239   153   963   354   418   240   456   853     2    75   299   517   202   776   399     2   837   222   473   964   153   525   812    50    39   660   802   881   216   436   403   274   547   771   568   794   551   575   612   775   982   917   960   199   591   837   739   745   277    10   860   109   340   926   296   686   726   318   783   195    75   477   877   632   907    84   816   559   854   157  
 520   711   620   120   365   613   430   831   859   415    84   350   248   604    86   751   481    74   516   168   196    67   542   750   301   299   165   133   782   112    72   210   893   781   533   504   610   925   681   914   907   305   714   255   828   764   840   662   410   837   309   201   278    80   879   782   224   751   846   670   124   272   190   764   924   518   826   327   986   799   813   402   244   757   501   955   463   788   305   916   234  
 349   825   845   613   947   549   271   349   587   200   572   203   149   572   299    45   103    46   503   854   688   751   137   405   284   316   863   890   212   964   601    33   694   505    70   888   349    20   603   133   220   457   796   321   449   395   952    18   436   697   274   149   904   565   706   271   161   745   376    95   384   538   325   333   155   484   771   393   421   315   317   845   667    42   419   348   759   320   572   814   612  
 675    39   643   621   325   290   903   735   532   209   579   337   657    49   767   774   259   518   735   661   787   719   628   469   784   804   576   708   837   642   318   468   888   947   323    56   790   192   130   526   412   231    94   631   651   869   359   478   465   597   284   985   855   348   833   219   765   650   512   218   487    59   470   262   368    32   971   846   490   497   930   935   760   247   769   638   176   301   499   594   589  
 931   911   499   238   858   542   219   671   634   561    17   514    10   527   810   198   981   544   124    81   887   406    50   352    70   507   771   977   594   481   848   980   856   253   859   145   822   865   473    61   850   915   325   630   925   607   761   336   254   390    21   573   234   527   628   131   800   150   158   470   174   643   183   619   118   154   868   865   354   369   116    73   202   932   996   609   638   751   858   900   311  
 638   227   354   727   949    91   619   663    96   812   384   220   269   302   947   656   786   399    21   806   894   473   630   130    79   203   207   268   715   476   174   159   997   538   905   491   311   353   786   857   563   370    88   432   358   430   595   744   620   397    60   939   300   340   817   654   418   154   860    21   897   637   451   599   602   965   184   735   110   384   511   790   155   696   881   103   939   200   821   589   205  
 185   131   929   284   407   964   725   832   968   235   151   752   423   642    45   127   571   537   617   817   966   531   593   694   436   332   798   259   633   801   657   334   819   882   735   590   171   429    80   497     6    77   666   366   545   698   394   917   288   365   849    96   238   283   274   740    85   237   551   975   569   729   743    10   492     1   816   237   867    67   352   375   670   264   239   706    73   409   469   573   122  
 595    13   812   766   586   651    89   685   145   693   385   604   893   653   523   110   356   360   184   686    91   409   469   757   701   602   704   400   567   111   164   666   249   268   984   812   708   628   335   766   131   819   937   312   495   796   846   736   198   212   279   396   253    35   160   424   986   388     6   173   212   396   254   770   392   492   188   637   299   924   216   885   135   311   240   578   301   520   184    72   131  
 396   510   621   407   584   907   780   983   789   575   208   153   783   722   642   418   442   481   319   911   389   780   622   845   721   575   793   332   908   702   638   769   227   474   242   491    46   306   661   923   579   183   268   964   963   493   655   746   680   274   543   586   447   303   704   596   287   734   536   571   716   736    50   648   373   764   879   454   418   398   885   984   368   644   306   233   648   156   295     1   772  
 291   313    71   243   447   942   762   253    46   251   122   120   859   390   579   543   420   892   821   322   140   166   435   614   791   808   211   874   462   554   409   765   346   765   320   269   134   537   963    88   353    70   664   785   232    99    68   763   196   167   458   950   759   702   517   423   454    32   544   213   595   813   638   874   796   939   666   695   753   931   878   722   805   802   472   689   713   410   575   286   780  
 200   724   816   693   247   372    38   156   473   175   301   686   767   724   881   681   466   700   515   495   219   106   513   966   289   924   422     2   473   812   934   785   123   689   823   737   485   363   234   295   304   867   917   840   448   547   773   897   611   791   638   252   533   755   500   592   401   762   224   770   698   206   273   998   134   183   813   967   396   221   965   471   277   139   129   735   136   838   572   313   325  
 523   125   318   711   173   295   200   508   838   412   787   528   490   731   557   998   522   668   184   506   897   912   499   599   838   164   502   598   505   206   458   382    60    90   106   382   836   812   923   785    85   417   806   127   593   447   968   399   441   109   387    90   432   506   521   706   469   675   479   226   763   352   171   993   202   699    74   654   344   285   261   436   283   888   238    17   757   382   794   803   625  
 764   945   258   831   221   700   777    56   864   548   212    62   332   545   624   768    69    34   591   489   795   297   549   980   973   500   304   807   307   785   636   237   416   939   384   689   120   619   339   852   359   155   425    39   824   625   648    63   393   425   387   530   551   676   215   499    51   496    71   114   792   643   137   465   777   610   681   882   922   549   730   477   512   635   697   273   637   231   428   602   918  
 254   174   647   745   151   890   374   500   203   389   565   451   918   398   535   353   663   422   597   751   995   145   967   103   612   155   749   187   923   962   977   230   349   417   902   951   620    66   111   526   285   824   708   630   337    47   911    33   459   546    26   133    12   482   439   289   254    48   736   400   949   234   778   668   854   302   275   229   882   950   357   299    93   634   130   538   167   676   237   895   817  
 656   413   472   547   369   218   177   182   104   419   923   506   410   803   330   556   853   750   492    19   606   147   492   200   528   921   497   938   770   949   825   199   167    44   855   411   143   401    54   382   741    42   431    44   537   288   567   753   810   428   818   342   595   231   470   265   508   501   174    26   878   187   736   548   754   208    59   782   345   935   979   907   456   949   725   607    27   987    90   727   658  
 335   836   100   228   303   811    23   463   894   406   383   248    27   907   646   139   126   856   140    83   492   644   506   541    54   237   611   786   398   666   463   904   178   691   816   957   747   248   822   288   417   804   839   130   474   571   319   631   636   450   394   873   996   357   439   336    79   792   823   398    32   883     7    70   600   744   209    56   797    61   771   854   954   686   640   492   446   904   245   305   592  
 191    18   443   995   109   206    19   289   410   740   110   235   220    21   936    81    12     2   969    12   250   875   131   320    23   961   143   291    41   432   681    41   460   989   454   781   453   363   506    82   110   733   171   140   432   283    94   346   854   534   887   944   925   438   819   932   614   951   218   171   574   571   653   353   171   166   213    69   426   520   768   946   578   525   733    22   815   985   501   870   847  
  23   398   765   530    19   711   963   394   423   217   823   748   634   882   205   428   422    30   815   725   593   451   200   557   665   528   671   343   815   554   608   198   391   714   519   870   480   745   432   908   545   973   933   371   232    21   365   609    55   450   297   292   488   165   349   251   796    93   760   803   816   648   678   393   558   204   322   642   780   279   304   236    69    32   738     8   471   841   998   816   345  
 969   339   241   451   967   962   168   628   423   278   101   761    31   273   250   362    59   119   502     8   268   860   320   548   567   963   913   949   378   434   279   375   815   363   797   978   279   543   217   788   691   451   750   582   134   319   382   393   252   994   128   541    20   884   464    20   241    86   414   933   528   558   699   793   107   305   472   447   954    36   713   583   914   778   288    39   852   430   448   655   638  
 561   960   262    69   468   305   418    16   956   793   940   950   538   572   341   379   224    47    37    81   511   646    80   393    81   234    30   853   465    64   538   902   676   960   946   147   592    59   488   385   164   456   493   574   879   631   951   484   892   196   807   353   134   617   309    88    10   714   252   646   374   381   504   944   876    69   301   332    27   477   257   146   246    45   705   652    97   715   914   996   861  
 318   325   388   522   679   654    93   618   619   744   678   991   710    87   459   339   413   684   162   439   278    60     8   318   484   556   226   840   140   491   261   752   743   105   655   105    93   622   297   625   722   351   565   623    54   837     1     8   791   151   792   168   131   180   441   306   473   598   912   125   413   614   331   947   225   933   495   623   685   300   814   395   850   634   531   266   528   611   611   753    31  
 239   239   705   321    75   592   111   148   312   598    39   630   805   961   393     5   434   125   459   917   377   334   598   475   824   945   863   521   514   919   300   337   284   141    98   535   639   271   116   960   489   572   171   136   498   157   163   344    29   875   509   838   199   228    94   602   350    39   646   187    19   441   999    69   535   826   384   757   857   285   793    61   270   832   278   185   762   286   562   697   881  
 177   875   950   255   202   118   877   403   334   544   127   173   475   750   712   354   763   734   224   470   935    66   479   225   724   239   369   604   202   375   581   160   393   783    63   984   388   138   928   888   153   351   762    76   224   487   798   404   268   592   902   131   723   218   349   373    29   751   461    86   505   872   112   507   187   699    90   844   430   280   320   541   448   811   501   320   542   967   982   254   174  
 331   185   388   907   649   614   647   815   179   642   721   132   634   193   941   185   193   630   914   279   168   632   293    23   206   411   897   906   751   487   813   420   802   405   900   276   280   901   230   342   891   790   582   870   748   521   370   119   105   710    17   541   596   757   784   479   802   576   461   940   402   593   504   128   544   384   719   255    84   805   279   499   582   136   794   926   732   580    63   298   711  
 555   380   570   963    84   814   771   358   536    67   426   398    59   256   558   614   547   875   104   154   253   806    51   690   706   399   804   249   287   964   278   595   783   379   409   388   747   351   143   436   217   551   505   301   638   117   366   672   505   329   621   442   452   283   682   622    89   391   952   510   856   992   595     3   466   413   608   752   995   866   883   134   580   454  1000   882   817   875   797    16   330  
 427    27   177   356    92   176   985   526   483   503   247   323   882   228   354   978   659   723   643    63   671   825   966   970   749   788   988   359   976   401   344   300   642   892   574   435   323   508   595   448   985   670   560   177   813   889   622   508   454   412   123   169   559   729   145   183   126   459   391   306   140   374   245     9   853   729   616   726    38   378   744   787    50   553     1   806    35   209   961   520   565  
 372   199   436   730   319   366   606   673   579   924   582   347    46    40   604    42   180   996   547   622   126   984   740   283   123   108   491   675   317   730   999   314   339   258   898   435   448   646   952   364   578   965   634   485   784   768   127   835   788   510   952   538   917   581   826   866   816   229   456   138   884   667   227   770   350   999   381   696   147    40   555   503   114   909   978   809   298    71   764   749   794  
 577   881   908   622   223   564    90    38   909   145   641    71   957   656    79   346   509   107   258   188   607   677   340    99   142   518    31   425   823   781   626    29   263   178   658   393   142   396   881   644   595   909   365   896   894   408   502   981   756   620    94   982   717   619   810    19   319   322   431   883   955   665   629   536    71    17   262   197   964   563   940   978   425   885   601   110    34   296   846   334    65  
 803   758    15    25   569   729   366   489   578   633   470   296   150   477   122   778     9   791   844   230   793   586   975   218   123   334   540   311   472   951   829   370   971   679   254   273   592   925   926   332   454   144   929   105   760   529   348   324   886   275   276   625    17   511   935   437    16   360   863   216   942   919   739   226   205    34   313   142   845    42   335   841    57   911   260   729   398   235    56   880   679  
 329   913   142   379    20    63   463   562   389   971   934   878   393   220    67     8   779   255   348   703    79   359   585   531    52   138   256   588   491   961   570   566   253   410   891   745   523   181    27    10   522   980   436   977   412   781   209   770   770   656    52   809   797   451   337    75   463   258   242    55   590   438   272   234   923   323   743   306   210   453   555    96   931   684   290   101   119   604   324   429   184  
 658   176   119   446   737   894   687   543   881   530   869   912   388   679   250   147   853   146     6   517   511   346   236   381   570   661   251   449   682   304   788   549   620   158   790   892     8   403   560   626   286   410   613   860    70   188    35   243   481   209   426   687   295   174   652   658   497   791   894   119   309   459   803   949   896   905   381   664   404   893   541   354   957   919   970   721   308   816   724   670   624  
 512   392   764   362   437   175    52   408   227   240   962   572   800   990   494   329   990   996   170   678   910   509    85   840   142   638   881   299   314   872   987   271   897    87   196   183   309   252   329   913   551   219   371   613   845   795   813   848   787    11   971   864    35   125   257   210   401   949   289   685   144   709   540   694   365   265   320   516   811   640   516    29   840   117   886   835   111   874   199   257   908  
 308   892   842   139   466   523   616   838   590   222   104   311   620   323   417   240   873   994   253    31   173   791   545   860   236   937     9   640   640   463    21   949   785   955   135   531   878   731   948   713   155   180   980   566   214   783   698   633   998   321   120   550   516   203   385   614   946   383    92    95   708   121   355   167   625   284   594  1000   920   140   867   894   691   308   661   713    70   220   764   340   936  
 313   550   793   992   970   584   724   258    15   978   849   855    67   457   610   974   636   124   455   889   570   293   860    80   786   181   953   295   800   679   674   725   989   131   723   263   609   839   541    22    61   132    18   321   121   857   925   987   848   996   899   387   386    40   554   567   508   877   920    15   542    45   456   412   539   325   337   970   357   892   339   399   803   386   258   142   673    33    61    53    97  
 309   653    51    89     5   215   288   871   819   641   761    72   817   463   849   478   679   273   637   973    36   787   964   203   276   115   737   765   119   733   286   114   716   990   764   281   848   671   619   223   884   187   397   763   249   267   206   366   883   723    81   128   403   235   145   357   336   901   545   906   854   265   465   224   551   257   478   173   413   274   666   600    59   509   501   161    73   495   449   121   874  
 866   409   327   415   630   766   528    28   400    31   896   903   792   242   870   668   889   912   719    85   856   530   905   120   725   192   373   352   203   303   496   910   932    95   561   766   478   663   998   784   327   217   295   839    43   817   472   481   289   192   492   993    36   745   471   142   846   258    43   497    76   261   687    82   695   804     7    75   665   616   296   526   128   346   611    42   222   400   884   777   344  
 946   103   815   902   416   526   714   968   437   959   758   985    55   533   449   933   877   625   442   902   724    82   715   785   501   860   297   539   617   303   304   364   596   671   210   462   759   828   538    12   433   622   368   352   225   729   183   430   596   910    95   870   258   842   632   323   728   659   753    41   570   798   447   714   500   167   681   725   452   243   997   561   412   162   917   977   157   693   272   923   482  
 574   497   982   284    19    29    65   436   480   829   694   944   806   888   898    98   355   159   940   449   325   520   176   991   897   402   582   482   206   513   318   181   107   668   529   521   899   841   596   595   486   228    21   369   441   689   291   547   905   601   302   552   547   279   132    89   155   133    77   748   354    21   609    48   648   181   990   815   725   928   644   909   382   166   158   472   989   630   313   865    79  
 533   548   481   209   922   292   208   922   556   644   378   181   345   806   122   971   189   395   352   175   502   640   819   181   449   405   913   425   560   872   192   722   441   353   166   466   781   627   889   265   290   561   822   970   109   151   404   572   821   703   205   419   458   605   334     2   276   271   407   615   302   664   677    66    28   401   395   214   112   902   319   592   512   243   611   459    91   184   145    47     8  
 770   490   686   432   462   834   277   196   893   655   340   147   134   428   437   514   919    24   133   794   687   257   509   720   934   257    21   591    86   449   478   596   948    18   528   178    88   602    11   797   886   767   928   886   347   293    56    67   714   947   430   978   872   363   967   343   131   199   693   690   107   353   835    31   849   963   955   477   991   622    12   106   749   472   770   936   490   431   138   640   613  
 635    12   980   756    79   768   212   421   403   757   170   658   929   781   384   840   747   710   197   762   225    27   801   164   742   236   784   143   737   340   590   459   155   224   503   397   775   814   599   355   547   177    48   214   450   679   375   564   920   488   763   286   469   163   498    33   215    25   526   804   477   938   106   673   517   742   479   202   820   789   842   531   855    86   583   312   145   568   994   793   196  
 336   681   662   717    55   538   513    21   277   981   391   409   853    66   428   925   391   953    47   246   504   356   838   435   383   371   311   723   353   641   270   700   244   225   974   204   118   293   148   410    28   827   253   687   778   980   566   614   659   557   169   959   407   848   118   424   685    20   348   342   586   307   655   389   854    71   226   995   489   793   868   801   212   642    77   465    44   756   546   651   663  
 684    44   231   695   814   547   605   217   526   529   432   901   946   881   790    26   288    49   895   723   848    93   202   558   864   694   989    58   775   517   376   333   111   429   413    10   282   633   727    61   788   144   198   643   173   748   559   261   197   904   423   669   531   284   260   439   569   449   708   826   292   804   219   956   426   563   212   128   179   343    28   682   166   246   758   291   918   205   788   366   344  
 172   876    58   639   276   564   863   173    38   897   265   108   683   685   102   202   104   193   682   958   912    64   695     8   202   225   616   691   879   639   598   385   681   490   708   378   502   678   915   790   305   859   824   859   569   104   856   971    96   236    83   677   834   133   869   474   816   988   112   594   625   779   315   268    38   981   369   558    41   642   822   368    89   331   867   842   645   465   853   914   893  
 977   203   410   534    14   502   825   774    96   794   118   622   462   316   689   452   472   900   951   580   515   347   672   957   465   710   707   598   937   320   745   669   979   961    15   165   935   621   287   903   458   513    54   793   627   481   753   606   313   200   729   118   392   325    88   770   220   483    84    81   850   565   509   491    14    33   259   833   934   977   831   944   837   686  1000    29   760   278   996   514   526  
 451   752   936   942   643   269   836   693   194   891   760   750   210   470   608   906   204   535   170   197   454   860   270   350   606   551    54   248   584   876   828   494   866   339   281   839   905   555   803   952   873   370   950   797   903   689    97   821   297   825   446   450   137   716   531   421   210   429   936   530   304   905   803   411   609   923   765   802   973   569   374   929   726   776   741   639   833   874   409   671   729  
 342   131   976   663   538    57   577   199   231   848   541   774   646   975   343   808   378   394   725   877    91   974   293   530   913   304    31   811    24   793    56   163   419    53   512   447   936   264    31   364   951   496   529   500   886   745   415     7   453   751   733    34   938    52   154   942   198   120   734   348   931   916   924   155   706   428   322   691   519   814   470   195   860   972   718   430   365   320   111    94   974  
 874   164   154   301    53   356   603   146   330   991     8   266   149   948   447   686   228   829   261   917   164   645    78   631   917   702   359   302   928   443   134   922   116   709   519   576    90   246   777   174   886   576   668   605   707   942   513   886   340   176   770   437   799   436   974   928   634   597   718   616   923   568   787   775    28   839   863    51   391   823   506   402   231    72   720   859   647   848   242   928   179  
 864   661   490   359   398   525   346   464   481   716   164   874   895   245   817   752   853    17   348   335   653   895   925   887   675   816   741   321   542   515   892    57   107   469   341   753   902   260   761   229   274   969   598   818   279   895   214   776   173   341   551    11    22   512   926   177   358   972   618   809   363   204   732   464   733   374    20   408   845    77   592   965   246   283   396   168   526   755   117   389   174  
 970   334   434   655   880   210   866   975   348   945   133    28   298   521   544   412    82   775   187   250   292   881   874   585   106   459   988    62   762    30   534   667   860   103   984   260   864   624    61   635   764   709   173   913   858   860   219   269   783   323   663   805   169   955   760   640   593   182   644   129   747   873   695   742   551   387    21   629   732   612   186   829   274   771   670   380   282   272   232   766   757  
 455   650    67   494   900   462   628   766   143   918   432   407   286   237   413   334   170   684   868   298   286   873   554   457   428   669    51   382    71   877   265   811   186    47   698   873   379     1   776    44   665    10   901   249   995   837   719   608   885   577    21   625    96   364   655   734   867   617   575   654   679   354   135   557   974   113   481    18    39   367   130   985   723   976    15     4   850   623   664   127   915  
  79   656   327   803   516   374   765   670   263   792   592   827   778   526    25   792    29   546    84   618    28   541   971   105   935   611   346   678   307   486   286   686   559   106   857   397   410   771   136   156   614   659   167   242   599   573   244   372   935   718   390   310   691   692   500   789   505   389   667   103   146   180   409   974   750   171   389   332    78    52   919   214   536   650   736   341   164   350   190   731   942  
 681   951   646   619   773   417   321   922   480   561   548   184   658   533    10    57   587   722   544   562   208   869   788  1000   628    29   973   928   301    17   638   499   700   670   586   339   892   570   896   667   935   199   462    48   203   719   392   550   965   963    87    95   322   806   974   627   117   256   590    69   835   542   657   203   118   250   957   878   857   406   203    27   305   924   871   272   572   706   781   842     4  
 468   670   196   581   184   697   188   678   147   934   824   594    51     2   556    41   381   966    94   176   184   604   650   534   700    15   320   585   886   927   758   814   123   696    92    61   721   214   947   295   862   280   415    70   840   650    69    98   768   639   516   338   723   847   838   357   855   851    11    18   403   124   550    48    89   170   617   742   265    43   815   510   132   971   656   957   395   258   946   719   135  
 890   910   107   280   232   966   633   628   465    88   626   717   714   323    63   336   827   594   418   431   188   450   686    95   391   676   564   792   779   885   463   807   954   782   622    60   241   593   880   814   577   664   248   309   827   296   153   659   157   182   297   642   271   760   591   460   718   588    38   316   414   584   598   403   100   159   553   283   132   937   698   752   113   106    35   470   186   755   613   705   651  
 367   892   979    27   743   560   340   619   747   895   428     1   180   283    53   936   488   476   699   553    15   573   419   398   660   848   243   190   110   494   212   556   313   831   965   625   277   192   203   973   995   412   376   931   707   630   465   132   952   736   459   741   684   421   936   548   822   719   691   446   380   595   420   212   386   750   908   563   557   921   834   660   824   958   282   129   970   689   400   710   602  
 605    27   398   749   548   806   247   342    72   955   157   159    14   319   424   314   868   201   515   694   854   923   137   377   970    20   689   295   537   842   611   585   668   141   289   153   302   325   765   239   737   551   780   288   137   992    22   878   688   570    81   439   964   401   930   846   171   289   848   772   585   881   505   851   950   371    38   558   544   632   552   441    19   768   894   742    79   584   284   464   202  
 972    39   349   923   705   305   238   718   841    18   245   449   885   676   352   916    15   983   920   538   752   295   262   197   780   872   623     3   502   556   446   500   187   346   496   697    78   397   971   727   688   709   351    26    81   874   762   562   656   349   870   806   480   827   297   642   769   635   997   126   815   738   595   446   728   277   913   829   646   325   786   257   876   426   869   293   934   908   955    17    94  
 501   652   763   489    55   696   655   451   923   958    34   982    61   201   325   780   199    91   797   536   103   297   789   996   821   513   298   480   484   938    68   980   635   761    52   292   468   544   710   895   948   383   259   980   846    81   946     9   986   583   664   329   380   550   602    46    38   947   376   912   904   316   532   425   955   315   920   742   852   637   179   276   171   456    19    48   544   433   629   605   447  
 485   211   338   544   746   913   862   969   598   332   642   347   875   935   831   721   464   942   893    13    84   765   274   838   733   722   183   841   781   291   322   552   607   777   809   398   642   778   447   590   220   954    25   585   176   655   424   731   644   954   902   404   321    68   110   415   678   342   117   132   924   539   316    14   991   631    40   305   963   871   800   490   627   370   733   567   652   341   854   771   793  
 890   963   643   883   457   873   868   707    16   540   233   205   203   106   125    43   149   518   729   632   966   251   667   999   481   401   549   765    29    62   221   698   202   401    81   532   407   173   338   433   864   682   677   788   292   853   610   675   259   793   511    88   415   682   152   302   373   756   842   345   981   923   524   913   385   173   340     2   408   485   225   612   437   324    41   692    16   424   569   929   697  
 215   356   947    68   392   317   823   131   589   899   969   546   232   535   175   236   649   179   665    67    32   802   298    89   134   162   275   530   589   990   137   331   599   744   199   312   644   944   258   675   496   303   728   361   358   909   382   480    97   840   919   623   340   504   896   793   884   873   554    38   178   504   481    91   765   600   515   851   794   338   282   764    41   323   648   261   275   234   611   870   345  
