81

   0    19    49    17    47    90    47    85    85    17    48    86    41    87    85    81    83    82    49    82    82    88    81    84    82    87    83     9    43    83    44    85    87    83    83    81    46    83    89    84    84    82    82    83    87    84    81    83    90    90    84    88    83    89    44    86    86    84    86    83    87    89    89    86    83    87    85    82    82    81    85    82    89    85    82    81    86    84    81    87    87  
  18     0     9    44     2    47    88    46    83    47    10    43    86    48    90    81    86    83    84    45    82    82    90    84    90    81    84    41     4    41    89    50    81    83    89    86    86    46    89    88    83    87    88    83    84    89    86    85    85    87    89    89    81    81    90    44    90    86    90    88    88    83    90    84    87    81    85    87    90    84    88    84    81    87    87    87    85    89    84    83    81  
  45    18     0    83    42     5    87    90    41    85    46    13    81    85    43    88    85    88    84    82    44    82    84    90    89    87    90    90    43    17    85    90    47    87    89    89    84    90    42    85    83    82    82    83    87    87    87    89    84    83    90    85    89    85    85    86    42    85    86    86    86    85    81    90    81    89    81    89    90    81    86    87    81    90    81    88    82    89    87    81    81  
   2    49    90     0    19    47     2    42    82    50    84    83     5    43    82    44    90    85    86    83    86    43    88    82    87    83    85    42    89    84     1    44    87    50    85    86    86    84    85    48    86    84    81    82    82    81    90    87    84    83    85    82    89    89    85    89    82    46    83    90    89    88    87    87    82    83    83    84    85    87    88    85    84    90    90    83    89    81    86    84    88  
  44    13    49     4     0    12    45    11    41    90    49    84    42    12    50    87    45    82    90    84    82    87    44    90    87    90    84    83    47    85    46     2    42    81    50    85    90    87    86    84    41    88    85    82    88    88    83    81    87    84    81    90    90    85    86    86    81    89    46    86    83    81    81    89    90    84    82    85    82    88    89    81    89    81    89    89    89    85    84    82    89  
  84    47    20    49     6     0    85    44    11    83    82    43    85    41    12    81    84    44    86    90    85    82    87    46    88    89    90    90    85    47    88    47    16    81    89    44    87    82    90    89    84    48    90    86    85    83    89    82    87    81    88    85    86    87    83    88    90    83    81    43    87    83    89    87    86    89    89    81    82    87    82    88    86    89    90    85    86    87    86    90    87  
  47    87    82    17    41    83     0    12    48    90    81    83    43    89    86     6    44    87    90    84    81    86    85    88    46    83    87    86    81    88    43    85    83     4    50    88    85    86    85    81    88    89    43    83    84    82    88    87    87    89    82    86    81    87    85    85    83    86    83    87    49    89    90    86    85    83    81    87    81    81    82    90    87    81    87    83    87    89    84    87    84  
  88    43    88    48     9    47    10     0    20    90    90    90    90    43    82    44    12    42    87    85    82    83    88    85    85    44    82    81    90    90    82    45    90    42    14    45    84    89    85    83    82    81    85    48    89    85    81    90    90    89    90    88    89    83    88    89    81    81    81    87    89    48    83    83    84    81    89    82    86    90    83    88    84    87    81    84    87    89    81    82    81  
  84    85    42    81    41    20    50     1     0    86    87    82    88    81    47    86    43    14    89    86    82    85    89    89    81    87    42    83    84    90    85    88    42    90    45    13    87    81    85    83    87    86    81    84    47    84    90    84    82    81    86    87    90    85    83    90    85    88    88    87    86    88    44    81    81    86    86    88    83    82    87    87    89    87    86    83    83    89    86    88    88  
  12    48    86    43    83    82    82    82    85     0    13    48    16    44    87    44    87    86     6    48    90    49    82    90    83    83    81    46    86    87    87    88    89    90    86    90    10    44    83    43    85    82    90    87    84    41    86    85    88    90    84    84    89    84    81    90    85    89    87    89    89    85    90    44    89    89    90    83    83    88    88    81    81    87    83    85    87    88    86    86    88  
  45    13    49    85    50    87    89    81    87    19     0    12    50    14    47    90    50    90    48    12    46    82    43    81    82    82    83    88    41    90    86    87    89    84    84    89    46    18    41    88    47    90    86    83    83    83    44    83    85    81    88    86    86    81    82    86    87    87    87    85    86    87    82    87    48    81    84    85    89    89    84    88    86    86    86    90    85    82    90    81    86  
  86    44     1    82    83    41    89    84    83    49    13     0    85    46    11    82    81    47    88    41     5    89    88    43    88    86    85    83    85    45    83    84    90    88    86    88    88    50     9    90    89    46    87    84    90    81    89    45    83    83    83    82    85    90    85    84    88    81    83    88    81    90    87    84    81    50    85    90    86    82    90    85    87    82    87    88    84    81    85    83    82  
  44    89    87     3    44    86    46    81    87     3    44    83     0    15    44     6    47    85    43    81    90    16    41    82    50    90    81    81    81    81    45    90    85    85    87    90    43    83    82    17    45    82    42    87    84    84    83    88    50    86    89    82    88    84    90    85    87    89    86    85    84    86    85    85    83    83    48    82    85    82    85    83    85    89    89    84    87    85    84    89    88  
  83    42    89    46    13    46    83    49    89    41     1    44     3     0     7    47     4    47    88    41    82    41     7    41    88    46    90    89    82    85    88    44    87    85    88    90    82    49    88    46     3    41    82    44    89    89    88    90    87    41    83    85    84    85    86    81    88    81    83    88    83    82    81    88    88    88    86    50    89    89    85    89    85    85    84    88    81    90    90    82    90  
  81    88    45    89    46    14    89    90    50    87    42     6    47     2     0    88    45     6    88    81    42    86    48    15    90    90    45    81    83    85    86    90    43    83    82    84    87    83    49    90    44    10    86    86    50    81    87    89    89    82    41    83    86    87    83    89    82    81    82    81    86    89    90    87    82    82    88    90    44    85    90    82    83    81    90    89    89    86    85    82    87  
  88    84    90    42    83    87    19    46    84    43    87    90     7    49    83     0    16    43    86    89    86    44    89    82    16    44    87    82    82    87    87    84    86    45    85    88    84    86    86    43    85    81    10    49    89    84    89    85    83    89    84    44    90    85    90    89    90    87    85    89    82    81    86    82    85    87    89    89    82    49    81    81    89    81    85    88    84    88    89    88    85  
  87    81    82    82    48    81    43    10    41    82    42    83    41     6    50     6     0    18    84    82    86    85    48    81    42    18    48    87    89    83    90    85    86    83    44    86    84    86    81    90    45    83    41    14    44    87    84    83    83    83    81    87    44    84    86    82    88    90    86    83    81    88    86    82    81    82    88    82    88    81    45    87    82    84    90    86    81    85    87    82    87  
  85    90    89    89    87    48    82    50    16    86    81    41    90    42    19    42    12     0    86    88    83    89    83    48    88    43    18    85    82    84    88    84    86    90    90    41    84    88    86    81    85    50    89    46    14    90    89    90    86    90    88    88    89    50    84    81    86    83    89    84    84    89    88    90    88    87    84    88    86    90    89    49    81    88    84    87    81    88    86    82    84  
  49    81    82    85    82    86    82    89    83     2    43    81    50    86    90    86    82    88     0     5    43     9    49    84    48    88    86    87    89    87    81    82    83    89    85    84    41    84    89    81    82    90    81    85    83     6    49    82    41    87    84    90    89    87    84    87    85    85    85    82    85    90    81    90    89    87    84    86    86    83    90    89    49    82    85    86    89    86    82    83    89  
  86    41    88    82    83    81    88    84    89    46     2    45    83    42    89    90    90    86     5     0    20    43     7    41    89    49    89    90    84    89    89    83    83    90    89    90    90    48    82    84    85    84    83    89    90    43     6    43    87    48    81    90    87    90    90    82    84    82    89    83    88    83    90    82    81    82    90    86    81    84    86    82    82    44    85    83    85    82    81    90    90  
  89    86    45    85    86    89    82    81    83    81    47     4    87    90    44    88    85    86    44     4     0    84    41    14    83    89    41    90    90    89    89    84    84    82    85    84    82    90    42    90    82    90    82    81    86    81    41     4    89    81    49    87    90    84    89    85    89    84    83    81    90    89    82    85    89    88    84    88    82    83    82    83    86    84    47    84    90    87    81    82    87  
  87    89    85    41    90    87    87    83    90    44    81    81    17    41    87    49    81    88     3    46    84     0    11    43    14    46    85    87    82    88    81    84    84    89    90    90    84    89    86    47    83    87    83    81    85    43    84    87    18    41    84    47    82    88    89    88    89    87    83    87    82    82    87    83    90    83    90    89    85    86    86    85    85    81    85    44    86    86    84    90    82  
  84    84    89    88    48    85    85    90    88    89    43    81    42    10    41    89    47    82    41    12    47    10     0    18    47     6    50    81    90    89    87    87    84    89    89    87    83    86    83    88    44    83    86    85    84    87    41    86    49    17    47    86    41    90    81    86    89    90    83    90    90    82    84    86    85    86    86    81    81    89    86    88    85    81    86    86    48    85    83    89    87  
  88    81    85    82    87    50    88    87    87    88    90    50    88    48    13    86    83    41    83    41     5    41     8     0    82    50    18    86    87    87    86    84    81    84    84    90    90    81    89    89    88    46    84    84    83    85    81    41    89    45    10    82    85    50    87    86    90    85    81    89    85    88    81    81    84    83    85    82    82    81    90    83    82    87    88    84    87    50    84    85    84  
  83    88    81    82    89    90    48    86    88    84    89    90    41    87    84     2    50    90    49    90    90    18    47    88     0    14    42    86    87    86    89    86    88    84    83    88    89    88    87    85    89    83    41    85    85    89    88    81    41    81    83    17    48    82    88    83    90    89    89    81    85    90    89    89    82    81    81    82    88    83    86    83    88    89    89    83    84    84    47    86    83  
  90    88    83    86    88    90    85    46    90    84    82    81    84    41    83    48    15    48    88    44    85    41     6    50    10     0    20    87    90    88    88    89    87    88    86    87    88    87    90    89    86    83    85    41    87    87    88    86    90    44    82    47    14    41    90    88    84    84    82    87    90    90    88    83    84    84    90    88    87    90    89    86    87    88    88    84    81    87    82    42    82  
  85    85    86    86    84    90    83    87    42    90    87    88    82    89    41    83    48    13    82    81    45    82    44     1    43     3     0    83    89    88    90    86    83    83    83    85    82    88    82    83    86    87    81    82    44    85    81    86    87    84    42    88    47    17    85    82    82    88    81    81    89    87    81    84    87    82    86    84    88    88    90    90    85    87    90    83    87    88    84    87    50  
  15    46    83    45    86    82    90    90    87    44    89    84    89    84    82    86    87    84    84    84    83    82    89    81    87    86    89     0    18    45    18    45    88    44    85    83    17    41    82    41    86    81    83    86    88    45    89    86    89    90    89    82    90    87     3    44    88    49    87    87    85    84    83    48    89    86    86    86    90    86    82    83    85    84    85    85    84    89    85    87    85  
  49     8    47    87    50    85    86    89    88    88    41    84    88    86    88    83    86    84    88    84    87    89    90    84    84    83    82    19     0    19    49    11    44    85    47    85    45     1    47    85    45    89    88    90    85    86    42    84    81    84    90    88    84    90    48     8    49    89    49    84    86    90    88    83    42    83    86    84    89    85    81    89    84    88    87    83    84    90    90    87    88  
  85    41     6    84    88    48    82    89    88    88    86    49    82    88    85    88    89    86    81    85    81    81    85    83    88    84    82    45    18     0    87    50    18    90    88    49    88    44     9    90    90    42    82    83    81    86    87    44    87    82    81    88    90    82    86    46     4    88    83    45    90    87    86    88    82    44    83    90    82    85    90    89    85    82    85    83    84    88    87    88    85  
  41    86    84    12    42    89    45    85    89    83    89    83    50    82    89    90    81    81    88    88    85    90    88    86    81    81    84     9    43    85     0     3    41    10    41    82    45    85    87    19    48    86    42    89    85    81    89    89    47    88    89    83    90    82    42    88    85    14    48    89    45    83    85    84    88    81    42    84    83    88    87    85    86    90    81    89    84    83    89    87    83  
  86    50    84    43     2    44    89    49    88    84    89    88    89    45    83    87    85    82    86    88    86    89    84    83    85    88    86    46    15    50     2     0     9    44     7    42    87    48    84    44     1    42    82    44    86    90    86    90    81    47    86    89    84    86    86    49    89    43     1    50    81    42    84    85    83    88    83    41    82    84    89    83    88    81    84    83    82    84    85    88    90  
  86    81    45    84    48    12    88    89    42    88    90    81    83    87    43    87    87    89    88    82    89    85    89    86    82    88    85    85    45    10    42     1     0    81    46    17    85    87    48    82    41    10    85    82    46    82    83    84    81    86    46    82    83    86    82    86    46    85    42    11    86    82    47    83    90    90    82    89    46    85    89    90    85    90    88    86    88    88    84    82    87  
  82    90    86    45    85    87    20    43    90    88    82    81    87    88    89    50    81    87    84    85    87    90    90    82    88    87    88    45    86    88    10    43    84     0    13    44    85    81    85    49    87    84    16    50    84    81    86    89    86    85    87    48    84    82    86    86    84    42    87    86    11    50    81    83    83    82    89    87    82    45    84    87    85    90    89    83    89    86    89    89    88  
  82    90    85    90    48    81    47    17    47    84    81    88    89    84    84    90    41    83    84    88    89    87    88    85    81    82    85    85    49    84    41     2    49     3     0     6    85    81    81    88    48    85    45    10    46    90    89    90    88    85    86    87    43    89    83    90    88    87    47    86    50    12    43    88    89    88    87    88    87    86    49    81    83    89    82    85    82    89    88    86    82  
  88    86    89    88    86    47    88    45     3    88    81    86    84    82    88    88    89    48    86    81    82    86    84    89    90    87    90    87    90    50    82    49     2    41    20     0    81    88    88    88    87    42    89    44    17    85    82    87    87    85    90    81    85    44    83    84    87    89    84    46    90    48     7    88    85    82    86    87    83    90    82    43    86    90    85    84    85    89    90    89    87  
  50    88    85    84    83    82    81    83    82    14    41    85    50    86    83    81    88    82    43    90    84    84    86    86    90    82    85    16    48    90    44    88    84    81    82    90     0    19    50    17    48    82    50    85    89    15    45    89    44    89    90    89    84    82    42    83    86    85    87    87    89    81    89    10    50    87    46    87    83    81    83    86    47    87    83    88    87    84    82    90    88  
  86    48    88    90    89    87    88    83    86    49    18    46    88    49    84    83    82    82    86    43    90    81    84    88    90    85    90    44     8    43    89    46    89    90    84    88     5     0    18    49    16    41    82    50    86    50    12    45    83    42    83    81    83    86    82    45    83    89    82    85    83    89    87    49     7    50    88    43    85    89    88    88    84    45    81    86    87    86    84    82    81  
  90    88    47    90    88    90    81    88    85    90    42     9    87    86    44    90    88    87    86    81    47    88    84    84    84    85    83    89    48     4    90    84    44    90    86    87    48    10     0    83    43     7    87    82    50    89    46     2    85    86    42    86    90    82    88    85    47    87    88    82    88    86    84    87    49    20    84    90    50    82    83    86    87    90    42    81    86    85    83    86    81  
  83    86    89    43    86    84    87    90    83    46    87    82     1    46    84    43    88    85    86    81    81    49    82    90    84    87    84    45    89    85    14    50    87    45    84    81     5    50    81     0    15    45    12    43    84    45    82    83    18    42    85    43    90    83    88    83    82    48    90    84    90    86    81    42    88    85    15    47    82    42    88    84    86    90    83    43    88    89    85    85    83  
  89    86    89    87    47    90    86    87    89    81    49    85    49     3    44    84    47    85    84    87    89    88    47    84    82    82    83    88    41    83    41    11    48    82    45    88    45     4    45    10     0    15    48     5    48    86    48    87    43    16    41    81    48    82    87    88    81    89    44    86    85    82    87    87    45    90    49     2    48    84    44    86    89    85    86    84    46    85    85    88    85  
  82    87    89    87    86    48    81    84    90    82    90    49    86    49    18    90    89    50    84    81    83    82    90    45    85    82    89    89    84    48    88    47    17    81    83    42    85    41    14    41     6     0    86    43    20    84    83    43    81    49     3    82    83    49    85    89    90    83    86    48    81    89    82    87    84    50    88    43    13    89    87    46    81    83    86    86    81    41    84    87    90  
  89    87    86    86    89    87    47    86    83    88    83    89    50    90    81    12    42    85    86    88    81    82    85    86    42    81    84    88    85    86    43    82    90    20    49    86    50    90    81     6    46    89     0     6    45    84    81    83    49    83    85    17    43    86    86    88    89    84    90    88    42    81    83    82    84    81    47    84    87    16    42    89    83    86    83    82    84    86    48    88    83  
  86    82    88    87    84    84    85    46    83    82    85    90    88    41    85    49     3    50    88    82    87    87    84    89    88    43    84    84    90    88    90    47    88    44    13    42    81    46    84    44    20    48     4     0     3    86    89    88    88    47    81    45     9    47    89    88    81    81    87    89    82    47    82    84    82    89    87    50    82    42     4    46    86    88    90    90    85    82    87    42    89  
  89    87    87    81    86    90    84    84    48    86    84    86    88    89    44    82    42     6    84    81    88    83    82    83    86    87    48    81    82    86    89    81    45    83    42    10    82    82    46    84    49    11    46     1     0    90    88    90    90    88    47    90    49     3    88    89    87    90    90    89    82    90    45    84    89    86    88    86    47    87    50     6    90    87    81    82    87    88    86    83    46  
  81    86    83    87    84    87    83    86    81    42    84    83    82    85    85    87    88    83    20    49    88    41    89    82    90    83    89    48    82    83    88    88    87    83    87    81     9    46    81    44    88    84    84    85    82     0    16    50    12    42    83    47    87    85    88    84    82    85    81    89    85    85    90    43    81    87    85    82    86    84    83    83     5    41    87    42    84    87    90    83    88  
  81    82    85    88    85    90    88    85    83    90    47    90    89    90    87    84    81    86    47    15    45    81    41    88    81    82    85    89    41    81    83    84    85    84    89    81    45     3    41    86    43    90    89    90    86    13     0     7    42     8    41    88    45    84    82    89    89    88    84    87    87    89    83    84    44    81    85    85    84    84    87    82    47     7    47    89    48    87    85    88    85  
  81    90    86    87    87    81    81    81    83    88    83    42    89    89    82    90    81    84    85    46     9    87    87    44    84    86    87    82    85    43    89    89    85    85    86    84    85    43     4    86    82    48    82    85    90    48     5     0    82    42    16    83    89    50    84    82    83    87    85    89    82    81    85    89    83    49    81    86    86    87    84    87    89    45     8    88    83    50    81    89    82  
  82    81    88    85    88    86    87    90    86    85    81    87    41    89    89    89    89    84    44    87    84     4    47    90    43    82    83    82    90    90    49    88    84    81    85    89    46    89    88    17    50    81    49    83    89    19    48    87     0     3    42    17    45    90    82    85    81    90    86    90    86    88    88    88    81    89    49    87    85    88    82    85    49    85    88     5    41    83    44    81    82  
  87    83    88    89    86    81    90    90    82    89    89    81    87    43    85    82    89    84    90    46    82    44    17    42    88    42    89    89    86    82    88    43    83    86    90    85    86    44    86    43    20    43    88    42    90    44    14    47     3     0    11    46    14    47    83    82    86    88    84    89    85    81    81    89    82    84    90    44    83    90    81    85    86    50    90    43     9    42    86    50    81  
  83    90    90    88    83    81    88    87    86    89    83    83    87    81    44    83    81    87    81    84    50    88    44    19    83    83    46    85    81    85    89    84    48    86    87    84    90    88    42    82    49     5    88    88    46    89    43     1    47     8     0    90    41    18    90    86    89    84    85    84    88    90    87    86    88    84    90    88    46    90    86    87    83    86    46    88    41    13    82    86    46  
  90    81    86    90    88    81    87    82    88    89    90    83    84    82    82    45    87    82    86    85    90    46    85    90    18    45    86    83    90    89    86    86    86    42    83    81    87    84    85    41    87    90    13    44    87    44    88    88     9    50    84     0     1    43    90    85    84    84    81    84    90    86    90    90    88    90    86    90    81    49    82    86    83    82    83    49    83    89     1    44    81  
  89    85    87    87    82    90    86    84    83    89    90    87    83    83    90    86    49    81    85    82    90    83    48    82    44     3    49    83    84    88    81    84    83    83    43    90    83    81    81    81    41    83    47    14    47    90    46    87    48    15    49     2     0     4    83    86    90    82    88    90    85    88    83    90    82    81    87    85    90    81    41    84    88    90    83    83    41    82    44    11    46  
  85    83    81    86    83    88    86    90    87    82    86    89    85    82    83    87    81    45    82    90    86    83    89    50    88    41    12    84    84    81    87    81    82    87    89    49    87    82    89    90    83    43    87    48    15    90    86    44    82    46    13    44     3     0    89    88    90    86    87    90    81    90    88    90    89    85    82    88    81    89    88    48    89    83    86    84    86    45    87    50     5  
  45    86    90    86    89    85    88    88    82    81    89    89    83    83    82    82    85    89    87    82    86    90    86    87    87    87    88    14    47    88    43    83    88    90    81    88    47    84    83    82    86    81    88    90    88    87    88    88    84    86    82    85    82    86     0     3    49     2    46    84    41    90    86     2    42    88    48    87    86    81    84    82    46    85    90    83    83    85    83    90    88  
  90    45    89    89    87    82    82    89    83    82    83    90    85    82    90    85    82    86    90    89    83    87    86    83    83    88    90    43     1    46    88    49    81    86    86    82    82    43    89    87    88    84    85    85    89    85    83    82    87    82    88    90    83    89    13     0    14    44    16    44    87    47    89    43     2    44    88    41    86    87    85    86    84    45    82    85    82    89    83    87    84  
  87    89    48    89    87    83    83    84    90    89    85    82    85    82    90    82    82    82    86    84    86    84    88    90    84    86    88    90    41     2    88    90    47    85    88    81    85    82    47    85    90    85    84    81    82    88    81    85    84    83    83    82    84    85    44    20     0    84    47    14    88    89    42    89    45    11    83    83    42    88    83    81    84    84    49    87    81    90    87    87    85  
  81    88    84    47    87    85    83    83    83    81    84    82    86    82    83    82    90    84    81    85    85    89    84    89    83    86    87    47    86    86    15    41    88    44    84    90    86    81    81    45    86    82    88    86    87    89    89    84    89    88    89    90    86    88    12    46    89     0    18    41     6    45    88    43    89    86     1    41    84    43    86    87    81    90    82    42    88    81    84    89    86  
  81    88    85    90    43    87    86    88    87    81    88    90    85    86    90    85    84    83    85    87    81    86    81    90    85    85    84    87    45    90    47    11    44    89    41    85    87    83    90    83    42    86    90    86    83    89    85    84    87    82    88    85    85    88    48    17    43     7     0    18    44     2    42    83    43    90    45    17    47    82    49    81    86    83    90    87    47    83    85    89    90  
  85    88    81    83    81    48    89    84    82    90    89    81    83    85    82    90    89    83    83    90    88    90    87    85    83    86    90    88    88    41    90    48    17    87    83    41    85    84    81    85    86    48    85    87    89    86    89    89    82    89    88    86    88    82    87    41     3    42    13     0    89    42     5    83    84    49    90    44     1    88    83    44    88    86    81    82    82    50    88    86    85  
  89    85    90    87    89    82    44    85    83    88    85    83    83    87    81    90    82    87    86    86    83    86    90    81    89    88    86    86    81    90    44    88    85    15    42    81    82    85    85    84    86    90    50    85    83    82    84    89    84    82    85    88    84    82    43    84    84     6    48    89     0    19    43    86    90    81    46    82    85     3    43    85    88    83    81    87    85    89    47    82    84  
  88    85    86    90    81    81    89    49    89    86    90    85    82    81    84    82    87    90    87    85    90    84    84    87    90    87    81    90    84    86    88    47    88    49    18    41    82    82    86    83    81    87    81    42    82    88    83    84    88    83    89    82    85    90    84    50    81    44     2    49    13     0    15    89    88    89    89    44    85    45    16    46    84    81    89    82    83    82    84    47    90  
  86    86    90    84    87    85    83    86    42    81    86    86    90    84    88    82    88    85    89    88    85    81    83    82    89    81    88    85    88    82    84    84    45    89    45     9    90    89    89    82    86    85    86    83    49    85    86    87    89    82    81    81    87    82    81    82    42    89    49     2    48    10     0    82    82    81    87    88    43    87    47     9    89    87    90    82    87    86    82    83    42  
  81    81    90    81    87    86    90    84    82    49    89    87    86    87    81    81    90    85    83    84    83    89    89    89    84    90    86    43    81    88    81    86    81    85    86    87     5    41    83    50    83    89    87    85    83    41    89    89    82    86    88    82    86    84    11    43    90    45    89    81    85    83    81     0    14    48     8    49    83    49    86    90     4    43    82    45    82    86    89    85    89  
  88    88    85    85    84    81    86    89    88    90    42    83    86    89    85    86    84    86    86    87    89    85    86    81    81    83    90    88    43    88    85    86    90    87    89    88    47    15    44    89    46    81    90    85    89    88    42    85    82    89    86    83    86    85    45    10    43    83    46    82    82    90    86     3     0     4    44    15    49    83    48    84    44    11    43    88    42    87    89    82    89  
  90    88    81    81    90    90    81    81    87    88    89    49    86    88    90    84    89    83    83    81    89    86    86    82    90    81    82    89    84    48    83    89    82    85    85    84    82    49     1    84    88    50    81    86    82    86    88    41    87    88    87    86    90    82    88    43    14    81    86    48    87    86    86    48     1     0    86    42     9    81    81    46    89    46     4    89    83    48    89    84    89  
  90    87    84    86    84    89    86    86    83    88    87    83    41    85    81    86    87    88    81    87    88    81    86    89    88    82    85    85    81    90    43    88    81    85    84    88    44    83    89    12    41    88    43    84    85    89    90    84    48    82    84    87    86    89    46    83    86     5    45    90    47    87    86     9    48    85     0    19    47     1    42    87    42    84    84     2    44    88    41    82    88  
  82    88    81    88    84    82    85    90    82    88    85    84    87    41    83    88    86    84    85    81    83    82    85    85    85    81    86    84    84    87    82    41    90    87    86    89    81    44    87    47     3    45    81    44    86    90    87    90    88    43    83    82    86    88    81    49    90    49    19    49    84    50    84    50    14    42    18     0     2    47     4    43    88    43    89    50    15    46    82    42    86  
  87    90    88    87    87    82    89    87    90    88    89    90    87    87    49    85    89    81    88    89    88    87    82    83    88    81    89    89    87    89    89    89    50    81    84    86    88    90    47    90    45     4    89    88    41    82    89    86    89    86    42    87    90    81    89    85    45    89    47     1    89    85    44    86    44    17    49     7     0    82    44     4    86    81    45    88    42     1    83    82    48  
  88    90    90    82    86    84    83    89    84    89    83    90    83    83    86    44    85    84    82    83    90    85    83    82    84    86    87    90    84    85    82    84    86    41    82    87    82    87    85    45    88    89    12    42    85    81    85    86    83    85    86    47    83    84    81    82    84    44    82    88    12    44    85    46    87    81    19    41    82     0     9    49    82    83    83    44    82    84     1    49    86  
  83    87    83    87    89    89    88    82    87    89    83    82    81    87    90    81    42    89    81    86    87    85    90    82    89    81    81    82    87    82    83    82    83    89    46    86    87    89    90    84    45    88    45    17    49    83    83    89    89    81    83    90    47    88    89    88    81    83    49    86    44    10    42    83    44    85    42    12    48    12     0    16    87    88    88    86    43    88    44    15    49  
  89    85    83    81    85    85    86    89    88    86    86    89    88    81    84    83    83    48    87    81    88    83    89    87    83    85    81    87    81    89    88    87    90    88    86    46    89    88    84    87    81    48    83    49     6    87    87    90    83    81    87    89    87    48    87    83    86    85    81    43    86    41    19    85    83    41    88    47     8    49    11     0    81    88    88    82    82    41    84    49     1  
  86    88    85    87    85    81    88    84    90    84    83    82    89    86    88    86    85    81    47    88    90    90    84    90    85    90    87    81    84    88    85    83    84    82    90    86    47    83    86    82    84    87    85    81    84    16    45    81    45    81    85    84    85    90    44    82    85    84    81    88    83    89    90    18    42    84    45    82    82    89    81    81     0     9    47     3    50    90    50    85    88  
  83    88    81    89    90    87    83    81    90    82    84    86    86    87    86    90    86    89    90    50    90    81    88    83    90    86    87    88    82    87    89    85    87    86    86    81    83    42    90    88    84    83    88    86    87    50     8    43    84    41    85    87    86    87    82    43    90    88    89    83    84    82    86    47     2    47    82    50    84    83    89    81    13     0    18    42     3    45    89    46    89  
  87    83    81    89    83    85    87    82    82    83    88    86    88    85    89    82    82    86    87    83    47    83    85    82    84    83    81    90    86    84    88    81    89    82    84    82    84    81    48    88    82    82    89    87    90    87    42     8    87    89    41    81    87    85    82    88    45    83    83    86    85    86    89    81    49    12    84    90    50    88    88    87    41    11     0    89    50     8    82    87    48  
  84    90    89    89    81    90    81    82    81    87    85    89    82    86    85    84    81    86    81    87    86    44    90    90    83    89    84    89    89    88    84    84    86    83    90    87    81    89    89    48    84    87    89    85    83    47    82    81    13    43    84    49    88    83    85    81    87    47    85    86    84    81    86    48    85    86     8    49    88    41    82    83     9    49    82     0    20    42     4    47    90  
  83    84    88    83    83    82    86    82    82    82    81    82    86    84    81    81    89    90    84    84    82    85    41    83    83    86    84    87    86    87    81    90    87    90    84    86    86    85    90    81    49    88    81    83    89    90    44    81    49    10    41    82    41    90    81    87    88    86    47    85    87    89    83    84    50    82    45    16    49    81    42    86    46     8    41    14     0    13    43    19    49  
  86    85    87    81    87    83    82    88    83    87    84    83    89    88    81    90    86    83    88    85    89    83    87    45    88    89    88    88    88    87    86    87    82    90    89    83    85    85    83    86    89    45    87    84    89    87    84    41    88    41     4    90    90    50    90    88    82    88    82    49    88    87    83    82    82    43    86    46     5    85    82    48    82    44     5    50    11     0    81    48    10  
  86    82    86    90    87    85    87    81    85    84    87    85    88    82    81    83    88    81    83    84    83    89    83    88    41    82    90    85    87    83    86    86    84    82    86    84    84    90    83    84    87    90    43    82    87    85    89    89    41    86    87     1    43    82    90    86    88    82    90    87    47    88    84    85    85    90    47    81    85    18    50    84    46    90    88    14    47    86     0     2    43  
  82    83    87    81    86    87    84    87    82    87    81    89    85    83    85    84    90    85    85    89    83    84    89    85    89    47    84    87    86    90    84    89    89    87    87    86    82    82    82    87    81    81    86    44    90    82    83    84    84    46    83    43    10    43    84    82    90    87    90    86    90    44    88    81    83    84    88    42    87    41     8    48    89    43    84    41     6    48     8     0    14  
  86    86    85    87    89    84    84    90    85    81    85    87    83    81    86    88    81    81    87    82    84    84    82    89    87    88    44    82    90    84    81    89    86    82    81    89    81    87    84    84    82    87    88    83    47    86    85    81    82    90    49    81    47     9    83    87    85    90    84    87    88    88    42    86    90    82    90    81    49    81    41    16    87    82    41    90    49     1    48    16     0  

 590   189     1   715   102   956   140    26   266    60   226   401   562   502   821   481   389   824   228   462   156   631   662   370   812   753   168   510   696   280   804   762   963   670   211   274   362   536   939   472   891   391   945    74   680   410   927   960   447   527   531   364   871   842   280   180   470   892   290   832   714   211   167   864    82   311   807   796     4   492   750   249   102   360   637   709   172   424   108   585   337  
 139   689   339   348    64   412   664   208   950   915   994   962   415   519   251   614   116   575    86   104   517   657    62   976   814   617   481   990    96   178    64   572   662   214   831   804   213   969   730   411    94   406   405    50    29   572   275   562   291   375   994   449   227   155   696   548   626   870   934   158    65   279   940   133    37   345   838   934   990   775   253    98   799   813   376    72    12   194   167   596   203  
 446    37   777   714   550   495   776   689   710   968   996   800   626    73   204    49   329   566   523   471   421   679    78   163   984   298    12   527   753   595   529   628   675   399   569   966   784   186   839   276   820   752   456   878   977   445   420   452   321   729   175   747   795   793   270   941   192   885    24   670   973   798   854   328   792   622   790   873   477   100   506   332   793   114   622   765   189   200   253   283   569  
 582   952   520   983    53   390   251   792   208   326   297    59   384   685   391   829   427   706   888   548   634   978   573   695   374   648   632   300   112   944   527    97   486   260   635   888   853   792   783   402   171   428    71   724   150   558   856   504   170   919    61   906   687   319   437    80   926   330   685   435   376    77    63   367   970   552   647   377   338   127    57   702   748   758   499   481   911   282   520   109   848  
 955   973   528   417   812   787   179   994   452   395    16   501   239    85   836   948   535   653   131   853   637   347   823   267   775   131    71   563   391   531   378   198   773   130   824   289    37   835   445   253   412   255    13   321   383   258    57   564   206    46   316   603   241   847   163   671   591   643   552   971   944   895   956   613    17   730   971   397   171    72   110   386   266    63   574   958   479   329   334   503   649  
 718   569   664    24   576   192   941   771   533   910   634   205    66   677   101   155   635   648    89   643   905   231   954    95    20   852   135   909   251   343   836   365   871   360   231    62   594    79   418   292   429   417    43   265   255   649    31   230   399   185  1000   355   851   868   554   756   935   727   902   284   672   526    53   737   947    59   137   377   779   281   574   903   308   462   495   111   126   291   450   969    76  
 279   410   737   891   956   851   373   781   834   615   333   521     7   604   862   411   662  1000   308   383   421   618   375   234    13   937   498   302   350   925   208   344   157   631   173   872   915   864   429   272   913   535   378   185   208   354   281   581   604   967   390   632   542   860   828   512   651   613   840    28   541   755   411   733   883   167   947   241   471   679   355   368   861   399    44   122   640   516   220   530   812  
 914   147   990   761   222   313   257   829   672   534   712   526   879   447   711    39   721   256   394   134   617   768   767   567   223   104   648   235   690   750   404   221   400   446   910   567   890   697    12   439   390   971   194   588   457   265   569   284   803   366   951   243   326   691   778   297   162   995   304   840   521   509   504   719   491   312   565    30   467   665   700   698   246   512   252   348   871   656   218   816   177  
 221   965   452   315   909   779   162   456   206    38   427   488   860   375    93   808   746   319   422   439   456   708   771   495   926   361   453   328   843   922   863    21   128   538    19   953   514   638   140   341     1   395   375   123     2    95   418   271   562   395   952   940   985   321   204   210   269   897   948   841     4    53    86   736   514   656   894   644    94   952   966   451   232   195   945   446   414   794   918   381    36  
 935    41   494   589   924   738   917   793   655   116   720   455   795   379   250   902   957   791   657   921   158   605   579   461   203   235   383   669   212   645   394   340   823   907   608   985   187   114   985   129   612   810   179   248   245   440   346   186   952   554   798   850   587   566   412   643   781   600   100   772   179   214   806   301    13   330   664   985   333   187   520   209   469   503   911   396   412   143   221   294   373  
 727    95   674   597   884   451   494    99    65   920   686   154   322   573   690   669   705   452   253   449   541   125   589   556    37   483   786   871   687   365   723   989    11   644   298   583    24   857   735   339   890   842   439   985   776   372   357   758   370   522   750   608   450   528   308   678     8   572   329   674   284   976   204   497   842   878   700   900   775   301   822    13   510   790   648     4   668   715   752   106   439  
 296   662   689   647   757   744   147   176   196   637    47   309   378   800   303   776   747   321   760   866   299   824   674   804   382   165   181    93   120   314   379    52   351   536   760   339   807   861   575   508   808   519   992   793   410   192   594   417   907   839   932   575   506   889   315   289   540   455   877   894   582   820   653   412   299   734   252   900   170   999   889   731   461   648   934   534   825   211   673   207   675  
 141   994   189   110   536   951   130   603   158   991   572   960   599   833   189   942   376   444   821   683   175   517   944   180   222   852   475   878   146   764    48   123   619    35   267   425   794   930    42   670   417   732   932   188   989   653   745   341   594   141   313   464   779   743   610   812   618   474   300   118   241   821   874   123   191   167   717   102   371    73   879   682   312   524   127   338   294   174   821   776    90  
 476   157    23   685   786   691   167    54   590   181   508   275   356   337   511   769   199   205   334   328   753   627   936   655   505   474   751   776   712   542   942   487    86   991   101   139   962   857     7   223   381   993   397    79    50   384   175   615    65   620   965   382   983    83   810   564   551   734   866   764   889   178   199   275   822   252   990   958   968   216   305   753   665   885   520   152   361    84   137    11   834  
 674   789   442   988   755   552   281   368   203   990   726   283   217   461   470   190   634   532   887   678   520   774   739   610    96   476   972   899   228   506   869   705    67   650   965   571   654    94   610   412   939   757   910   786   118   383   652   482   149   477   544   353   515   886   397   688   106   789   585   878   875   475   679   184    98   312   816   266   761   276   565   509   293   107   771   386   679   862    95   519   802  
 134   407   603   910   624   690   113   353   599   629   391   804   390   147   426   802   909   115   465   598   187   648   754   970   147   644   900   262   915   352   600   794   330   974   740   206   657   788   467   374   295   985   669   676   651   135   789   622   115   265     1   370   781   302   124    85   951   442   301   749   122   295   404   444   268   649   326   979   447   877   650   125   364   646   894   313   683   148   929   897   509  
 116   479   930   864   718   293   671   627   721   698   528   920   498   761   758    15   470    91   378   603   706   490   306   291   810    49   647    89   672   876   715   472    13   621   600    85   748   484   510   942   159   757   559   996   548   900   119   240   969   888   980   980   710   352   186   268    57   391   375   478    22   438   279   646   594   952   555   648   785   938   635   493   920   930   876   235   894   228   720   279   656  
 276    63   511   185   863   325   417   844    54   718   885   987   821   347   756     2   613   893   870   476   417    24   255   166   142   441   842   333    10   391   828   861   781   152   717    71   134   480    48   609   690   642   998   459   833   143   416    10   381   810   757   528   553   165   282   747   545   550    76   315   453   839   198   871   966   130     3   619   738   756   789    47   578   637   586   133    40   762   509   608    43  
 468   418   207   722   267   817   945   694   182   746   172   651   274   325   355   615   783   519   570    78   694   884   336   261   116   321   529   551   508   154    72   128   658   483   686   925   615   528   973   219   231   374   657   190   538   734   508   234   738   184   389   818   741   403   119   496    89   975   592   134   294   147   788   154   500   792   546   926   665   516   814   587    88   887   972   551   252   377    71   685   745  
  28   917   588   988   445    85   632   816   473   683   231   861   906   375   941   398   482   125    36   291   505   966   727   437   245   839   207   898   803   582     9   540   804   157   659   678   882   937   679   462    26   839   105   881   650   509   228   600   618   580   726   125   678   436   136   137   978   660   360   250   424   917   906   263   371   434   291   279   239   935   903    98   887   781   328   191   423   678   343   120   928  
 538   984   239   351   200    79   937   656   177   339   280   194    92   809   179   205   642   196   709   730    80   622   615   986   435   164   382   551   555   388   379   791   364   230   917   724    43   135   372    14   682   484   531    75   445   951   107   835   688   344   343   675   759   757   949   217   961   208   992    62   196    53   527   710    23   216   318    23   543   142   344   326   996   649   561    58   107   810   682   476  1000  
 937   725    88     6    75   725   105   924   918   345   411   766   373     7   311   670   176   569   314   871   578   134   396   643   745   397   586   380   998   867   572   129   542   209   482   785   709   935   892   916    21   595   804   425   786   868   579    43   405   620   930   919   169   306    81   501   349    89   736   786   717   410   547   882   677   338   415   978   942   283   259   875   182   289   924   338   461   767   336   523   792  
 399   464   520   417   931   923   568    47    37   727   943   727   790   268   906   473    11   351   793   862   559   470   382   635   920   686   365   719   663    84   226   837    65    69   636   246    85   378    82   651   401   929   226   598   549   257   163   473   538   109   985   246   230   852   249   456   221    60   879   545   338   268   252     3   435   357   516   175    29   686   170    76   822   850   890   170   148   697    64   177   936  
 326   482   569   372   169   786    55   737   238   155   881   856   214   566   669   734   897   881   648   720   265   743    71   904   644   266   617   635   258   246   282   829   421   141    63   664   638   589   142   267     4   144   604   600   181   759   540    76   827   798   851   688   570   212    85   784   245   504   852   310   710   905   668   415   159   783     5     5   786   761   274   370   547   457   880   782   805   329   910   992   180  
 504   347   557   386   753   665    34   119   197    52   323   129    18   969   261    71   109   298   747   534   375   142   379   942   950   497   674   277   198   891    79   761   894   714   739   194   643   840   633   476   463    67   548   817   414   925   710   916   301   769   409    20   145   872   541   499   349   483   968    17   636   534    52   513   852   861   624   987   669   606   404   787   678   862   954   530    78   885    82    55   958  
 341   198   973   642    37   284   817   773   416   138   758   579   834    56   521   500   431   503   868   206   991   567   360   788    20   275    58   658   979   212   904   400   433   473   679   118   262   207   875   342   992   692   877   200   446   566   836   247    50   313   986   171   715    38   387   857   706   905   809   648   823   359   745   718   253    23   494   515    19   448   477   453   614   908   817   502   865   457    47    81   631  
 940   280   266   253   690   614    62    25   209   385   306   683   411   791   132   208   817   920   477   238   633    73   751   704   391    99   197   501   202   559   684   721   838   659   260   753   306   207   447   973    34   145   921   722   870    49   838   241   583   818   192   498    24    80   382   886   850   399   910    55   102   288    22   729    32   386   757   107   297   776    25   246   516   661   110   962    77   356   217   190   596  
 446   996   652   922   121   125   110   642   713   474   767    26   510   469   527   411   675   784   582   139   664   256  1000   388   827   340   141   868   152   704   204   397   770   721   682   759   480   375   533   766   595    23     8   508   989    17   635   416    80   237   269   287    59   935   942   615   105   580   615   963   468   241   443   814   727   783   171   979   378   308   737   870   242   778   271   642   875   796   692   232   487  
 437    55   208   660   411   120   511   642   300   507   721   659   763   441    20   518   199   189   101   214   722   975   705   139   569   537   107   543   253   305   182   423   238   696   314   982   126   126   820   103   907   161   100   774    50   959   410   322   630   744    53    13   268    82   650   723   536   218   260   409   972   847    88   635   446   107   877   451    76   475   570   601   834   464   970   282   365   360   682   373   783  
 525   383   240   214   757   593    87   638    22   439   783   769   582   792   535   946   933   636   534   393   311   962   920   240   865   259   299   387    80    91   355    69   752    82   386   476   721   212   468   410    86   426    29   196   658   184   627   161    79   317   232   675   915   700   961   977   406    56   297   745   675   105   385   194    27   877   401   474   422   306   801   291    31    86   273   551   161   814   534   475   203  
 381   254   862   881   636   561   857   109   443   922   944   488   370   338   334   380   796   205   834   206   600   509   633   613   910   907    13   937   237   549   836    72   508   558   591   976   223   103   630   147   364   909   457   594   553    42    50   284   516   250   428   459   476    41   579   749   669   233   643   163   875   395   391   832   984   606   470   546   290   370    85   108    29   773   722   463   711   654   531   822   494  
 815   822   507   666   143   862   416   491   351   468   991    17   606   867   913   786   449   999   311   954   529   293   545   875   463   101   168   129   720   126   486   577   788   581   484   790   881   156   241    26   457    32   808   272   866   493   732    47   152   682   386   515   386   564   891   623   615   685   245   377   935   706   833   176    71   103   507   790   199   338   640   545   603   158    16   829   961   929    80   833   505  
 285   563   500   470   464   795   806   664   496   861   408   107   220   995   352   240   454   278   997   321   393   813   587   201   488   841   333   547   291   636   515   499   604   178   503   102   900   565    13   924   125   727   473   234   623    51   673   432   234   511   123    54   254   162   309     9   679   692   670   261   579   406   919   920   980   942   779   745    43   540   163   216   409    70   302   282   364   764   177   211   999  
 672   330   980    26   509   694     4   797   785   333   248   188   256   433   285   172   351   682   134    72   594   533   229   138   715   123   855    37    26   590    85   536   384   174   851   666   760   938   482   596   942   543   648   334   650   571   439   569   983   248    89   697   369   466   144   989   776   811   332   674   608   577   560   371   585    13   373    45   332   831   796   409   483   219   735   792    66   316   980   993    59  
 609   782   295   546   120   636   603   241   733    93    81   832   809   179   274   930   758   938   780   390   775   346   776   595   368   858   101   189   354   363    41   857   796   650   343   295   354   664   346   286   910   558   977   569   692   543    73   788   839   443    49   671   823   214   601   249   734   664   811   137   278   574    46   292    60   906   985   118   525   786   225   591   715    75   892   826   993   339   728   918   119  
 168   687   376   870   554   597   429   598   429   261   299   716   407   908   652   675   115   189   882   468   334    13   449   612    56   399   955    60   408   991   148   731   596   572   220   162   811   837   742   604   732   200   718   682    40   980   453   779    73   749    75   711    88   795   705   922   130   407   161   896   782   278   289   650   635   482   535   231   774   930   779   623   642   694   367    75   228   189   683   850   554  
 545   825   873   500   352    65   431   271   641   883   210   903   510   897   752   611   550   313   602    82    29   347   550   717   580   940   323   236   606   474   795   634   563   585   293   248   939   110   799   922   823   255   613   889   684   217   780   440   338   682   448   245   864   265   945   901   692   445   314   387   609    63   491   715   820   683   329   127   784   441   993   244   878   140    75   951   736   747   567   869   877  
 491   510   788   207   884   159   709   822   136   323   269   811    68   401   324   729   378   644   804   122   328   940   777   977   624   194   899   778   623   164   685   993    82   541   951   994   204   702   102   931   678   449   926   381   559   384   457   802    30   987   874   386   833   133   169   821   241    31   599   175   713   284   750   300   204   807   670   916   561   525   307   823   295   560   357   297    78   650   585   994   464  
 706   544   591   170   804   111   249   726   184   858   141   951   671   714   318   851   770   889   163   681    68   190   447   570   297   806   974   433   760   454   853   515    82   637     5   785   840   968   928   505   511   895   588    70   657   995   309   230   190     3   919   345    89   656   624   660   405   514   940   646   244   966   735   486   987   375   559    55   699    48   107   596   889   519   815   320   121   405   666   592   551  
 458    26   305   549   579    78   616   732   503   974   624   224   129   896   189   920   924   550   491   624   812   986   637   145   305    93   379   979   844   753   235   458   936   441   100   971   151   427   352   522   673     4   378   754   543   875   438    51   305   164   886   840   285   805   865   465   823   710    66   701   886   660   658    53   145   131   618    67    81   151   721   606   793   638   215    96   450   873   432    92   359  
 538   345   128   632   108   498   764   524   640   812   253   785   499   621   368   147   423   740   409   738   220   233   755    60   863   256   567    47     8   748   455   819   902   427   470   754   966   339   243   740   768   963   541   302   554   786   144   233   346   953   776   993   819   528   434   487   745   254   360   563   142   474   684   142   830    47   927   221   170   632   522   783   376   617    99   327   792   435    55    44   131  
 191   927   329   467   538   691   696   997   677   491   141   902   683   433   788   483   717   165   624   439   571    79   632   645   804   716   759   284   842   854   554   267   567   312    81   855   155   317   798   347   512   699   923   964   879   893   930   723   773   887   413   576   284   969   967   722    75   295   636   865   301   716   222   116   611   218   599    82   404   858    83    99   642   665   695   462   239   360   663   534   228  
 854   279    30   298   754   221   667   245   857   445   339   543     1   899   898   311   635   308   343   709   559   901   223   273   371   620   924   585   662   158   912   286   497   395   644   123   862   477    82   429   650   779   154   459    53   424   512   261   316   146   972   751   948   201   917   776   480   649   108   978   188   855   417   758   807     5   385   338   645   811   606   875   107   694   161   714   746    28   988   337   759  
 806   171   952   740    78   788   744   558   949   264   310   135   561   943   496   244   334   954   269   648   596    52   694   100   637   582   534   494    77   959   985   968   191   952   463   503    97    72   297   638   340   762   125   193   187   870    87   137   116    43   567   101   388   707   872   208   465   820   619   519   213   632   832   719   968   963   161   855   261   841   313   141   796   606   195   213   697   384   874   733   503  
 101   553   925    13   510   687   784   452   668   551   711   122   567   303    49   604   982   172   267   375   906   447   517   486   212   422   350   290   284   431   295   828   193   523   933   287   152     3    37   102   210   757   560   352   308   696   656   974   296   526   637   858   843   459   456   288   785   863   969    48   656   413   600    33   255   936   425   960   303   120   816   701   947   799   141   163   737   159   181   547   436  
 249   312   620   472    34   714   116   225   364   572   413   420   866   646    52   211     8   214    10   121     5   786   828   217   374   231   850   842   131   428   846   611   896    25   730   583   279   361   432   478   803   919   299   464   582   868   697   299   509   597   380   127   185    37    50   992   486   931   778    26   706   241   910   442   361   378   422   404   519   232   808   830   105   956   563   574   928   644   834   608   277  
 216   718   962     7   235   574    18   539   266   900   508   535   230   807   404   367   846    84   118   605    67   959   557   138   985   343   114   855   648   554   404   418   469   506   442   695   224   877   982   343   979   913   582   367   411   240   572   547   783   508   143   557   685    80   202   560   314   514   601   537   252   417   163   108   565   454   907    32   266   403   807   182   625   697   289   515   637   642   320    25   705  
 340   672   797   503   656   522   781   609   358   191   709   908   519   100    66   978   292   370   768   849   528   409   122   992   939   346   219   351    28   762   974   915   384   844   207   541   581   598   803   457    26   525   323   625   218    83   836   285   435   636   689   892   304   865   495   704   123   438    63    28   801   162   914    78   165   389   631   987   281    12   319   417   287   109   573    13   872   417   881   335    26  
 882    58   377   595   878   546   781   133   501   494   559    43   772   178    31   434   164   978   344   241   338   939   851   422   608   753   332   605   274   840   542   760   170   156   695   898   148   880   766   819   389   210   172   949   882    16   562    66   594   220   428   927   180   148   269   422   481   781    55   416   858   544   304   429   149   482   771   112   201   616    21   547   136   133   758   413   223     5   255   708   966  
 831   564   220   162   481   169   827   596   603   249    90   447   545   781   218   794   465   816   435   557   330   480   533    35   976   709   210   570   818   927   117   806   350   854   802   689   810   364   871   932   206   610   701   984    12   788   782   198   316    58   816   434   401   682   451   152    52    97   221   503   833   265    72    80    66   382   550     9   777   316   762   609   568   608   127   974   444   825   901   959   808  
 319   259   390   261    12   882   444   368   236   599   264   367    75   274   277    54   982   335   939   195   662   620   104   428   464   837   389   316   576   880   770    56   418   447   438   132   958   267   310   870    14   903   941    33   908   849   977   180   297   267   418   965   226   190   313   394   816   915    74   564   476   941   588   187   124    72   923   270   347   731   950   359   130   241   138   289   869     7   564   171   485  
 165   443   648   849   749   274   507   892    62   374   901   731   868   623   789   313   741   197   473   140   750    95   245   552   472   112   449   121   544   748   680   965   876   730   828   425   934   393   492   500   588   346   792   676   319    45   349   844   637   792   552   386   859   304   227   698   129   754   646   465   242    65   126   148   175   784   850   144   322   566   956   455   296   916   440   450   788   189   682   516   358  
 472   586   387   839   954     3   157   654   244   898   729    62   589    76   168   451   129   489   420   247   344   444   959   977   411    86    63   688   483   358   590   503   691   547    66   314   315   685   129   888   666   909   736   207    69    21   120   397    26   432   813   506    79   385   362    70   727   132   219   359   806    21   565   681   601    53   583   598   618   980   271   468   238   894   967   183    92   952   901   395   801  
 354   763   120   325   730   907   429   867   672   646   516   897   573   268   858   326   738   980   218   520    38   909   579   988    32   147   752   250   199   970   301   725   525   373   542   410   998   523   177   923   151    94   860   169   222   556   771   527   805   903   895   491   770   625   295   484    78    67   691    33   364   704   197    21   417   474   563   755    14   518   654   155   355   725   443   505   680   736   422   363   950  
 675   416   821   809   132   756   781   528   506   686   590   621   998    94   213    95   875   570   845   609   480   878   879   718   158    54   363   553   722   978   639   482   685   146   634    40   832   972   215   143   366   162   951    41   965   690   970   725   112   362   651    65    10    70   158   679   862   952   723   124   873   631   300   744    26   167   387   508   741   701   518   981   834   285    66   990   256   845   633   683   636  
  22   975   630   484   792   373   166   649   303   487   391    84    28   616   407   666   335   118   134   111   551   758     9    85   806   114   166   481   807   141    86   578   175   417   200   624   129   704   192   198   823   964    18   427   567   344   936   870   872   186   987   318   131   631   946   779   617    63   227   524   358   155   594   204   321   965   647   440   257   450   527   530    12   347   275   449   878   292   711   497   807  
 617   490   641   287   651   602   289   230   838   421   328    96   177   139   528   220   878    94   810   470   505   142   544   946   202   533   428    82   884   682   349   669   418   754   574   254   430   922   561   586   534   159   765   256   251   307   313   991   743   787   794   565   622   164   932   582   808   709   603   505   279   452   822   438   806   666   120   697   373   870   692   663   341   750   731   207    23   871   496   996   920  
 588   768   364   145   968   464    82   253   408   926   740   370   891   912   306   554   278   645   834   357   911   312   459   264   210    43   835   328    38   468   539   255    11   822   922   372   338   911   548   413   587   727   123   630   226   884   306   265   425   292   479   583   772   917   809   825   108   612   675   516   220   376   918   967   830    74    65   275   854   324   805   139   767   325   346   848   954   833   249    45  1000  
 799   585   466   802   574   830   822   558   410   834   873   363   373   875   543    37   882   846    59   554   388   258   307    98   289   891   256   654   448   914   921   103   956   654   386   571    86   957   486   882   778   756   443   948   955   320   642   970   267   365   865   956   343   189     8   116   383   200   708   632    70   821   713   338   331   589   168   862   273   452   384   360   200   691   936   564   294   304   930    73   933  
 674   644   190   861   920   251   620   166   156   917   978   292   264   534    71   915    12   385   764   615   826   373    83   839   695   546   884   497   693   777   493   160   892   792   973   436    86   113   754   791   971    93   529   735   808   992   766   394   179   784   920    88    44   500   803   768   112    96   461   881   742   498   697   290   889   112     6   402   629   996   487   287   635   528   145   718    44   668   363   116   773  
 122   210   316   934   116   340   746     5   414   904   790   169   372   128   246   647    41   251   772    52   831    49   239   988   247   189    51   689   461   901    83   723     1   722    98   386   369   489    81   627   281   259   591   906   886   583   285   143   941   268   575   930   859   725   992   261   213   865   244   779   174   778   648   266   333   225   736   833   415   318    69   810   686   805   956   711   949   626    26   366   765  
 794   121   889   910   229   789   516   180   171   352    12   194   594   102   859   814   685   308   852   198   355    16   594   251   978   630    23   908    54   987    93   928   424   846   681   879   610   212   662   325   989   106   586   797   357   332   725   325   535   611   768   164   394   742   940    33   802   401   962   410   459   772   622   686   135    69   880   200   913    38    46   629   769   429   972    82   369   791   109   360   395  
  15   206   620   177   604   364   586   287   867   836   472   874   780   453   362   209   834   688   357   457   576   468   367   328   189   663   486   708   857    72   254   262   537   529    81   558   259   694   234   470   657    44   717   335    32   523   367   602   609   100   600   838   688   476   550   921   778   798   911   750   693   941    76   932   337   160   250   692   234    76   864   700   209   782   376   536   148   379   845    76   690  
 464   402   479   298   341   964   228   880   372   289   558   187   434   645   622   438   554   513   366   671   684   381    48   152   980   168   677    98   967   766   879    56    77   940   533   160   942   780    17   314   517   730   260   661   670   636   223   961    90   510   864   571   543   630   358   471   627   636   994   239   740   896   183   836   335   817   299   993   528   216   737   590   466   490     6   984   783   968   837   749    75  
 894   392   373   988   245   410   231   973   527   608   184   224   603   179   551   305   351   282   994   848   240  1000   901   301   628   473   801    96   870   593   309   420   584   306   335   489   868   394   449   326   206    11    34   646   457   776   189   590   938   759   337   213   907   927   408   779   671   329   109   598   589   228   205   367   155   303   572   205   289   278   924   728   673   352    26   490    69   615    57   688   920  
  96   364    84   352   811   442   787   520   140   811   546   739   446   426   712   923   967   443   840   468   568   539   702   678   995   678    64   561   686   242   290   144   683   837    63   468   204   557   867   244   689   253   817   631   134   583   736   571   757   330    93   842   697   762   447   579   617   406   741   911   916   169   185   574    87   574    99   653   184   673   639   426   208    57    30   626   881   400   228   301   340  
 190   569   454   965    36   813   546   706   731   883   515   524   789   986   111   511   829   599   715   258    57   986   946   706   359   416   579    25   899   395   381   598   602   331   422   471   205   586   988   720   655   923   619   589   212   582   856   812   393   346   825   356   935   619   596    99   708   226   891   398   443   887   852   219   670   693   963   673   313   225   797   155   334   345   526   507   921   545   556   331   306  
 596   630   440   541   349    37     6   727   759   443   134   872   162   201   595   245   252   531   781   147   153   342   430   809    16   513   681   382   797   394   799   165   252   545   124   638   350   447   455   239   271   720   472   629   461   309   825   203    78   329   432   885   665   336   937   102   574   426   357   653   326   602   353   679   398   891   501   711    89   579   873   786     6   620   417   910   653    81   657   641   694  
 267   337   578    96   681   193   954    11   407   100   496   729   329   480   496   552   455   986   585   901   238   572   907   323    50   386   194   427   242   478    91   474   196    79   250   992   379   959   184   614    93   691   382    83   595   279   911    80   659   776   349   340   811    98   416   154    70   679   417   622   477   446   385   536   177   245   244    20   125   669   723   731   917   731   155   683   317   304   787   832   600  
 410   819   803   548   432   862   450   234   394   965   607   895   388   395   923   184   888   910    80    44   948   224   179   950   876   312   169   394   767   986   774   157   204   254   404   355   219   847   169   419   159   155   449   515   770   590   115   823   155   834   919   264   475   548   904    13   309   809   337   300   247   455   771   754   198   923   161   881   992   202   922   632   719   487   677   916   911   121   181   601   934  
 248   750   471   890   303   223   617   332   201   461   204   695   368   951   507   526   298   527   408   810   856   662   394   930   591   931   278   651   474   375   965   780   136   601   268   186   683    29   567   389   312   568   953    80   975   831   687   952   782   862   776   654   537   443   484    14   227   457   753   313   239   845   623   930   655   777    71   603   823    90   864   705   535   324   927   235   734   721   785    75   582  
 895   340   450   466   932    91   210   444   996   710   800    43   159   174   899   716   550   801   149   989   193   304   130   634   288   808   731   485   838   427   507   237   408   526   342   602   727   667    23   862   429   777   112   258   174   823   718   283   577   182    36    79   946     1   667   204   588   613   285   625   916   284   421   599   452   453    44   454   912   847   893   758   188   240   592   941   948   233   856   762   743  
 901     3   462    82   354    18   210   294    80   678   401   772   243   740   404   445   996   107   842   400   722   978   197   278   377   338   187    13   412   814   122   394   134   610   858   584   482   708   925   255   131     8   229    70    36    91   332   804   765   796   263   415    94   169   741   864   945   201   253   384   497   661   209   938   870   160   169   345   932   733   277   407   291   855   569   483   565   777    48   625   650  
 407   926   636    76   409   663   121   913   204   881   297   715   225   337   294   259   746   857   148   771   500   535   790     2   366   298   890   295   643   216   561   252   977   394   628    10   453   398   565   482    55   421   758   124   306    62   266   812   980   356   610   460   200   574   277   951   277   710   900    33   637   412   637   642   561   349   849   984   629   822   384   590   799   424   692   670   249   636   661   749   290  
 534   693   796   801   766   374   564    51   836   553   408   507   971   618   705   756   102    33   339   449    75   303   864   400   375   169   568   639   971   213   642   581   934   280   782   670   592    87   256   452   628   163   572   192   762   119   276   916   498   414   623   795    13   929   184   999   868   528   463   644   170   657   688   102    67   131   215    70   250   596   316   369   172   170   629   334   517   705   161   797   812  
 911   452   876   773   113   919   618   381   761   971   682   130   279   215   343   177   920     2   566    85    22   961   974   937    28   499    88   119    10   682   631   918   699   446   440    22    53   146   784    80   662   197   715   488   783   230   347   882   772   320   365   534    27   645   170   110   212   102   324   972   996    55   630   166   731    51   771   897   986   977   279   814   234   300   461   598   453   675   391   932   422  
 922   329   976   894   114   153   611   212   110   533   484   342   762   990   363   231   974   230   188   351   558   269   443   291   901   266    88   541   778   595   912   441   915   421   796   457   528   313   465   963   989   959   614   811   488   981   193   721   219   393   332   858   327   536   777   655   346    54   357   959   797   982    21   516   130   311   402   148   413   402   234   928   305   768   916   366    50   907   338     5   268  
 257    40   879   352   372   925   641   331   407   605   905   411    62   487    64   157   529   944   216   539    71    54   863   957   763   658   606    39   432   214   818    75   742   891   155   624   862   381   969    78   426   100   603    57   438   202   537   305   935   793   736   947   487   567   329   227   358   737    41   120     9   553   343   336    39   385   403   640    16   453   744   291   451   106   808     1   797   262   377    35   586  
 107    97   947   539   227   959    87   432   124   721   118   349   684   122   193    67   216   675   986   678   330   511   662   155   905   474   737   686   640   258   439   875   669   802   710   755   753   276   307   330   390   724   801   511   929   696   668    91   860   989   288   365   268    93   644   374   634   840   633   507   817   481   347   215   920   411   382   785   350   947   120   135   794   772   555   693   246   629   739   542   928  
 365   918   450   415   186   407   260    39   693   476   793   866    63    51   475   888   875   920   857   274   570   794   226   585   141    15   505   562   654   657   863   350   141    46   451   832   205   120   943   250    11   852   214   391   709   699   806   101   950   874   820   582   843   773   148  1000   469   134   405   958   829   800  1000   562   619   662   266   390   424   637    64   520   355   947   322    92   702   108   387   668   632  
 249   222   791   424   432   687   607   105   256   364   676    72   428   610   527   780   548   394   628   490   816   587   618   579   768   859   702   405   662   486   332   131   889   386   137   870   348   185   379   511   390   297   962   814   292   264   475   832   342   200   298   509   427   372   833   174   268    45    76   260   295    92   138   326   450   816   160   769     4   923   899   655   991   815   674   544    68   486   491   914   653  
