81

  0   10   16   47   46   36   48   46   47   83   82   89   82   89   90   89   84   86   85   83   86   89   90   87   82   87   88  122  122  122  121  121  129  123  129  121  128  128  126  127  123  125  122  124  122  125  129  124  126  125  126  123  126  123  130  129  127  128  129  124  127  130  125  125  127  126  124  122  126  128  130  124  125  124  128  127  127  129  125  125  121  
 10    0    2   42   49   46   40   41   49   89   82   86   85   82   82   90   82   84   82   84   82   86   87   90   86   87   89  126  124  124  129  125  122  130  130  124  121  130  123  121  130  126  122  128  130  130  127  126  124  124  127  121  125  126  121  122  127  127  121  121  124  124  124  121  130  122  119  124  130  127  123  123  126  122  125  130  127  130  121  125  123  
 16    2    0   48   45   42   45   43   47   85   88   90   86   81   87   89   88   90   82   89   86   79   83   87   87   84   88  128  130  121  128  121  128  127  122  127  123  123  130  123  127  130  122  122  127  123  125  129  123  127  121  122  121  129  128  127  128  130  123  126  130  122  129  121  121  124  125  122  126  124  125  121  124  129  125  122  125  125  128  127  126  
 47   42   48    0   10    4   46   42   41   89   87   81   86   82   84   90   71   88   83   74   85   86   89   85   84   85   82  130  124  124  123  124  127  130  127  127  126  128  122  128  121  123  124  130  128  121  130  127  124  122  130  121  129  127  125  130  124  117  122  127  129  121  126  122  128  129  129  122  130  123  122  124  125  120  124  123  130  125  125  123  121  
 46   49   45   10    0   10   47   45   43   81   84   89   86   82   85   88   85   81   86   89   87   86   85   84   90   82   86  126  124  130  122  129  123  127  121  121  128  128  125  114  130  129  127  126  124  120  127  124  126  129  130  130  127  122  126  126  124  127  130  125  126  126  125  122  126  123  130  123  129  125  127  123  121  129  130  125  123  124  122  127  124  
 36   46   42    4   10    0   47   47   49   81   81   84   83   81   84   81   83   84   84   87   81   86   86   85   89   82   85  123  122  127  123  126  125  128  125  122  124  122  124  121  129  124  126  130  122  121  121  127  128  128  129  124  122  126  121  129  129  129  123  130  126  125  128  124  126  123  128  129  123  126  122  123  128  126  125  121  129  129  123  126  125  
 48   40   45   46   47   47    0    6   15   85   85   90   89   83   86   82   88   85   81   76   89   86   85   89   84   85   83  128  127  130  129  124  124  123  119  121  128  126  125  125  128  121  126  128  129  126  123  122  128  128  125  130  122  130  127  130  121  122  126  125  127  124  126  121  122  124  128  121  124  128  127  128  129  121  123  121  121  122  127  128  130  
 46   41   43   42   45   47    6    0   20   89   89   87   87   84   90   81   83   90   90   88   89   87   81   86   88   85   86  123  127  130  127  123  124  121  128  125  130  130  130  128  124  130  123  126  127  125  125  125  125  128  125  121  126  126  126  124  126  122  122  123  127  130  124  125  126  123  126  129  123  124  123  130  129  127  127  123  126  121  116  124  129  
 47   49   47   41   43   49   15   20    0   81   88   88   88   85   85   85   81   80   82   83   88   85   86   83   82   89   87  125  130  129  126  130  122  124  129  126  128  121  124  129  125  123  130  121  124  122  127  123  124  121  121  130  125  126  123  126  121  130  126  123  128  123  125  128  121  123  123  125  130  122  128  121  124  127  126  121  123  126  115  122  130  
 83   89   85   89   81   81   85   89   81    0   18    1   45   39   43   44   30   41   84   87   83   88   88   90   85   83   81  128  126  125  121  124  128  122  123  127  125  124  127  127  123  128  124  123  127  127  128  125  124  127  128  126  122  126  121  127  121  121  121  122  126  122  122  125  122  127  128  123  123  130  117  128  125  124  124  130  123  123  125  126  122  
 82   82   88   87   84   81   85   89   88   18    0   19   42   42   49   32   41   43   87   89   89   80   85   89   86   84   87  126  130  122  129  125  127  126  124  125  127  122  121  121  128  122  123  130  127  121  121  121  124  124  129  122  126  124  129  123  130  122  124  121  125  127  122  128  122  127  124  126  127  123  127  129  121  123  128  124  130  122  122  125  122  
 89   86   90   81   89   84   90   87   88    1   19    0   43   41   41   43   49   46   90   82   88   87   89   88   87   81   81  123  119  124  126  127  121  124  127  127  121  127  121  126  125  121  122  129  128  128  124  126  121  122  122  123  130  128  123  123  122  125  127  121  122  121  124  123  128  124  124  125  127  123  125  123  127  118  121  129  123  129  129  121  127  
 82   85   86   86   86   83   89   87   88   45   42   43    0   18   18   27   45   49   90   82   81   83   81   86   86   84   83  122  127  130  128  121  124  128  124  124  122  129  126  123  130  124  124  126  122  129  128  130  125  130  127  123  123  121  130  128  124  123  128  126  126  122  123  130  122  126  124  122  130  128  127  127  115  113  121  121  127  130  126  125  123  
 89   82   81   82   82   81   83   84   85   39   42   41   18    0   14   48   43   41   85   85   89   89   88   82   86   88   84  127  129  128  123  129  130  121  126  121  122  122  125  121  126  126  114  129  126  129  121  127  122  126  124  121  126  123  130  130  126  122  125  123  128  123  129  129  123  126  128  125  121  122  124  129  126  121  126  128  128  125  128  128  126  
 90   82   87   84   85   84   86   90   85   43   49   41   18   14    0   44   41   44   84   88   90   90   85   89   84   81   83  123  125  129  128  120  130  124  129  128  128  122  123  130  126  129  123  125  128  124  127  120  128  125  122  123  129  129  125  113  122  122  124  124  125  123  119  126  121  129  123  123  127  124  127  128  127  126  125  130  130  127  126  129  129  
 89   90   89   90   88   81   82   81   85   44   32   43   27   48   44    0   14   20   90   81   86   84   80   87   83   85   82  130  126  125  128  127  126  127  122  130  122  123  124  124  119  130  125  127  122  121  125  128  121  130  125  128  129  125  129  129  130  125  130  126  126  121  129  121  127  130  122  127  126  129  123  127  125  126  123  126  121  125  129  123  121  
 84   82   88   71   85   83   88   83   81   30   41   49   45   43   41   14    0   20   87   84   82   86   84   82   82   90   88  122  123  126  121  124  128  125  126  127  122  127  125  121  128  128  126  129  122  129  129  127  121  121  124  129  129  130  128  128  123  121  128  128  127  122  127  122  123  127  127  124  124  130  129  129  130  125  126  129  121  121  128  126  121  
 86   84   90   88   81   84   85   90   80   41   43   46   49   41   44   20   20    0   87   84   90   88   85   85   85   90   80  122  123  123  124  124  127  126  129  129  128  124  128  126  123  126  127  123  115  124  129  122  129  127  125  128  126  124  126  123  130  126  125  129  123  126  127  129  129  129  122  127  127  122  122  126  129  129  122  124  124  124  128  130  122  
 85   82   82   83   86   84   81   90   82   84   87   90   90   85   84   90   87   87    0    4    7   47   42   48   38   49   44  122  125  121  122  126  128  123  130  127  129  130  129  123  126  124  123  130  123  130  127  123  130  123  129  122  124  124  124  130  124  125  123  122  127  121  125  122  122  126  130  123  130  128  130  122  121  125  122  123  125  127  130  130  124  
 83   84   89   74   89   87   76   88   83   87   89   82   82   85   88   81   84   84    4    0   12   49   40   47   38   50   50  126  126  126  130  130  128  121  122  129  121  123  121  128  129  123  128  124  123  126  125  129  126  130  129  123  129  129  129  128  121  127  121  126  125  124  125  124  127  122  124  129  125  129  127  125  129  124  125  124  125  123  122  125  128  
 86   82   86   85   87   81   89   89   88   83   89   88   81   89   90   86   82   90    7   12    0   47   43   48   43   46   43  124  124  123  130  126  129  124  129  121  125  122  130  127  125  130  128  126  123  124  123  127  129  125  123  126  122  122  129  130  128  130  121  125  126  124  129  130  127  126  126  123  128  126  127  122  125  122  125  125  121  125  122  123  122  
 89   86   79   86   86   86   86   87   85   88   80   87   83   89   90   84   86   88   47   49   47    0    4   16   42   45   36  129  127  129  121  125  128  129  123  126  130  124  127  130  128  121  125  124  127  126  124  122  124  128  125  126  125  130  124  123  129  124  128  127  126  128  124  123  129  123  130  127  124  127  128  127  129  122  124  127  121  126  126  125  125  
 90   87   83   89   85   86   85   81   86   88   85   89   81   88   85   80   84   85   42   40   43    4    0   19   41   44   47  130  122  123  122  121  121  129  123  128  124  130  123  120  129  130  125  122  127  127  116  130  129  128  123  125  121  123  127  129  122  124  126  123  124  129  126  122  124  121  123  127  124  124  129  128  126  121  129  122  122  129  128  130  127  
 87   90   87   85   84   85   89   86   83   90   89   88   86   82   89   87   82   85   48   47   48   16   19    0   43   41   39  121  121  125  126  122  130  122  123  123  122  130  124  126  129  123  125  124  124  121  128  130  123  119  127  121  129  130  117  123  124  124  129  129  121  128  129  125  130  130  125  121  122  126  129  124  125  129  130  128  124  127  124  127  130  
 82   86   87   84   90   89   84   88   82   85   86   87   86   86   84   83   82   85   38   38   43   42   41   43    0   18    7  128  125  121  129  128  125  124  128  130  125  128  130  123  128  126  127  126  124  126  129  123  129  126  130  124  128  123  123  130  127  121  124  121  128  126  122  125  127  128  126  117  129  123  123  130  129  117  122  121  130  122  127  123  129  
 87   87   84   85   82   82   85   85   89   83   84   81   84   88   81   85   90   90   49   50   46   45   44   41   18    0   16  126  122  126  127  126  127  125  122  124  125  123  129  127  123  127  124  124  128  125  127  128  122  130  124  126  124  130  130  122  130  130  130  123  122  127  127  128  127  121  125  128  125  128  124  127  127  127  123  125  126  128  127  129  126  
 88   89   88   82   86   85   83   86   87   81   87   81   83   84   83   82   88   80   44   50   43   36   47   39    7   16    0  128  128  128  124  121  121  121  123  123  123  129  128  123  122  122  124  125  115  122  122  122  130  121  130  126  130  123  126  129  124  129  128  123  123  127  126  123  126  121  130  121  126  122  128  122  129  126  123  124  127  129  128  125  126  
122  126  128  130  126  123  128  123  125  128  126  123  122  127  123  130  122  122  122  126  124  129  130  121  128  126  128    0    2   11   44   41   50   38   47   43   89   78   88   85   85   90   90   88   88   90   86   83   89   79   87   83   87   82  127  122  121  113  122  129  123  121  124  125  130  126  126  128  127  127  128  126  127  123  124  129  126  127  125  125  122  
122  124  130  124  124  122  127  127  130  126  130  119  127  129  125  126  123  123  125  126  124  127  122  121  125  122  128    2    0   17   41   43   36   48   44   48   86   86   74   86   86   87   88   85   84   84   81   86   82   81   82   90   85   81  129  127  125  125  130  122  116  126  122  127  126  122  128  129  123  123  122  129  129  127  123  126  121  122  122  129  130  
122  124  121  124  130  127  130  130  129  125  122  124  130  128  129  125  126  123  121  126  123  129  123  125  121  126  128   11   17    0   46   44   42   34   44   49   75   86   87   90   81   84   82   88   83   84   87   88   88   81   86   90   86   84  123  123  122  130  124  122  125  126  125  129  126  123  124  124  124  122  122  128  128  121  126  123  130  122  124  128  124  
121  129  128  123  122  123  129  127  126  121  129  126  128  123  128  128  121  124  122  130  130  121  122  126  129  127  124   44   41   46    0   12    7   49   43   42   81   87   85   79   86   83   86   87   84   81   89   86   87   82   89   81   74   88  129  122  121  123  121  128  121  129  126  129  128  113  129  126  129  125  130  127  128  126  126  122  122  124  130  127  130  
121  125  121  124  129  126  124  123  130  124  125  127  121  129  120  127  124  124  126  130  126  125  121  122  128  126  121   41   43   44   12    0   16   47   47   49   88   84   86   87   89   89   84   81   81   88   83   83   81   84   83   83   89   86  129  129  126  128  124  127  121  129  123  125  122  127  125  122  122  128  130  121  126  128  128  123  122  123  123  127  121  
129  122  128  127  123  125  124  124  122  128  127  121  124  130  130  126  128  127  128  128  129  128  121  130  125  127  121   50   36   42    7   16    0   43   42   44   83   90   83   81   77   81   81   89   81   89   86   83   82   88   87   85   88   87  129  127  125  130  123  126  126  130  121  122  124  124  129  123  123  122  125  126  128  121  123  124  128  127  126  127  126  
123  130  127  130  127  128  123  121  124  122  126  124  128  121  124  127  125  126  123  121  124  129  129  122  124  125  121   38   48   34   49   47   43    0   19    7   84   84   84   84   82   90   84   83   88   84   87   84   85   85   84   89   88   86  129  121  122  125  123  128  129  130  129  126  130  127  130  123  128  118  126  121  126  126  121  123  121  121  127  123  121  
129  130  122  127  121  125  119  128  129  123  124  127  124  126  129  122  126  129  130  122  129  123  123  123  128  122  123   47   44   44   43   47   42   19    0    1   86   87   90   86   82   88   90   73   82   74   87   86   86   86   85   81   84   86  126  119  125  124  126  125  123  121  124  128  125  127  125  124  123  125  126  122  129  127  127  129  125  126  121  122  128  
121  124  127  127  121  122  121  125  126  127  125  127  124  121  128  130  127  129  127  129  121  126  128  123  130  124  123   43   48   49   42   49   44    7    1    0   87   87   80   90   87   86   85   86   90   85   88   86   81   82   85   88   86   74  129  128  122  121  125  122  128  130  129  128  124  130  123  124  123  124  130  115  125  125  125  125  130  124  128  126  122  
128  121  123  126  128  124  128  130  128  125  127  121  122  122  128  122  122  128  129  121  125  130  124  122  125  125  123   89   86   75   81   88   83   84   86   87    0    4    5   42   43   45   42   39   42   89   77   90   86   81   90   81   88   84  122  123  124  127  124  125  130  123  124  115  124  128  130  122  118  121  123  121  121  129  128  129  125  130  124  125  121  
128  130  123  128  128  122  126  130  121  124  122  127  129  122  122  123  127  124  130  123  122  124  130  130  128  123  129   78   86   86   87   84   90   84   87   87    4    0   17   48   43   50   50   44   41   81   90   90   89   86   82   86   81   87  129  124  128  129  124  126  121  124  122  129  126  117  124  128  129  124  130  127  130  129  122  130  128  126  126  130  121  
126  123  130  122  125  124  125  130  124  127  121  121  126  125  123  124  125  128  129  121  130  127  123  124  130  129  128   88   74   87   85   86   83   84   90   80    5   17    0   50   34   41   38   41   45   84   83   84   82   79   88   87   89   83  126  121  123  125  123  130  126  121  127  124  125  121  128  121  122  130  121  130  121  123  128  129  122  123  124  122  125  
127  121  123  128  114  121  125  128  129  127  121  126  123  121  130  124  121  126  123  128  127  130  120  126  123  127  123   85   86   90   79   87   81   84   86   90   42   48   50    0    2   12   47   41   41   84   85   81   89   85   81   83   81   84  122  122  123  130  124  130  121  126  122  126  129  127  121  130  128  127  122  127  126  126  129  127  121  125  122  122  128  
123  130  127  121  130  129  128  124  125  123  128  125  130  126  126  119  128  123  126  129  125  128  129  129  128  123  122   85   86   81   86   89   77   82   82   87   43   43   34    2    0   14   38   49   45   85   85   85   84   90   89   85   85   90  127  128  126  129  127  130  122  126  130  123  130  124  129  124  127  130  122  127  128  126  130  129  129  121  128  130  128  
125  126  130  123  129  124  121  130  123  128  122  121  124  126  129  130  128  126  124  123  130  121  130  123  126  127  122   90   87   84   83   89   81   90   88   86   45   50   41   12   14    0   42   38   32   83   87   82   81   86   90   81   85   89  129  125  118  130  115  125  124  123  126  126  127  125  126  122  122  125  123  124  130  126  129  129  122  122  127  124  123  
122  122  122  124  127  126  126  123  130  124  123  122  124  114  123  125  126  127  123  128  128  125  125  125  127  124  124   90   88   82   86   84   81   84   90   85   42   50   38   47   38   42    0    3    6   86   82   85   87   88   90   84   84   82  127  121  126  128  120  129  128  125  130  126  121  128  126  126  130  129  122  128  126  122  127  130  124  123  129  125  122  
124  128  122  130  126  130  128  126  121  123  130  129  126  129  125  127  129  123  130  124  126  124  122  124  126  124  125   88   85   88   87   81   89   83   73   86   39   44   41   41   49   38    3    0    6   84   88   84   83   86   78   88   74   83  130  130  125  121  121  126  128  129  122  121  129  129  130  123  121  129  129  130  120  127  125  127  121  130  127  128  128  
122  130  127  128  124  122  129  127  124  127  127  128  122  126  128  122  122  115  123  123  123  127  127  124  124  128  115   88   84   83   84   81   81   88   82   90   42   41   45   41   45   32    6    6    0   85   83   81   89   88   77   80   86   88  123  127  125  123  121  124  129  125  126  124  126  124  125  125  128  122  126  127  122  127  122  130  130  129  121  122  127  
125  130  123  121  120  121  126  125  122  127  121  128  129  129  124  121  129  124  130  126  124  126  127  121  126  125  122   90   84   84   81   88   89   84   74   85   89   81   84   84   85   83   86   84   85    0    4   11   34   46   34   44   42   46  126  123  123  121  119  126  121  121  124  122  126  123  121  128  121  124  126  123  130  129  122  126  127  125  126  126  126  
129  127  125  130  127  121  123  125  127  128  121  124  128  121  127  125  129  129  127  125  123  124  116  128  129  127  122   86   81   87   89   83   86   87   87   88   77   90   83   85   85   87   82   88   83    4    0    1   31   46   49   40   34   41  127  115  124  122  127  124  126  123  121  126  127  130  126  129  124  130  128  127  130  121  124  126  127  123  130  125  129  
124  126  129  127  124  127  122  125  123  125  121  126  130  127  120  128  127  122  123  129  127  122  130  130  123  128  122   83   86   88   86   83   83   84   86   86   90   90   84   81   85   82   85   84   81   11    1    0   42   42   41   43   44   44  127  124  128  128  125  127  121  119  127  124  128  129  122  125  128  123  122  125  123  128  122  129  122  118  126  121  121  
126  124  123  124  126  128  128  125  124  124  124  121  125  122  128  121  121  129  130  126  129  124  129  123  129  122  130   89   82   88   87   81   82   85   86   81   86   89   82   89   84   81   87   83   89   34   31   42    0   10    2   49   50   46  127  130  127  128  128  123  128  121  126  122  129  130  126  121  124  122  129  122  122  130  130  128  127  125  124  128  123  
125  124  127  122  129  128  128  128  121  127  124  122  130  126  125  130  121  127  123  130  125  128  128  119  126  130  121   79   81   81   82   84   88   85   86   82   81   86   79   85   90   86   88   86   88   46   46   42   10    0    5   49   41   39  123  130  126  121  124  130  124  128  127  128  127  121  126  125  129  126  129  130  127  130  128  121  127  121  123  126  123  
126  127  121  130  130  129  125  125  121  128  129  122  127  124  122  125  124  125  129  129  123  125  123  127  130  124  130   87   82   86   89   83   87   84   85   85   90   82   88   81   89   90   90   78   77   34   49   41    2    5    0   28   50   46  129  127  121  130  124  121  125  126  129  123  122  129  127  121  122  123  121  121  125  125  126  130  127  121  125  124  130  
123  121  122  121  130  124  130  121  130  126  122  123  123  121  123  128  129  128  122  123  126  126  125  121  124  126  126   83   90   90   81   83   85   89   81   88   81   86   87   83   85   81   84   88   80   44   40   43   49   49   28    0   20   13  125  128  126  129  125  125  124  116  129  121  124  126  125  124  118  124  127  125  130  126  122  129  129  124  122  125  125  
126  125  121  129  127  122  122  126  125  122  126  130  123  126  129  129  129  126  124  129  122  125  121  129  128  124  130   87   85   86   74   89   88   88   84   86   88   81   89   81   85   85   84   74   86   42   34   44   50   41   50   20    0   20  122  127  126  126  127  130  124  129  122  121  129  125  126  123  121  115  130  122  130  127  126  121  124  125  123  127  127  
123  126  129  127  122  126  130  126  126  126  124  128  121  123  129  125  130  124  124  129  122  130  123  130  123  130  123   82   81   84   88   86   87   86   86   74   84   87   83   84   90   89   82   83   88   46   41   44   46   39   46   13   20    0  126  127  125  125  128  125  122  124  123  123  125  124  125  127  130  125  129  127  124  128  126  127  128  124  126  121  129  
130  121  128  125  126  121  127  126  123  121  129  123  130  130  125  129  128  126  124  129  129  124  127  117  123  130  126  127  129  123  129  129  129  129  126  129  122  129  126  122  127  129  127  130  123  126  127  127  127  123  129  125  122  126    0    4   17   44   50   47   43   45   46   81   87   83   90   81   85   86   82   88   89   87   82   89   88   82   86   84   86  
129  122  127  130  126  129  130  124  126  127  123  123  128  130  113  129  128  123  130  128  130  123  129  123  130  122  129  122  127  123  122  129  127  121  119  128  123  124  121  122  128  125  121  130  127  123  115  124  130  130  127  128  127  127    4    0   14   39   47   41   41   45   50   85   81   88   82   90   90   90   90   88   87   90   87   83   87   85   84   87   81  
127  127  128  124  124  129  121  126  121  121  130  122  124  126  122  130  123  130  124  121  128  129  122  124  127  130  124  121  125  122  121  126  125  122  125  122  124  128  123  123  126  118  126  125  125  123  124  128  127  126  121  126  126  125   17   14    0   46   37   45   37   42   45   79   81   89   85   88   81   81   83   87   84   90   86   83   90   84   89   87   88  
128  127  130  117  127  129  122  122  130  121  122  125  123  122  122  125  121  126  125  127  130  124  124  124  121  130  129  113  125  130  123  128  130  125  124  121  127  129  125  130  129  130  128  121  123  121  122  128  128  121  130  129  126  125   44   39   46    0   14   18   47   45   45   86   84   90   81   82   85   89   86   90   83   89   88   84   81   89   88   83   81  
129  121  123  122  130  123  126  122  126  121  124  127  128  125  124  130  128  125  123  121  121  128  126  129  124  130  128  122  130  124  121  124  123  123  126  125  124  124  123  124  127  115  120  121  121  119  127  125  128  124  124  125  127  128   50   47   37   14    0   20   50   46   43   87   81   83   81   83   82   83   83   87   84   82   82   87   90   85   87   84   86  
124  121  126  127  125  130  125  123  123  122  121  121  126  123  124  126  128  129  122  126  125  127  123  129  121  123  123  129  122  122  128  127  126  128  125  122  125  126  130  130  130  125  129  126  124  126  124  127  123  130  121  125  130  125   47   41   45   18   20    0   37   50   42   84   85   88   86   90   73   88   85   90   88   86   88   83   86   83   88   89   82  
127  124  130  129  126  126  127  127  128  126  125  122  126  128  125  126  127  123  127  125  126  126  124  121  128  122  123  123  116  125  121  121  126  129  123  128  130  121  126  121  122  124  128  128  129  121  126  121  128  124  125  124  124  122   43   41   37   47   50   37    0   18    5   84   75   87   88   89   84   82   86   88   84   83   83   81   90   87   83   81   86  
130  124  122  121  126  125  124  130  123  122  127  121  122  123  123  121  122  126  121  124  124  128  129  128  126  127  127  121  126  126  129  129  130  130  121  130  123  124  121  126  126  123  125  129  125  121  123  119  121  128  126  116  129  124   45   45   42   45   46   50   18    0    2   87   90   82   84   82   84   81   90   89   85   85   83   85   83   89   82   84   86  
125  124  129  126  125  128  126  124  125  122  122  124  123  129  119  129  127  127  125  125  129  124  126  129  122  127  126  124  122  125  126  123  121  129  124  129  124  122  127  122  130  126  130  122  126  124  121  127  126  127  129  129  122  123   46   50   45   45   43   42    5    2    0   88   87   88   87   87   89   84   84   86   88   85   90   90   81   87   71   85   88  
125  121  121  122  122  124  121  125  128  125  128  123  130  129  126  121  122  129  122  124  130  123  122  125  125  128  123  125  127  129  129  125  122  126  128  128  115  129  124  126  123  126  126  121  124  122  126  124  122  128  123  121  121  123   81   85   79   86   87   84   84   87   88    0   14   14   42   41   43   30   49   50   85   88   88   85   81   82   81   82   74  
127  130  121  128  126  126  122  126  121  122  122  128  122  123  121  127  123  129  122  127  127  129  124  130  127  127  126  130  126  126  128  122  124  130  125  124  124  126  125  129  130  127  121  129  126  126  127  128  129  127  122  124  129  125   87   81   81   84   81   85   75   90   87   14    0   16   46   45   43   40   37   41   84   84   83   83   84   83   90   90   89  
126  122  124  129  123  123  124  123  123  127  127  124  126  126  129  130  127  129  126  122  126  123  121  130  128  121  121  126  122  123  113  127  124  127  127  130  128  117  121  127  124  125  128  129  124  123  130  129  130  121  129  126  125  124   83   88   89   90   83   88   87   82   88   14   16    0   48   49   44   47   41   46   84   86   83   83   85   86   90   81   82  
124  119  125  129  130  128  128  126  123  128  124  124  124  128  123  122  127  122  130  124  126  130  123  125  126  125  130  126  128  124  129  125  129  130  125  123  130  124  128  121  129  126  126  130  125  121  126  122  126  126  127  125  126  125   90   82   85   81   81   86   88   84   87   42   46   48    0   11    9   45   46   43   84   84   90   90   79   86   90   81   90  
122  124  122  122  123  129  121  129  125  123  126  125  122  125  123  127  124  127  123  129  123  127  127  121  117  128  121  128  129  124  126  122  123  123  124  124  122  128  121  130  124  122  126  123  125  128  129  125  121  125  121  124  123  127   81   90   88   82   83   90   89   82   87   41   45   49   11    0   10   45   42   43   87   82   86   82   84   88   83   90   82  
126  130  126  130  129  123  124  123  130  123  127  127  130  121  127  126  124  127  130  125  128  124  124  122  129  125  126  127  123  124  129  122  123  128  123  123  118  129  122  128  127  122  130  121  128  121  124  128  124  129  122  118  121  130   85   90   81   85   82   73   84   84   89   43   43   44    9   10    0   41   46   42   86   86   84   89   89   88   88   90   87  
128  127  124  123  125  126  128  124  122  130  123  123  128  122  124  129  130  122  128  129  126  127  124  126  123  128  122  127  123  122  125  128  122  118  125  124  121  124  130  127  130  125  129  129  122  124  130  123  122  126  123  124  115  125   86   90   81   89   83   88   82   81   84   30   40   47   45   45   41    0   20    9   83   82   81   90   84   82   90   90   84  
130  123  125  122  127  122  127  123  128  117  127  125  127  124  127  123  129  122  130  127  127  128  129  129  123  124  128  128  122  122  130  130  125  126  126  130  123  130  121  122  122  123  122  129  126  126  128  122  129  129  121  127  130  129   82   90   83   86   83   85   86   90   84   49   37   41   46   42   46   20    0    6   84   81   81   86   82   84   82   81   77  
124  123  121  124  123  123  128  130  121  128  129  123  127  129  128  127  129  126  122  125  122  127  128  124  130  127  122  126  129  128  127  121  126  121  122  115  121  127  130  127  127  124  128  130  127  123  127  125  122  130  121  125  122  127   88   88   87   90   87   90   88   89   86   50   41   46   43   43   42    9    6    0   85   82   87   84   90   87   89   82   81  
125  126  124  125  121  128  129  129  124  125  121  127  115  126  127  125  130  129  121  129  125  129  126  125  129  127  129  127  129  128  128  126  128  126  129  125  121  130  121  126  128  130  126  120  122  130  130  123  122  127  125  130  130  124   89   87   84   83   84   88   84   85   88   85   84   84   84   87   86   83   84   85    0   13    8   33   43   41   42   43   41  
124  122  129  120  129  126  121  127  127  124  123  118  113  121  126  126  125  129  125  124  122  122  121  129  117  127  126  123  127  121  126  128  121  126  127  125  129  129  123  126  126  126  122  127  127  129  121  128  130  130  125  126  127  128   87   90   90   89   82   86   83   85   85   88   84   86   84   82   86   82   81   82   13    0   20   42   44   42   46   41   42  
128  125  125  124  130  125  123  127  126  124  128  121  121  126  125  123  126  122  122  125  125  124  129  130  122  123  123  124  123  126  126  128  123  121  127  125  128  122  128  129  130  129  127  125  122  122  124  122  130  128  126  122  126  126   82   87   86   88   82   88   83   83   90   88   83   83   90   86   84   81   81   87    8   20    0   47   45   50   41   41   43  
127  130  122  123  125  121  121  123  121  130  124  129  121  128  130  126  129  124  123  124  125  127  122  128  121  125  124  129  126  123  122  123  124  123  129  125  129  130  129  127  129  129  130  127  130  126  126  129  128  121  130  129  121  127   89   83   83   84   87   83   81   85   90   85   83   83   90   82   89   90   86   84   33   42   47    0    9   14   43   42   44  
127  127  125  130  123  129  121  126  123  123  130  123  127  128  130  121  121  124  125  125  121  121  122  124  130  126  127  126  121  130  122  122  128  121  125  130  125  128  122  121  129  122  124  121  130  127  127  122  127  127  127  129  124  128   88   87   90   81   90   86   90   83   81   81   84   85   79   84   89   84   82   90   43   44   45    9    0    7   43   47   50  
129  130  125  125  124  129  122  121  126  123  122  129  130  125  127  125  121  124  127  123  125  126  129  127  122  128  129  127  122  122  124  123  127  121  126  124  130  126  123  125  121  122  123  130  129  125  123  118  125  121  121  124  125  124   82   85   84   89   85   83   87   89   87   82   83   86   86   88   88   82   84   87   41   42   50   14    7    0   50   46   47  
125  121  128  125  122  123  127  116  115  125  122  129  126  128  126  129  128  128  130  122  122  126  128  124  127  127  128  125  122  124  130  123  126  127  121  128  124  126  124  122  128  127  129  127  121  126  130  126  124  123  125  122  123  126   86   84   89   88   87   88   83   82   71   81   90   90   90   83   88   90   82   89   42   46   41   43   43   50    0    1    8  
125  125  127  123  127  126  128  124  122  126  125  121  125  128  129  123  126  130  130  125  123  125  130  127  123  129  125  125  129  128  127  127  127  123  122  126  125  130  122  122  130  124  125  128  122  126  125  121  128  126  124  125  127  121   84   87   87   83   84   89   81   84   85   82   90   81   81   90   90   90   81   82   43   41   41   42   47   46    1    0   19  
121  123  126  121  124  125  130  129  130  122  122  127  123  126  129  121  121  122  124  128  122  125  127  130  129  126  126  122  130  124  130  121  126  121  128  122  121  121  125  128  128  123  122  128  127  126  129  121  123  123  130  125  127  129   86   81   88   81   86   82   86   86   88   74   89   82   90   82   87   84   77   81   41   42   43   44   50   47    8   19    0  

  0   26    0   21    0    0    0    0    0   21    0    0    0    0    0    0    0    0    0    0    0    0    0    0    0    0    0   22    0    0    0    0    0    0    0    0    0    0    0    0    0    0    0    0    0    0    0    0    0    0    0    0    0    0    0    0    0    0    0    0    0    0    0    0    0    0    0    0    0    0    0    0    0    0    0    0    0    0    0    0    0  
 26    0   27    0   21    0    0    0    0    0   29    0    0    0    0    0    0    0    0    0    0    0    0    0    0    0    0    0   24    0    0    0    0    0    0    0    0    0    0    0    0    0    0    0    0    0    0    0    0    0    0    0    0    0    0    0    0    0    0    0    0    0    0    0    0    0    0    0    0    0    0    0    0    0    0    0    0    0    0    0    0  
  0   27    0    0    0   30    0    0    0    0    0   30    0    0    0    0    0    0    0    0    0    0    0    0    0    0    0    0    0   21    0    0    0    0    0    0    0    0    0    0    0    0    0    0    0    0    0    0    0    0    0    0    0    0    0    0    0    0    0    0    0    0    0    0    0    0    0    0    0    0    0    0    0    0    0    0    0    0    0    0    0  
 29    0    0    0   24    0   27    0    0    0    0    0   24    0    0    0    0    0    0    0    0    0    0    0    0    0    0    0    0    0   22    0    0    0    0    0    0    0    0    0    0    0    0    0    0    0    0    0    0    0    0    0    0    0    0    0    0    0    0    0    0    0    0    0    0    0    0    0    0    0    0    0    0    0    0    0    0    0    0    0    0  
  0   29    0   27    0   30    0   27    0    0    0    0    0   26    0    0    0    0    0    0    0    0    0    0    0    0    0    0    0    0    0   24    0    0    0    0    0    0    0    0    0    0    0    0    0    0    0    0    0    0    0    0    0    0    0    0    0    0    0    0    0    0    0    0    0    0    0    0    0    0    0    0    0    0    0    0    0    0    0    0    0  
  0    0   21    0   29    0    0    0   28    0    0    0    0    0   30    0    0    0    0    0    0    0    0    0    0    0    0    0    0    0    0    0   24    0    0    0    0    0    0    0    0    0    0    0    0    0    0    0    0    0    0    0    0    0    0    0    0    0    0    0    0    0    0    0    0    0    0    0    0    0    0    0    0    0    0    0    0    0    0    0    0  
  0    0    0   23    0    0    0   26    0    0    0    0    0    0    0   21    0    0    0    0    0    0    0    0    0    0    0    0    0    0    0    0    0   23    0    0    0    0    0    0    0    0    0    0    0    0    0    0    0    0    0    0    0    0    0    0    0    0    0    0    0    0    0    0    0    0    0    0    0    0    0    0    0    0    0    0    0    0    0    0    0  
  0    0    0    0   29    0   24    0   30    0    0    0    0    0    0    0   23    0    0    0    0    0    0    0    0    0    0    0    0    0    0    0    0    0   22    0    0    0    0    0    0    0    0    0    0    0    0    0    0    0    0    0    0    0    0    0    0    0    0    0    0    0    0    0    0    0    0    0    0    0    0    0    0    0    0    0    0    0    0    0    0  
  0    0    0    0    0   28    0   21    0    0    0    0    0    0    0    0    0   22    0    0    0    0    0    0    0    0    0    0    0    0    0    0    0    0    0   25    0    0    0    0    0    0    0    0    0    0    0    0    0    0    0    0    0    0    0    0    0    0    0    0    0    0    0    0    0    0    0    0    0    0    0    0    0    0    0    0    0    0    0    0    0  
 28    0    0    0    0    0    0    0    0    0   29    0   25    0    0    0    0    0   30    0    0    0    0    0    0    0    0    0    0    0    0    0    0    0    0    0   29    0    0    0    0    0    0    0    0    0    0    0    0    0    0    0    0    0    0    0    0    0    0    0    0    0    0    0    0    0    0    0    0    0    0    0    0    0    0    0    0    0    0    0    0  
  0   25    0    0    0    0    0    0    0   30    0   30    0   27    0    0    0    0    0   27    0    0    0    0    0    0    0    0    0    0    0    0    0    0    0    0    0   24    0    0    0    0    0    0    0    0    0    0    0    0    0    0    0    0    0    0    0    0    0    0    0    0    0    0    0    0    0    0    0    0    0    0    0    0    0    0    0    0    0    0    0  
  0    0   24    0    0    0    0    0    0    0   29    0    0    0   23    0    0    0    0    0   26    0    0    0    0    0    0    0    0    0    0    0    0    0    0    0    0    0   23    0    0    0    0    0    0    0    0    0    0    0    0    0    0    0    0    0    0    0    0    0    0    0    0    0    0    0    0    0    0    0    0    0    0    0    0    0    0    0    0    0    0  
  0    0    0   28    0    0    0    0    0   24    0    0    0   29    0   29    0    0    0    0    0   27    0    0    0    0    0    0    0    0    0    0    0    0    0    0    0    0    0   25    0    0    0    0    0    0    0    0    0    0    0    0    0    0    0    0    0    0    0    0    0    0    0    0    0    0    0    0    0    0    0    0    0    0    0    0    0    0    0    0    0  
  0    0    0    0   25    0    0    0    0    0   24    0   26    0   30    0   26    0    0    0    0    0   21    0    0    0    0    0    0    0    0    0    0    0    0    0    0    0    0    0   26    0    0    0    0    0    0    0    0    0    0    0    0    0    0    0    0    0    0    0    0    0    0    0    0    0    0    0    0    0    0    0    0    0    0    0    0    0    0    0    0  
  0    0    0    0    0   27    0    0    0    0    0   24    0   21    0    0    0   25    0    0    0    0    0   26    0    0    0    0    0    0    0    0    0    0    0    0    0    0    0    0    0   30    0    0    0    0    0    0    0    0    0    0    0    0    0    0    0    0    0    0    0    0    0    0    0    0    0    0    0    0    0    0    0    0    0    0    0    0    0    0    0  
  0    0    0    0    0    0   28    0    0    0    0    0   27    0    0    0   24    0    0    0    0    0    0    0   28    0    0    0    0    0    0    0    0    0    0    0    0    0    0    0    0    0   24    0    0    0    0    0    0    0    0    0    0    0    0    0    0    0    0    0    0    0    0    0    0    0    0    0    0    0    0    0    0    0    0    0    0    0    0    0    0  
  0    0    0    0    0    0    0   22    0    0    0    0    0   30    0   26    0   26    0    0    0    0    0    0    0   22    0    0    0    0    0    0    0    0    0    0    0    0    0    0    0    0    0   25    0    0    0    0    0    0    0    0    0    0    0    0    0    0    0    0    0    0    0    0    0    0    0    0    0    0    0    0    0    0    0    0    0    0    0    0    0  
  0    0    0    0    0    0    0    0   28    0    0    0    0    0   21    0   28    0    0    0    0    0    0    0    0    0   24    0    0    0    0    0    0    0    0    0    0    0    0    0    0    0    0    0   21    0    0    0    0    0    0    0    0    0    0    0    0    0    0    0    0    0    0    0    0    0    0    0    0    0    0    0    0    0    0    0    0    0    0    0    0  
  0    0    0    0    0    0    0    0    0   26    0    0    0    0    0    0    0    0    0   27    0   22    0    0    0    0    0    0    0    0    0    0    0    0    0    0    0    0    0    0    0    0    0    0    0   28    0    0    0    0    0    0    0    0    0    0    0    0    0    0    0    0    0    0    0    0    0    0    0    0    0    0    0    0    0    0    0    0    0    0    0  
  0    0    0    0    0    0    0    0    0    0   29    0    0    0    0    0    0    0   21    0   22    0   23    0    0    0    0    0    0    0    0    0    0    0    0    0    0    0    0    0    0    0    0    0    0    0   25    0    0    0    0    0    0    0    0    0    0    0    0    0    0    0    0    0    0    0    0    0    0    0    0    0    0    0    0    0    0    0    0    0    0  
  0    0    0    0    0    0    0    0    0    0    0   25    0    0    0    0    0    0    0   27    0    0    0   28    0    0    0    0    0    0    0    0    0    0    0    0    0    0    0    0    0    0    0    0    0    0    0   22    0    0    0    0    0    0    0    0    0    0    0    0    0    0    0    0    0    0    0    0    0    0    0    0    0    0    0    0    0    0    0    0    0  
  0    0    0    0    0    0    0    0    0    0    0    0   23    0    0    0    0    0   21    0    0    0   23    0   28    0    0    0    0    0    0    0    0    0    0    0    0    0    0    0    0    0    0    0    0    0    0    0   27    0    0    0    0    0    0    0    0    0    0    0    0    0    0    0    0    0    0    0    0    0    0    0    0    0    0    0    0    0    0    0    0  
  0    0    0    0    0    0    0    0    0    0    0    0    0   29    0    0    0    0    0   22    0   27    0   21    0   29    0    0    0    0    0    0    0    0    0    0    0    0    0    0    0    0    0    0    0    0    0    0    0   22    0    0    0    0    0    0    0    0    0    0    0    0    0    0    0    0    0    0    0    0    0    0    0    0    0    0    0    0    0    0    0  
  0    0    0    0    0    0    0    0    0    0    0    0    0    0   30    0    0    0    0    0   29    0   21    0    0    0   28    0    0    0    0    0    0    0    0    0    0    0    0    0    0    0    0    0    0    0    0    0    0    0   23    0    0    0    0    0    0    0    0    0    0    0    0    0    0    0    0    0    0    0    0    0    0    0    0    0    0    0    0    0    0  
  0    0    0    0    0    0    0    0    0    0    0    0    0    0    0   21    0    0    0    0    0   22    0    0    0   26    0    0    0    0    0    0    0    0    0    0    0    0    0    0    0    0    0    0    0    0    0    0    0    0    0   21    0    0    0    0    0    0    0    0    0    0    0    0    0    0    0    0    0    0    0    0    0    0    0    0    0    0    0    0    0  
  0    0    0    0    0    0    0    0    0    0    0    0    0    0    0    0   27    0    0    0    0    0   30    0   21    0   25    0    0    0    0    0    0    0    0    0    0    0    0    0    0    0    0    0    0    0    0    0    0    0    0    0   24    0    0    0    0    0    0    0    0    0    0    0    0    0    0    0    0    0    0    0    0    0    0    0    0    0    0    0    0  
  0    0    0    0    0    0    0    0    0    0    0    0    0    0    0    0    0   23    0    0    0    0    0   25    0   23    0    0    0    0    0    0    0    0    0    0    0    0    0    0    0    0    0    0    0    0    0    0    0    0    0    0    0   21    0    0    0    0    0    0    0    0    0    0    0    0    0    0    0    0    0    0    0    0    0    0    0    0    0    0    0  
 27    0    0    0    0    0    0    0    0    0    0    0    0    0    0    0    0    0    0    0    0    0    0    0    0    0    0    0   29    0   21    0    0    0    0    0   29    0    0    0    0    0    0    0    0    0    0    0    0    0    0    0    0    0   29    0    0    0    0    0    0    0    0    0    0    0    0    0    0    0    0    0    0    0    0    0    0    0    0    0    0  
  0   22    0    0    0    0    0    0    0    0    0    0    0    0    0    0    0    0    0    0    0    0    0    0    0    0    0   26    0   24    0   27    0    0    0    0    0   26    0    0    0    0    0    0    0    0    0    0    0    0    0    0    0    0    0   30    0    0    0    0    0    0    0    0    0    0    0    0    0    0    0    0    0    0    0    0    0    0    0    0    0  
  0    0   26    0    0    0    0    0    0    0    0    0    0    0    0    0    0    0    0    0    0    0    0    0    0    0    0    0   28    0    0    0   29    0    0    0    0    0   27    0    0    0    0    0    0    0    0    0    0    0    0    0    0    0    0    0   30    0    0    0    0    0    0    0    0    0    0    0    0    0    0    0    0    0    0    0    0    0    0    0    0  
  0    0    0   30    0    0    0    0    0    0    0    0    0    0    0    0    0    0    0    0    0    0    0    0    0    0    0   22    0    0    0   26    0   21    0    0    0    0    0   27    0    0    0    0    0    0    0    0    0    0    0    0    0    0    0    0    0   26    0    0    0    0    0    0    0    0    0    0    0    0    0    0    0    0    0    0    0    0    0    0    0  
  0    0    0    0   22    0    0    0    0    0    0    0    0    0    0    0    0    0    0    0    0    0    0    0    0    0    0    0   29    0   30    0   21    0   27    0    0    0    0    0   27    0    0    0    0    0    0    0    0    0    0    0    0    0    0    0    0    0   26    0    0    0    0    0    0    0    0    0    0    0    0    0    0    0    0    0    0    0    0    0    0  
  0    0    0    0    0   27    0    0    0    0    0    0    0    0    0    0    0    0    0    0    0    0    0    0    0    0    0    0    0   21    0   23    0    0    0   26    0    0    0    0    0   28    0    0    0    0    0    0    0    0    0    0    0    0    0    0    0    0    0   27    0    0    0    0    0    0    0    0    0    0    0    0    0    0    0    0    0    0    0    0    0  
  0    0    0    0    0    0   28    0    0    0    0    0    0    0    0    0    0    0    0    0    0    0    0    0    0    0    0    0    0    0   21    0    0    0   28    0    0    0    0    0    0    0   29    0    0    0    0    0    0    0    0    0    0    0    0    0    0    0    0    0   29    0    0    0    0    0    0    0    0    0    0    0    0    0    0    0    0    0    0    0    0  
  0    0    0    0    0    0    0   24    0    0    0    0    0    0    0    0    0    0    0    0    0    0    0    0    0    0    0    0    0    0    0   23    0   26    0   23    0    0    0    0    0    0    0   29    0    0    0    0    0    0    0    0    0    0    0    0    0    0    0    0    0   22    0    0    0    0    0    0    0    0    0    0    0    0    0    0    0    0    0    0    0  
  0    0    0    0    0    0    0    0   25    0    0    0    0    0    0    0    0    0    0    0    0    0    0    0    0    0    0    0    0    0    0    0   28    0   22    0    0    0    0    0    0    0    0    0   21    0    0    0    0    0    0    0    0    0    0    0    0    0    0    0    0    0   26    0    0    0    0    0    0    0    0    0    0    0    0    0    0    0    0    0    0  
  0    0    0    0    0    0    0    0    0   22    0    0    0    0    0    0    0    0    0    0    0    0    0    0    0    0    0   21    0    0    0    0    0    0    0    0    0   28    0   23    0    0    0    0    0   30    0    0    0    0    0    0    0    0    0    0    0    0    0    0    0    0    0   27    0    0    0    0    0    0    0    0    0    0    0    0    0    0    0    0    0  
  0    0    0    0    0    0    0    0    0    0   29    0    0    0    0    0    0    0    0    0    0    0    0    0    0    0    0    0   27    0    0    0    0    0    0    0   24    0   22    0   21    0    0    0    0    0   29    0    0    0    0    0    0    0    0    0    0    0    0    0    0    0    0    0   23    0    0    0    0    0    0    0    0    0    0    0    0    0    0    0    0  
  0    0    0    0    0    0    0    0    0    0    0   29    0    0    0    0    0    0    0    0    0    0    0    0    0    0    0    0    0   25    0    0    0    0    0    0    0   22    0    0    0   23    0    0    0    0    0   25    0    0    0    0    0    0    0    0    0    0    0    0    0    0    0    0    0   27    0    0    0    0    0    0    0    0    0    0    0    0    0    0    0  
  0    0    0    0    0    0    0    0    0    0    0    0   24    0    0    0    0    0    0    0    0    0    0    0    0    0    0    0    0    0   24    0    0    0    0    0   21    0    0    0   21    0   30    0    0    0    0    0   26    0    0    0    0    0    0    0    0    0    0    0    0    0    0    0    0    0   22    0    0    0    0    0    0    0    0    0    0    0    0    0    0  
  0    0    0    0    0    0    0    0    0    0    0    0    0   25    0    0    0    0    0    0    0    0    0    0    0    0    0    0    0    0    0   21    0    0    0    0    0   26    0   22    0   26    0   25    0    0    0    0    0   22    0    0    0    0    0    0    0    0    0    0    0    0    0    0    0    0    0   21    0    0    0    0    0    0    0    0    0    0    0    0    0  
  0    0    0    0    0    0    0    0    0    0    0    0    0    0   25    0    0    0    0    0    0    0    0    0    0    0    0    0    0    0    0    0   22    0    0    0    0    0   24    0   21    0    0    0   21    0    0    0    0    0   30    0    0    0    0    0    0    0    0    0    0    0    0    0    0    0    0    0   30    0    0    0    0    0    0    0    0    0    0    0    0  
  0    0    0    0    0    0    0    0    0    0    0    0    0    0    0   25    0    0    0    0    0    0    0    0    0    0    0    0    0    0    0    0    0   27    0    0    0    0    0   28    0    0    0   24    0    0    0    0    0    0    0   21    0    0    0    0    0    0    0    0    0    0    0    0    0    0    0    0    0   28    0    0    0    0    0    0    0    0    0    0    0  
  0    0    0    0    0    0    0    0    0    0    0    0    0    0    0    0   25    0    0    0    0    0    0    0    0    0    0    0    0    0    0    0    0    0   30    0    0    0    0    0   29    0   28    0   21    0    0    0    0    0    0    0   28    0    0    0    0    0    0    0    0    0    0    0    0    0    0    0    0    0   30    0    0    0    0    0    0    0    0    0    0  
  0    0    0    0    0    0    0    0    0    0    0    0    0    0    0    0    0   23    0    0    0    0    0    0    0    0    0    0    0    0    0    0    0    0    0   27    0    0    0    0    0   29    0   29    0    0    0    0    0    0    0    0    0   24    0    0    0    0    0    0    0    0    0    0    0    0    0    0    0    0    0   25    0    0    0    0    0    0    0    0    0  
  0    0    0    0    0    0    0    0    0    0    0    0    0    0    0    0    0    0   23    0    0    0    0    0    0    0    0    0    0    0    0    0    0    0    0    0   24    0    0    0    0    0    0    0    0    0   26    0   22    0    0    0    0    0    0    0    0    0    0    0    0    0    0    0    0    0    0    0    0    0    0    0   26    0    0    0    0    0    0    0    0  
  0    0    0    0    0    0    0    0    0    0    0    0    0    0    0    0    0    0    0   23    0    0    0    0    0    0    0    0    0    0    0    0    0    0    0    0    0   29    0    0    0    0    0    0    0   30    0   29    0   25    0    0    0    0    0    0    0    0    0    0    0    0    0    0    0    0    0    0    0    0    0    0    0   28    0    0    0    0    0    0    0  
  0    0    0    0    0    0    0    0    0    0    0    0    0    0    0    0    0    0    0    0   23    0    0    0    0    0    0    0    0    0    0    0    0    0    0    0    0    0   26    0    0    0    0    0    0    0   23    0    0    0   26    0    0    0    0    0    0    0    0    0    0    0    0    0    0    0    0    0    0    0    0    0    0    0   21    0    0    0    0    0    0  
  0    0    0    0    0    0    0    0    0    0    0    0    0    0    0    0    0    0    0    0    0   29    0    0    0    0    0    0    0    0    0    0    0    0    0    0    0    0    0   22    0    0    0    0    0   26    0    0    0   28    0   30    0    0    0    0    0    0    0    0    0    0    0    0    0    0    0    0    0    0    0    0    0    0    0   23    0    0    0    0    0  
  0    0    0    0    0    0    0    0    0    0    0    0    0    0    0    0    0    0    0    0    0    0   30    0    0    0    0    0    0    0    0    0    0    0    0    0    0    0    0    0   28    0    0    0    0    0   24    0   25    0   29    0   21    0    0    0    0    0    0    0    0    0    0    0    0    0    0    0    0    0    0    0    0    0    0    0   24    0    0    0    0  
  0    0    0    0    0    0    0    0    0    0    0    0    0    0    0    0    0    0    0    0    0    0    0   28    0    0    0    0    0    0    0    0    0    0    0    0    0    0    0    0    0   23    0    0    0    0    0   24    0   29    0    0    0   30    0    0    0    0    0    0    0    0    0    0    0    0    0    0    0    0    0    0    0    0    0    0    0   27    0    0    0  
  0    0    0    0    0    0    0    0    0    0    0    0    0    0    0    0    0    0    0    0    0    0    0    0   21    0    0    0    0    0    0    0    0    0    0    0    0    0    0    0    0    0   23    0    0    0    0    0   28    0    0    0   26    0    0    0    0    0    0    0    0    0    0    0    0    0    0    0    0    0    0    0    0    0    0    0    0    0   26    0    0  
  0    0    0    0    0    0    0    0    0    0    0    0    0    0    0    0    0    0    0    0    0    0    0    0    0   24    0    0    0    0    0    0    0    0    0    0    0    0    0    0    0    0    0   25    0    0    0    0    0   23    0   23    0   23    0    0    0    0    0    0    0    0    0    0    0    0    0    0    0    0    0    0    0    0    0    0    0    0    0   29    0  
  0    0    0    0    0    0    0    0    0    0    0    0    0    0    0    0    0    0    0    0    0    0    0    0    0    0   30    0    0    0    0    0    0    0    0    0    0    0    0    0    0    0    0    0   27    0    0    0    0    0   29    0   25    0    0    0    0    0    0    0    0    0    0    0    0    0    0    0    0    0    0    0    0    0    0    0    0    0    0    0   29  
  0    0    0    0    0    0    0    0    0    0    0    0    0    0    0    0    0    0    0    0    0    0    0    0    0    0    0   30    0    0    0    0    0    0    0    0    0    0    0    0    0    0    0    0    0    0    0    0    0    0    0    0    0    0    0   30    0   25    0    0    0    0    0   25    0    0    0    0    0    0    0    0    0    0    0    0    0    0    0    0    0  
  0    0    0    0    0    0    0    0    0    0    0    0    0    0    0    0    0    0    0    0    0    0    0    0    0    0    0    0   30    0    0    0    0    0    0    0    0    0    0    0    0    0    0    0    0    0    0    0    0    0    0    0    0    0   28    0   30    0   22    0    0    0    0    0   24    0    0    0    0    0    0    0    0    0    0    0    0    0    0    0    0  
  0    0    0    0    0    0    0    0    0    0    0    0    0    0    0    0    0    0    0    0    0    0    0    0    0    0    0    0    0   26    0    0    0    0    0    0    0    0    0    0    0    0    0    0    0    0    0    0    0    0    0    0    0    0    0   27    0    0    0   29    0    0    0    0    0   29    0    0    0    0    0    0    0    0    0    0    0    0    0    0    0  
  0    0    0    0    0    0    0    0    0    0    0    0    0    0    0    0    0    0    0    0    0    0    0    0    0    0    0    0    0    0   25    0    0    0    0    0    0    0    0    0    0    0    0    0    0    0    0    0    0    0    0    0    0    0   23    0    0    0   27    0   27    0    0    0    0    0   25    0    0    0    0    0    0    0    0    0    0    0    0    0    0  
  0    0    0    0    0    0    0    0    0    0    0    0    0    0    0    0    0    0    0    0    0    0    0    0    0    0    0    0    0    0    0   26    0    0    0    0    0    0    0    0    0    0    0    0    0    0    0    0    0    0    0    0    0    0    0   25    0   30    0   27    0   28    0    0    0    0    0   24    0    0    0    0    0    0    0    0    0    0    0    0    0  
  0    0    0    0    0    0    0    0    0    0    0    0    0    0    0    0    0    0    0    0    0    0    0    0    0    0    0    0    0    0    0    0   23    0    0    0    0    0    0    0    0    0    0    0    0    0    0    0    0    0    0    0    0    0    0    0   21    0   21    0    0    0   26    0    0    0    0    0   23    0    0    0    0    0    0    0    0    0    0    0    0  
  0    0    0    0    0    0    0    0    0    0    0    0    0    0    0    0    0    0    0    0    0    0    0    0    0    0    0    0    0    0    0    0    0   26    0    0    0    0    0    0    0    0    0    0    0    0    0    0    0    0    0    0    0    0    0    0    0   29    0    0    0   22    0    0    0    0    0    0    0   24    0    0    0    0    0    0    0    0    0    0    0  
  0    0    0    0    0    0    0    0    0    0    0    0    0    0    0    0    0    0    0    0    0    0    0    0    0    0    0    0    0    0    0    0    0    0   29    0    0    0    0    0    0    0    0    0    0    0    0    0    0    0    0    0    0    0    0    0    0    0   24    0   28    0   25    0    0    0    0    0    0    0   24    0    0    0    0    0    0    0    0    0    0  
  0    0    0    0    0    0    0    0    0    0    0    0    0    0    0    0    0    0    0    0    0    0    0    0    0    0    0    0    0    0    0    0    0    0    0   28    0    0    0    0    0    0    0    0    0    0    0    0    0    0    0    0    0    0    0    0    0    0    0   26    0   23    0    0    0    0    0    0    0    0    0   30    0    0    0    0    0    0    0    0    0  
  0    0    0    0    0    0    0    0    0    0    0    0    0    0    0    0    0    0    0    0    0    0    0    0    0    0    0    0    0    0    0    0    0    0    0    0   25    0    0    0    0    0    0    0    0    0    0    0    0    0    0    0    0    0   22    0    0    0    0    0    0    0    0    0   23    0   28    0    0    0    0    0   21    0    0    0    0    0    0    0    0  
  0    0    0    0    0    0    0    0    0    0    0    0    0    0    0    0    0    0    0    0    0    0    0    0    0    0    0    0    0    0    0    0    0    0    0    0    0   26    0    0    0    0    0    0    0    0    0    0    0    0    0    0    0    0    0   23    0    0    0    0    0    0    0   24    0   26    0   21    0    0    0    0    0   24    0    0    0    0    0    0    0  
  0    0    0    0    0    0    0    0    0    0    0    0    0    0    0    0    0    0    0    0    0    0    0    0    0    0    0    0    0    0    0    0    0    0    0    0    0    0   22    0    0    0    0    0    0    0    0    0    0    0    0    0    0    0    0    0   27    0    0    0    0    0    0    0   29    0    0    0   29    0    0    0    0    0   21    0    0    0    0    0    0  
  0    0    0    0    0    0    0    0    0    0    0    0    0    0    0    0    0    0    0    0    0    0    0    0    0    0    0    0    0    0    0    0    0    0    0    0    0    0    0   30    0    0    0    0    0    0    0    0    0    0    0    0    0    0    0    0    0   25    0    0    0    0    0   27    0    0    0   26    0   22    0    0    0    0    0   22    0    0    0    0    0  
  0    0    0    0    0    0    0    0    0    0    0    0    0    0    0    0    0    0    0    0    0    0    0    0    0    0    0    0    0    0    0    0    0    0    0    0    0    0    0    0   27    0    0    0    0    0    0    0    0    0    0    0    0    0    0    0    0    0   25    0    0    0    0    0   29    0   23    0   28    0   26    0    0    0    0    0   21    0    0    0    0  
  0    0    0    0    0    0    0    0    0    0    0    0    0    0    0    0    0    0    0    0    0    0    0    0    0    0    0    0    0    0    0    0    0    0    0    0    0    0    0    0    0   29    0    0    0    0    0    0    0    0    0    0    0    0    0    0    0    0    0   21    0    0    0    0    0   30    0   22    0    0    0   29    0    0    0    0    0   24    0    0    0  
  0    0    0    0    0    0    0    0    0    0    0    0    0    0    0    0    0    0    0    0    0    0    0    0    0    0    0    0    0    0    0    0    0    0    0    0    0    0    0    0    0    0   29    0    0    0    0    0    0    0    0    0    0    0    0    0    0    0    0    0   29    0    0    0    0    0   24    0    0    0   24    0    0    0    0    0    0    0   21    0    0  
  0    0    0    0    0    0    0    0    0    0    0    0    0    0    0    0    0    0    0    0    0    0    0    0    0    0    0    0    0    0    0    0    0    0    0    0    0    0    0    0    0    0    0   23    0    0    0    0    0    0    0    0    0    0    0    0    0    0    0    0    0   22    0    0    0    0    0   26    0   27    0   25    0    0    0    0    0    0    0   29    0  
  0    0    0    0    0    0    0    0    0    0    0    0    0    0    0    0    0    0    0    0    0    0    0    0    0    0    0    0    0    0    0    0    0    0    0    0    0    0    0    0    0    0    0    0   25    0    0    0    0    0    0    0    0    0    0    0    0    0    0    0    0    0   29    0    0    0    0    0   26    0   30    0    0    0    0    0    0    0    0    0   30  
  0    0    0    0    0    0    0    0    0    0    0    0    0    0    0    0    0    0    0    0    0    0    0    0    0    0    0    0    0    0    0    0    0    0    0    0    0    0    0    0    0    0    0    0    0   22    0    0    0    0    0    0    0    0    0    0    0    0    0    0    0    0    0   27    0    0    0    0    0    0    0    0    0   21    0   24    0    0    0    0    0  
  0    0    0    0    0    0    0    0    0    0    0    0    0    0    0    0    0    0    0    0    0    0    0    0    0    0    0    0    0    0    0    0    0    0    0    0    0    0    0    0    0    0    0    0    0    0   27    0    0    0    0    0    0    0    0    0    0    0    0    0    0    0    0    0   27    0    0    0    0    0    0    0   22    0   27    0   25    0    0    0    0  
  0    0    0    0    0    0    0    0    0    0    0    0    0    0    0    0    0    0    0    0    0    0    0    0    0    0    0    0    0    0    0    0    0    0    0    0    0    0    0    0    0    0    0    0    0    0    0   29    0    0    0    0    0    0    0    0    0    0    0    0    0    0    0    0    0   27    0    0    0    0    0    0    0   24    0    0    0   25    0    0    0  
  0    0    0    0    0    0    0    0    0    0    0    0    0    0    0    0    0    0    0    0    0    0    0    0    0    0    0    0    0    0    0    0    0    0    0    0    0    0    0    0    0    0    0    0    0    0    0    0   30    0    0    0    0    0    0    0    0    0    0    0    0    0    0    0    0    0   29    0    0    0    0    0   21    0    0    0   22    0   30    0    0  
  0    0    0    0    0    0    0    0    0    0    0    0    0    0    0    0    0    0    0    0    0    0    0    0    0    0    0    0    0    0    0    0    0    0    0    0    0    0    0    0    0    0    0    0    0    0    0    0    0   27    0    0    0    0    0    0    0    0    0    0    0    0    0    0    0    0    0   24    0    0    0    0    0   25    0   24    0   23    0   25    0  
  0    0    0    0    0    0    0    0    0    0    0    0    0    0    0    0    0    0    0    0    0    0    0    0    0    0    0    0    0    0    0    0    0    0    0    0    0    0    0    0    0    0    0    0    0    0    0    0    0    0   26    0    0    0    0    0    0    0    0    0    0    0    0    0    0    0    0    0   27    0    0    0    0    0   22    0   30    0    0    0   25  
  0    0    0    0    0    0    0    0    0    0    0    0    0    0    0    0    0    0    0    0    0    0    0    0    0    0    0    0    0    0    0    0    0    0    0    0    0    0    0    0    0    0    0    0    0    0    0    0    0    0    0   25    0    0    0    0    0    0    0    0    0    0    0    0    0    0    0    0    0   21    0    0    0    0    0   27    0    0    0   24    0  
  0    0    0    0    0    0    0    0    0    0    0    0    0    0    0    0    0    0    0    0    0    0    0    0    0    0    0    0    0    0    0    0    0    0    0    0    0    0    0    0    0    0    0    0    0    0    0    0    0    0    0    0   28    0    0    0    0    0    0    0    0    0    0    0    0    0    0    0    0    0   25    0    0    0    0    0   21    0   29    0   28  
  0    0    0    0    0    0    0    0    0    0    0    0    0    0    0    0    0    0    0    0    0    0    0    0    0    0    0    0    0    0    0    0    0    0    0    0    0    0    0    0    0    0    0    0    0    0    0    0    0    0    0    0    0   23    0    0    0    0    0    0    0    0    0    0    0    0    0    0    0    0    0   26    0    0    0    0    0   27    0   24    0  
