81

   0     0     1     1     3     3     3     4     4     5     6     2     2     2     3     3     3     3     3     6     7     7     3     3     4     4     4     5     5     6     7     8     8     3     3     5     6     7     7     8     8     8     8     9     9     4     4     5     5     6     6     9     9     9     9    10    10     5     5     6     7     8     8     9    10    10    11     6     9     9    10    10    10    10    10    11    11    11    11    12    12  
   0     0     1     1     3     3     3     4     4     5     6     2     2     2     3     3     3     3     3     6     7     7     3     3     4     4     4     5     5     6     7     8     8     3     3     5     6     7     7     8     8     8     8     9     9     4     4     5     5     6     6     9     9     9     9    10    10     5     5     6     7     8     8     9    10    10    11     6     9     9    10    10    10    10    10    11    11    11    11    12    12  
   1     1     0     0     2     2     2     3     3     4     5     1     1     1     2     2     2     2     2     5     6     6     2     2     3     3     3     4     4     5     6     7     7     4     4     4     5     6     6     7     7     7     7     8     8     5     5     4     4     5     5     8     8     8     8     9     9     6     6     5     6     7     7     8     9     9    10     7     8     8     9     9     9     9     9    10    10    10    10    11    11  
   1     1     0     0     2     2     2     3     3     4     5     1     1     1     2     2     2     2     2     5     6     6     2     2     3     3     3     4     4     5     6     7     7     4     4     4     5     6     6     7     7     7     7     8     8     5     5     4     4     5     5     8     8     8     8     9     9     6     6     5     6     7     7     8     9     9    10     7     8     8     9     9     9     9     9    10    10    10    10    11    11  
   3     3     2     2     0     0     0     1     1     2     3     3     3     3     2     2     2     2     2     3     4     4     4     4     3     3     3     2     2     3     4     5     5     6     6     4     3     4     4     5     5     5     5     6     6     7     7     6     6     5     5     6     6     6     6     7     7     8     8     7     6     5     5     6     7     7     8     9     6     6     7     7     7     7     7     8     8     8     8     9     9  
   3     3     2     2     0     0     0     1     1     2     3     3     3     3     2     2     2     2     2     3     4     4     4     4     3     3     3     2     2     3     4     5     5     6     6     4     3     4     4     5     5     5     5     6     6     7     7     6     6     5     5     6     6     6     6     7     7     8     8     7     6     5     5     6     7     7     8     9     6     6     7     7     7     7     7     8     8     8     8     9     9  
   3     3     2     2     0     0     0     1     1     2     3     3     3     3     2     2     2     2     2     3     4     4     4     4     3     3     3     2     2     3     4     5     5     6     6     4     3     4     4     5     5     5     5     6     6     7     7     6     6     5     5     6     6     6     6     7     7     8     8     7     6     5     5     6     7     7     8     9     6     6     7     7     7     7     7     8     8     8     8     9     9  
   4     4     3     3     1     1     1     0     0     1     2     4     4     4     3     3     3     3     3     2     3     3     5     5     4     4     4     3     3     2     3     4     4     7     7     5     4     3     3     4     4     4     4     5     5     8     8     7     7     6     6     5     5     5     5     6     6     9     9     8     7     6     6     5     6     6     7    10     7     7     6     6     6     6     6     7     7     7     7     8     8  
   4     4     3     3     1     1     1     0     0     1     2     4     4     4     3     3     3     3     3     2     3     3     5     5     4     4     4     3     3     2     3     4     4     7     7     5     4     3     3     4     4     4     4     5     5     8     8     7     7     6     6     5     5     5     5     6     6     9     9     8     7     6     6     5     6     6     7    10     7     7     6     6     6     6     6     7     7     7     7     8     8  
   5     5     4     4     2     2     2     1     1     0     1     5     5     5     4     4     4     4     4     1     2     2     6     6     5     5     5     4     4     3     2     3     3     8     8     6     5     4     4     3     3     3     3     4     4     9     9     8     8     7     7     4     4     4     4     5     5    10    10     9     8     7     7     6     5     5     6    11     8     8     7     7     7     7     7     6     6     6     6     7     7  
   6     6     5     5     3     3     3     2     2     1     0     6     6     6     5     5     5     5     5     2     1     1     7     7     6     6     6     5     5     4     3     2     2     9     9     7     6     5     5     4     4     4     4     3     3    10    10     9     9     8     8     5     5     5     5     4     4    11    11    10     9     8     8     7     6     6     5    12     9     9     8     8     8     8     8     7     7     7     7     6     6  
   2     2     1     1     3     3     3     4     4     5     6     0     0     0     1     1     1     1     1     4     5     5     1     1     2     2     2     3     3     4     5     6     6     3     3     3     4     5     5     6     6     6     6     7     7     4     4     3     3     4     4     7     7     7     7     8     8     5     5     4     5     6     6     7     8     8     9     6     7     7     8     8     8     8     8     9     9     9     9    10    10  
   2     2     1     1     3     3     3     4     4     5     6     0     0     0     1     1     1     1     1     4     5     5     1     1     2     2     2     3     3     4     5     6     6     3     3     3     4     5     5     6     6     6     6     7     7     4     4     3     3     4     4     7     7     7     7     8     8     5     5     4     5     6     6     7     8     8     9     6     7     7     8     8     8     8     8     9     9     9     9    10    10  
   2     2     1     1     3     3     3     4     4     5     6     0     0     0     1     1     1     1     1     4     5     5     1     1     2     2     2     3     3     4     5     6     6     3     3     3     4     5     5     6     6     6     6     7     7     4     4     3     3     4     4     7     7     7     7     8     8     5     5     4     5     6     6     7     8     8     9     6     7     7     8     8     8     8     8     9     9     9     9    10    10  
   3     3     2     2     2     2     2     3     3     4     5     1     1     1     0     0     0     0     0     3     4     4     2     2     1     1     1     2     2     3     4     5     5     4     4     2     3     4     4     5     5     5     5     6     6     5     5     4     4     3     3     6     6     6     6     7     7     6     6     5     4     5     5     6     7     7     8     7     6     6     7     7     7     7     7     8     8     8     8     9     9  
   3     3     2     2     2     2     2     3     3     4     5     1     1     1     0     0     0     0     0     3     4     4     2     2     1     1     1     2     2     3     4     5     5     4     4     2     3     4     4     5     5     5     5     6     6     5     5     4     4     3     3     6     6     6     6     7     7     6     6     5     4     5     5     6     7     7     8     7     6     6     7     7     7     7     7     8     8     8     8     9     9  
   3     3     2     2     2     2     2     3     3     4     5     1     1     1     0     0     0     0     0     3     4     4     2     2     1     1     1     2     2     3     4     5     5     4     4     2     3     4     4     5     5     5     5     6     6     5     5     4     4     3     3     6     6     6     6     7     7     6     6     5     4     5     5     6     7     7     8     7     6     6     7     7     7     7     7     8     8     8     8     9     9  
   3     3     2     2     2     2     2     3     3     4     5     1     1     1     0     0     0     0     0     3     4     4     2     2     1     1     1     2     2     3     4     5     5     4     4     2     3     4     4     5     5     5     5     6     6     5     5     4     4     3     3     6     6     6     6     7     7     6     6     5     4     5     5     6     7     7     8     7     6     6     7     7     7     7     7     8     8     8     8     9     9  
   3     3     2     2     2     2     2     3     3     4     5     1     1     1     0     0     0     0     0     3     4     4     2     2     1     1     1     2     2     3     4     5     5     4     4     2     3     4     4     5     5     5     5     6     6     5     5     4     4     3     3     6     6     6     6     7     7     6     6     5     4     5     5     6     7     7     8     7     6     6     7     7     7     7     7     8     8     8     8     9     9  
   6     6     5     5     3     3     3     2     2     1     2     4     4     4     3     3     3     3     3     0     1     1     5     5     4     4     4     3     3     2     1     2     2     7     7     5     4     3     3     2     2     2     2     3     3     8     8     7     7     6     6     3     3     3     3     4     4     9     9     8     7     6     6     5     4     4     5    10     7     7     6     6     6     6     6     5     5     5     5     6     6  
   7     7     6     6     4     4     4     3     3     2     1     5     5     5     4     4     4     4     4     1     0     0     6     6     5     5     5     4     4     3     2     1     1     8     8     6     5     4     4     3     3     3     3     2     2     9     9     8     8     7     7     4     4     4     4     3     3    10    10     9     8     7     7     6     5     5     4    11     8     8     7     7     7     7     7     6     6     6     6     5     5  
   7     7     6     6     4     4     4     3     3     2     1     5     5     5     4     4     4     4     4     1     0     0     6     6     5     5     5     4     4     3     2     1     1     8     8     6     5     4     4     3     3     3     3     2     2     9     9     8     8     7     7     4     4     4     4     3     3    10    10     9     8     7     7     6     5     5     4    11     8     8     7     7     7     7     7     6     6     6     6     5     5  
   3     3     2     2     4     4     4     5     5     6     7     1     1     1     2     2     2     2     2     5     6     6     0     0     1     1     1     2     2     3     4     5     5     2     2     2     3     4     4     5     5     5     5     6     6     3     3     2     2     3     3     6     6     6     6     7     7     4     4     3     4     5     5     6     7     7     8     5     6     6     7     7     7     7     7     8     8     8     8     9     9  
   3     3     2     2     4     4     4     5     5     6     7     1     1     1     2     2     2     2     2     5     6     6     0     0     1     1     1     2     2     3     4     5     5     2     2     2     3     4     4     5     5     5     5     6     6     3     3     2     2     3     3     6     6     6     6     7     7     4     4     3     4     5     5     6     7     7     8     5     6     6     7     7     7     7     7     8     8     8     8     9     9  
   4     4     3     3     3     3     3     4     4     5     6     2     2     2     1     1     1     1     1     4     5     5     1     1     0     0     0     1     1     2     3     4     4     3     3     1     2     3     3     4     4     4     4     5     5     4     4     3     3     2     2     5     5     5     5     6     6     5     5     4     3     4     4     5     6     6     7     6     5     5     6     6     6     6     6     7     7     7     7     8     8  
   4     4     3     3     3     3     3     4     4     5     6     2     2     2     1     1     1     1     1     4     5     5     1     1     0     0     0     1     1     2     3     4     4     3     3     1     2     3     3     4     4     4     4     5     5     4     4     3     3     2     2     5     5     5     5     6     6     5     5     4     3     4     4     5     6     6     7     6     5     5     6     6     6     6     6     7     7     7     7     8     8  
   4     4     3     3     3     3     3     4     4     5     6     2     2     2     1     1     1     1     1     4     5     5     1     1     0     0     0     1     1     2     3     4     4     3     3     1     2     3     3     4     4     4     4     5     5     4     4     3     3     2     2     5     5     5     5     6     6     5     5     4     3     4     4     5     6     6     7     6     5     5     6     6     6     6     6     7     7     7     7     8     8  
   5     5     4     4     2     2     2     3     3     4     5     3     3     3     2     2     2     2     2     3     4     4     2     2     1     1     1     0     0     1     2     3     3     4     4     2     1     2     2     3     3     3     3     4     4     5     5     4     4     3     3     4     4     4     4     5     5     6     6     5     4     3     3     4     5     5     6     7     4     4     5     5     5     5     5     6     6     6     6     7     7  
   5     5     4     4     2     2     2     3     3     4     5     3     3     3     2     2     2     2     2     3     4     4     2     2     1     1     1     0     0     1     2     3     3     4     4     2     1     2     2     3     3     3     3     4     4     5     5     4     4     3     3     4     4     4     4     5     5     6     6     5     4     3     3     4     5     5     6     7     4     4     5     5     5     5     5     6     6     6     6     7     7  
   6     6     5     5     3     3     3     2     2     3     4     4     4     4     3     3     3     3     3     2     3     3     3     3     2     2     2     1     1     0     1     2     2     5     5     3     2     1     1     2     2     2     2     3     3     6     6     5     5     4     4     3     3     3     3     4     4     7     7     6     5     4     4     3     4     4     5     8     5     5     4     4     4     4     4     5     5     5     5     6     6  
   7     7     6     6     4     4     4     3     3     2     3     5     5     5     4     4     4     4     4     1     2     2     4     4     3     3     3     2     2     1     0     1     1     6     6     4     3     2     2     1     1     1     1     2     2     7     7     6     6     5     5     2     2     2     2     3     3     8     8     7     6     5     5     4     3     3     4     9     6     6     5     5     5     5     5     4     4     4     4     5     5  
   8     8     7     7     5     5     5     4     4     3     2     6     6     6     5     5     5     5     5     2     1     1     5     5     4     4     4     3     3     2     1     0     0     7     7     5     4     3     3     2     2     2     2     1     1     8     8     7     7     6     6     3     3     3     3     2     2     9     9     8     7     6     6     5     4     4     3    10     7     7     6     6     6     6     6     5     5     5     5     4     4  
   8     8     7     7     5     5     5     4     4     3     2     6     6     6     5     5     5     5     5     2     1     1     5     5     4     4     4     3     3     2     1     0     0     7     7     5     4     3     3     2     2     2     2     1     1     8     8     7     7     6     6     3     3     3     3     2     2     9     9     8     7     6     6     5     4     4     3    10     7     7     6     6     6     6     6     5     5     5     5     4     4  
   3     3     4     4     6     6     6     7     7     8     9     3     3     3     4     4     4     4     4     7     8     8     2     2     3     3     3     4     4     5     6     7     7     0     0     2     3     4     4     5     5     5     5     6     6     1     1     2     2     3     3     6     6     6     6     7     7     2     2     3     4     5     5     6     7     7     8     3     6     6     7     7     7     7     7     8     8     8     8     9     9  
   3     3     4     4     6     6     6     7     7     8     9     3     3     3     4     4     4     4     4     7     8     8     2     2     3     3     3     4     4     5     6     7     7     0     0     2     3     4     4     5     5     5     5     6     6     1     1     2     2     3     3     6     6     6     6     7     7     2     2     3     4     5     5     6     7     7     8     3     6     6     7     7     7     7     7     8     8     8     8     9     9  
   5     5     4     4     4     4     4     5     5     6     7     3     3     3     2     2     2     2     2     5     6     6     2     2     1     1     1     2     2     3     4     5     5     2     2     0     1     2     2     3     3     3     3     4     4     3     3     2     2     1     1     4     4     4     4     5     5     4     4     3     2     3     3     4     5     5     6     5     4     4     5     5     5     5     5     6     6     6     6     7     7  
   6     6     5     5     3     3     3     4     4     5     6     4     4     4     3     3     3     3     3     4     5     5     3     3     2     2     2     1     1     2     3     4     4     3     3     1     0     1     1     2     2     2     2     3     3     4     4     3     3     2     2     3     3     3     3     4     4     5     5     4     3     2     2     3     4     4     5     6     3     3     4     4     4     4     4     5     5     5     5     6     6  
   7     7     6     6     4     4     4     3     3     4     5     5     5     5     4     4     4     4     4     3     4     4     4     4     3     3     3     2     2     1     2     3     3     4     4     2     1     0     0     1     1     1     1     2     2     5     5     4     4     3     3     2     2     2     2     3     3     6     6     5     4     3     3     2     3     3     4     7     4     4     3     3     3     3     3     4     4     4     4     5     5  
   7     7     6     6     4     4     4     3     3     4     5     5     5     5     4     4     4     4     4     3     4     4     4     4     3     3     3     2     2     1     2     3     3     4     4     2     1     0     0     1     1     1     1     2     2     5     5     4     4     3     3     2     2     2     2     3     3     6     6     5     4     3     3     2     3     3     4     7     4     4     3     3     3     3     3     4     4     4     4     5     5  
   8     8     7     7     5     5     5     4     4     3     4     6     6     6     5     5     5     5     5     2     3     3     5     5     4     4     4     3     3     2     1     2     2     5     5     3     2     1     1     0     0     0     0     1     1     6     6     5     5     4     4     1     1     1     1     2     2     7     7     6     5     4     4     3     2     2     3     8     5     5     4     4     4     4     4     3     3     3     3     4     4  
   8     8     7     7     5     5     5     4     4     3     4     6     6     6     5     5     5     5     5     2     3     3     5     5     4     4     4     3     3     2     1     2     2     5     5     3     2     1     1     0     0     0     0     1     1     6     6     5     5     4     4     1     1     1     1     2     2     7     7     6     5     4     4     3     2     2     3     8     5     5     4     4     4     4     4     3     3     3     3     4     4  
   8     8     7     7     5     5     5     4     4     3     4     6     6     6     5     5     5     5     5     2     3     3     5     5     4     4     4     3     3     2     1     2     2     5     5     3     2     1     1     0     0     0     0     1     1     6     6     5     5     4     4     1     1     1     1     2     2     7     7     6     5     4     4     3     2     2     3     8     5     5     4     4     4     4     4     3     3     3     3     4     4  
   8     8     7     7     5     5     5     4     4     3     4     6     6     6     5     5     5     5     5     2     3     3     5     5     4     4     4     3     3     2     1     2     2     5     5     3     2     1     1     0     0     0     0     1     1     6     6     5     5     4     4     1     1     1     1     2     2     7     7     6     5     4     4     3     2     2     3     8     5     5     4     4     4     4     4     3     3     3     3     4     4  
   9     9     8     8     6     6     6     5     5     4     3     7     7     7     6     6     6     6     6     3     2     2     6     6     5     5     5     4     4     3     2     1     1     6     6     4     3     2     2     1     1     1     1     0     0     7     7     6     6     5     5     2     2     2     2     1     1     8     8     7     6     5     5     4     3     3     2     9     6     6     5     5     5     5     5     4     4     4     4     3     3  
   9     9     8     8     6     6     6     5     5     4     3     7     7     7     6     6     6     6     6     3     2     2     6     6     5     5     5     4     4     3     2     1     1     6     6     4     3     2     2     1     1     1     1     0     0     7     7     6     6     5     5     2     2     2     2     1     1     8     8     7     6     5     5     4     3     3     2     9     6     6     5     5     5     5     5     4     4     4     4     3     3  
   4     4     5     5     7     7     7     8     8     9    10     4     4     4     5     5     5     5     5     8     9     9     3     3     4     4     4     5     5     6     7     8     8     1     1     3     4     5     5     6     6     6     6     7     7     0     0     1     1     2     2     5     5     5     5     6     6     1     1     2     3     4     4     5     6     6     7     2     5     5     6     6     6     6     6     7     7     7     7     8     8  
   4     4     5     5     7     7     7     8     8     9    10     4     4     4     5     5     5     5     5     8     9     9     3     3     4     4     4     5     5     6     7     8     8     1     1     3     4     5     5     6     6     6     6     7     7     0     0     1     1     2     2     5     5     5     5     6     6     1     1     2     3     4     4     5     6     6     7     2     5     5     6     6     6     6     6     7     7     7     7     8     8  
   5     5     4     4     6     6     6     7     7     8     9     3     3     3     4     4     4     4     4     7     8     8     2     2     3     3     3     4     4     5     6     7     7     2     2     2     3     4     4     5     5     5     5     6     6     1     1     0     0     1     1     4     4     4     4     5     5     2     2     1     2     3     3     4     5     5     6     3     4     4     5     5     5     5     5     6     6     6     6     7     7  
   5     5     4     4     6     6     6     7     7     8     9     3     3     3     4     4     4     4     4     7     8     8     2     2     3     3     3     4     4     5     6     7     7     2     2     2     3     4     4     5     5     5     5     6     6     1     1     0     0     1     1     4     4     4     4     5     5     2     2     1     2     3     3     4     5     5     6     3     4     4     5     5     5     5     5     6     6     6     6     7     7  
   6     6     5     5     5     5     5     6     6     7     8     4     4     4     3     3     3     3     3     6     7     7     3     3     2     2     2     3     3     4     5     6     6     3     3     1     2     3     3     4     4     4     4     5     5     2     2     1     1     0     0     3     3     3     3     4     4     3     3     2     1     2     2     3     4     4     5     4     3     3     4     4     4     4     4     5     5     5     5     6     6  
   6     6     5     5     5     5     5     6     6     7     8     4     4     4     3     3     3     3     3     6     7     7     3     3     2     2     2     3     3     4     5     6     6     3     3     1     2     3     3     4     4     4     4     5     5     2     2     1     1     0     0     3     3     3     3     4     4     3     3     2     1     2     2     3     4     4     5     4     3     3     4     4     4     4     4     5     5     5     5     6     6  
   9     9     8     8     6     6     6     5     5     4     5     7     7     7     6     6     6     6     6     3     4     4     6     6     5     5     5     4     4     3     2     3     3     6     6     4     3     2     2     1     1     1     1     2     2     5     5     4     4     3     3     0     0     0     0     1     1     6     6     5     4     3     3     2     1     1     2     7     4     4     3     3     3     3     3     2     2     2     2     3     3  
   9     9     8     8     6     6     6     5     5     4     5     7     7     7     6     6     6     6     6     3     4     4     6     6     5     5     5     4     4     3     2     3     3     6     6     4     3     2     2     1     1     1     1     2     2     5     5     4     4     3     3     0     0     0     0     1     1     6     6     5     4     3     3     2     1     1     2     7     4     4     3     3     3     3     3     2     2     2     2     3     3  
   9     9     8     8     6     6     6     5     5     4     5     7     7     7     6     6     6     6     6     3     4     4     6     6     5     5     5     4     4     3     2     3     3     6     6     4     3     2     2     1     1     1     1     2     2     5     5     4     4     3     3     0     0     0     0     1     1     6     6     5     4     3     3     2     1     1     2     7     4     4     3     3     3     3     3     2     2     2     2     3     3  
   9     9     8     8     6     6     6     5     5     4     5     7     7     7     6     6     6     6     6     3     4     4     6     6     5     5     5     4     4     3     2     3     3     6     6     4     3     2     2     1     1     1     1     2     2     5     5     4     4     3     3     0     0     0     0     1     1     6     6     5     4     3     3     2     1     1     2     7     4     4     3     3     3     3     3     2     2     2     2     3     3  
  10    10     9     9     7     7     7     6     6     5     4     8     8     8     7     7     7     7     7     4     3     3     7     7     6     6     6     5     5     4     3     2     2     7     7     5     4     3     3     2     2     2     2     1     1     6     6     5     5     4     4     1     1     1     1     0     0     7     7     6     5     4     4     3     2     2     1     8     5     5     4     4     4     4     4     3     3     3     3     2     2  
  10    10     9     9     7     7     7     6     6     5     4     8     8     8     7     7     7     7     7     4     3     3     7     7     6     6     6     5     5     4     3     2     2     7     7     5     4     3     3     2     2     2     2     1     1     6     6     5     5     4     4     1     1     1     1     0     0     7     7     6     5     4     4     3     2     2     1     8     5     5     4     4     4     4     4     3     3     3     3     2     2  
   5     5     6     6     8     8     8     9     9    10    11     5     5     5     6     6     6     6     6     9    10    10     4     4     5     5     5     6     6     7     8     9     9     2     2     4     5     6     6     7     7     7     7     8     8     1     1     2     2     3     3     6     6     6     6     7     7     0     0     1     2     3     3     4     5     5     6     1     4     4     5     5     5     5     5     6     6     6     6     7     7  
   5     5     6     6     8     8     8     9     9    10    11     5     5     5     6     6     6     6     6     9    10    10     4     4     5     5     5     6     6     7     8     9     9     2     2     4     5     6     6     7     7     7     7     8     8     1     1     2     2     3     3     6     6     6     6     7     7     0     0     1     2     3     3     4     5     5     6     1     4     4     5     5     5     5     5     6     6     6     6     7     7  
   6     6     5     5     7     7     7     8     8     9    10     4     4     4     5     5     5     5     5     8     9     9     3     3     4     4     4     5     5     6     7     8     8     3     3     3     4     5     5     6     6     6     6     7     7     2     2     1     1     2     2     5     5     5     5     6     6     1     1     0     1     2     2     3     4     4     5     2     3     3     4     4     4     4     4     5     5     5     5     6     6  
   7     7     6     6     6     6     6     7     7     8     9     5     5     5     4     4     4     4     4     7     8     8     4     4     3     3     3     4     4     5     6     7     7     4     4     2     3     4     4     5     5     5     5     6     6     3     3     2     2     1     1     4     4     4     4     5     5     2     2     1     0     1     1     2     3     3     4     3     2     2     3     3     3     3     3     4     4     4     4     5     5  
   8     8     7     7     5     5     5     6     6     7     8     6     6     6     5     5     5     5     5     6     7     7     5     5     4     4     4     3     3     4     5     6     6     5     5     3     2     3     3     4     4     4     4     5     5     4     4     3     3     2     2     3     3     3     3     4     4     3     3     2     1     0     0     1     2     2     3     4     1     1     2     2     2     2     2     3     3     3     3     4     4  
   8     8     7     7     5     5     5     6     6     7     8     6     6     6     5     5     5     5     5     6     7     7     5     5     4     4     4     3     3     4     5     6     6     5     5     3     2     3     3     4     4     4     4     5     5     4     4     3     3     2     2     3     3     3     3     4     4     3     3     2     1     0     0     1     2     2     3     4     1     1     2     2     2     2     2     3     3     3     3     4     4  
   9     9     8     8     6     6     6     5     5     6     7     7     7     7     6     6     6     6     6     5     6     6     6     6     5     5     5     4     4     3     4     5     5     6     6     4     3     2     2     3     3     3     3     4     4     5     5     4     4     3     3     2     2     2     2     3     3     4     4     3     2     1     1     0     1     1     2     5     2     2     1     1     1     1     1     2     2     2     2     3     3  
  10    10     9     9     7     7     7     6     6     5     6     8     8     8     7     7     7     7     7     4     5     5     7     7     6     6     6     5     5     4     3     4     4     7     7     5     4     3     3     2     2     2     2     3     3     6     6     5     5     4     4     1     1     1     1     2     2     5     5     4     3     2     2     1     0     0     1     6     3     3     2     2     2     2     2     1     1     1     1     2     2  
  10    10     9     9     7     7     7     6     6     5     6     8     8     8     7     7     7     7     7     4     5     5     7     7     6     6     6     5     5     4     3     4     4     7     7     5     4     3     3     2     2     2     2     3     3     6     6     5     5     4     4     1     1     1     1     2     2     5     5     4     3     2     2     1     0     0     1     6     3     3     2     2     2     2     2     1     1     1     1     2     2  
  11    11    10    10     8     8     8     7     7     6     5     9     9     9     8     8     8     8     8     5     4     4     8     8     7     7     7     6     6     5     4     3     3     8     8     6     5     4     4     3     3     3     3     2     2     7     7     6     6     5     5     2     2     2     2     1     1     6     6     5     4     3     3     2     1     1     0     7     4     4     3     3     3     3     3     2     2     2     2     1     1  
   6     6     7     7     9     9     9    10    10    11    12     6     6     6     7     7     7     7     7    10    11    11     5     5     6     6     6     7     7     8     9    10    10     3     3     5     6     7     7     8     8     8     8     9     9     2     2     3     3     4     4     7     7     7     7     8     8     1     1     2     3     4     4     5     6     6     7     0     3     3     4     4     4     4     4     5     5     5     5     6     6  
   9     9     8     8     6     6     6     7     7     8     9     7     7     7     6     6     6     6     6     7     8     8     6     6     5     5     5     4     4     5     6     7     7     6     6     4     3     4     4     5     5     5     5     6     6     5     5     4     4     3     3     4     4     4     4     5     5     4     4     3     2     1     1     2     3     3     4     3     0     0     1     1     1     1     1     2     2     2     2     3     3  
   9     9     8     8     6     6     6     7     7     8     9     7     7     7     6     6     6     6     6     7     8     8     6     6     5     5     5     4     4     5     6     7     7     6     6     4     3     4     4     5     5     5     5     6     6     5     5     4     4     3     3     4     4     4     4     5     5     4     4     3     2     1     1     2     3     3     4     3     0     0     1     1     1     1     1     2     2     2     2     3     3  
  10    10     9     9     7     7     7     6     6     7     8     8     8     8     7     7     7     7     7     6     7     7     7     7     6     6     6     5     5     4     5     6     6     7     7     5     4     3     3     4     4     4     4     5     5     6     6     5     5     4     4     3     3     3     3     4     4     5     5     4     3     2     2     1     2     2     3     4     1     1     0     0     0     0     0     1     1     1     1     2     2  
  10    10     9     9     7     7     7     6     6     7     8     8     8     8     7     7     7     7     7     6     7     7     7     7     6     6     6     5     5     4     5     6     6     7     7     5     4     3     3     4     4     4     4     5     5     6     6     5     5     4     4     3     3     3     3     4     4     5     5     4     3     2     2     1     2     2     3     4     1     1     0     0     0     0     0     1     1     1     1     2     2  
  10    10     9     9     7     7     7     6     6     7     8     8     8     8     7     7     7     7     7     6     7     7     7     7     6     6     6     5     5     4     5     6     6     7     7     5     4     3     3     4     4     4     4     5     5     6     6     5     5     4     4     3     3     3     3     4     4     5     5     4     3     2     2     1     2     2     3     4     1     1     0     0     0     0     0     1     1     1     1     2     2  
  10    10     9     9     7     7     7     6     6     7     8     8     8     8     7     7     7     7     7     6     7     7     7     7     6     6     6     5     5     4     5     6     6     7     7     5     4     3     3     4     4     4     4     5     5     6     6     5     5     4     4     3     3     3     3     4     4     5     5     4     3     2     2     1     2     2     3     4     1     1     0     0     0     0     0     1     1     1     1     2     2  
  10    10     9     9     7     7     7     6     6     7     8     8     8     8     7     7     7     7     7     6     7     7     7     7     6     6     6     5     5     4     5     6     6     7     7     5     4     3     3     4     4     4     4     5     5     6     6     5     5     4     4     3     3     3     3     4     4     5     5     4     3     2     2     1     2     2     3     4     1     1     0     0     0     0     0     1     1     1     1     2     2  
  11    11    10    10     8     8     8     7     7     6     7     9     9     9     8     8     8     8     8     5     6     6     8     8     7     7     7     6     6     5     4     5     5     8     8     6     5     4     4     3     3     3     3     4     4     7     7     6     6     5     5     2     2     2     2     3     3     6     6     5     4     3     3     2     1     1     2     5     2     2     1     1     1     1     1     0     0     0     0     1     1  
  11    11    10    10     8     8     8     7     7     6     7     9     9     9     8     8     8     8     8     5     6     6     8     8     7     7     7     6     6     5     4     5     5     8     8     6     5     4     4     3     3     3     3     4     4     7     7     6     6     5     5     2     2     2     2     3     3     6     6     5     4     3     3     2     1     1     2     5     2     2     1     1     1     1     1     0     0     0     0     1     1  
  11    11    10    10     8     8     8     7     7     6     7     9     9     9     8     8     8     8     8     5     6     6     8     8     7     7     7     6     6     5     4     5     5     8     8     6     5     4     4     3     3     3     3     4     4     7     7     6     6     5     5     2     2     2     2     3     3     6     6     5     4     3     3     2     1     1     2     5     2     2     1     1     1     1     1     0     0     0     0     1     1  
  11    11    10    10     8     8     8     7     7     6     7     9     9     9     8     8     8     8     8     5     6     6     8     8     7     7     7     6     6     5     4     5     5     8     8     6     5     4     4     3     3     3     3     4     4     7     7     6     6     5     5     2     2     2     2     3     3     6     6     5     4     3     3     2     1     1     2     5     2     2     1     1     1     1     1     0     0     0     0     1     1  
  12    12    11    11     9     9     9     8     8     7     6    10    10    10     9     9     9     9     9     6     5     5     9     9     8     8     8     7     7     6     5     4     4     9     9     7     6     5     5     4     4     4     4     3     3     8     8     7     7     6     6     3     3     3     3     2     2     7     7     6     5     4     4     3     2     2     1     6     3     3     2     2     2     2     2     1     1     1     1     0     0  
  12    12    11    11     9     9     9     8     8     7     6    10    10    10     9     9     9     9     9     6     5     5     9     9     8     8     8     7     7     6     5     4     4     9     9     7     6     5     5     4     4     4     4     3     3     8     8     7     7     6     6     3     3     3     3     2     2     7     7     6     5     4     4     3     2     2     1     6     3     3     2     2     2     2     2     1     1     1     1     0     0  

 189   886   239   155   508   930   611    51   829    40   487   908   685   590   684   128   165   687   777   157   858   631   237   245   143   907   475   390   903   323    41   274   242   987   319   453   619   800    21   263   857    54   813   229   971   136    22   552   595   517   826   154   211   574   963   877   969   505   960   350   550   732   620   961   391   577   298   742   624   249   132   421   339   115    88   280   635   107   184   959    51  
  96   581   568   357   857   601   284   573   733   111   924   191   941    22    50   353   890   176   927   456   520   367   541   608   962   464   454    99   313   972    85   736   919   582    79   842   430    41   706   785   954   185   373   607   120   901   240   242   968   252   316   197   976   824   794   512   998    76   550   101   847   234    45   503   484   743   341   151     1   556   603   901   460   623   462   940   118   984    95   830   591  
 680   143   926   515   243   422   139   349   637    33   427   254   891   640   960    47   368   983   977   553   460   194     8   596   953   885   435   470   998   357   292   985   678   575   627   528   942   803   549   633   950   362   848   817   838   876   592   241   451   634   396   475   794    46   677   376    28   873   752   867   397   843   238   615   698   179   569   453   547   720   465   574   532   391   201   332   182   616   497   987   163  
 677   923   661    54   370   292   954   285   747   260   278   849     5   519   155     5   688   688   618    86   699   973   308   787   785   659   649   907   117   435   973   214   102   109   282   761   180    33   343   342   944   958   482   613    24    40   752   892   657   420   889   324   838   268   866   510   563   482   716   623   727   486   216   628   794   221   448   389   701   329   128   168   533   412   379   772   612   304   794   690    61  
 792   567   773   563   357   913   108   389   409   108   373    92   431   129   673   345   512   573   756   999   366   293   170   203   606   241   696   511   894   339   891   188   475   390   217   966   677   841   894   439   766    20   781   910   323   322     4   745   496   428   102   880   851   278   572   111   532   535   282   932   472   853   786   649   543   995   159   602   327   232   147   265   609   285   277   359   855   748   152   195   249  
 518   398   827    55   473   109   822   776   237   106   404   151   148   411   798   628   261   538   556   343   616   777   116   379   279   634   636    17   594   673    79   459   832    10   666   130   252   947   791   802   481   926   118   268   892   182   900   775    47   675   297    10   102   415   654   585   877    46   900    10   614   462   285   385   125   533    80   472   612   478   374    35   780   257   562   436   797   677   968   608    44  
 261   715   919   764   211   958   587   267   664   175   283   704   975   494   484   800   599   445   746    99   588   177   924   554   679    36   372   625   435    86   446   519   587   875   103   517   111   292   840   194   341   971   282   417   609   329   190   705   684   631   133   868   314   646   618   604   609   807   811   724   510   403    58   632   221   661   452   387   957    11   332   576   837   308    65    44    93   573   272   592   266  
 212   652   972   651   775   843   572   854   171   628   243   976   464   245   964   823    14   510   696   111   216    11    49    39   230   570   985    76   957   747   535   307   710   942   140   340   760    34   702   522   846   240   223   167   361   182   801   690   859    63   728   346   655   915   669   329   593    40   413   446    86   457   212   666   192   447   360    82   680   398   709   676   805   699   835   480    65   848   655   162   476  
  84   612   397   490   745   789   593   170   186   981    33    96   142   504   216   199    55   372   114   591   802   832   530   331   315   710   652   563   227   469    23   564   116   194   188   974   398   502   142   379     1   664   257   418   761   646   663   590   971   223   131   936   579   986   173   555   148   496   846   676   746   158   546   516   149   597   599   565   925   692   146   444   276   270   489    25   649   193   231   298   592  
 469   484   103   724   799   556   193   275    69   430   231   412   828   630   848   722   671   203    67   494   551   946   457   891    24   107   896   414   336   763   424   667   359   673   459   674   374   610   645   785    38   907   332   881   170   132   924   322   931    29   887   978    99   444   553   580   348   149   812   447   901   126   666   196   563   117    27   775   232   894     6   576   892   874   183   201   396   289   694   447   100  
 620   601   561   375   966   839   198   216    54   323   887   778   688     8   913   639    74   816   890   704   307   968   217   796   390   367   368   415   764   752   247   923   502   805   810   903   680   929   626   234   923   217   270   289   244   741   960   255   878   244   606   119   315   712    30   289   256   535   937   190    23   507   627   852   450   779   496   695   458   581   677   263   683   297   133   638   970   133   979   387    80  
 182   256   257   556   227   424   399   700   386    96   690    70   723   325   991   862   679    97   383    11   718    21   388   217   764   894   947   331   146   157   229   254   234   595   738   669   605   339   520   963   311   693   418   485   859   140   552   455   820   539   554   742   556   230   749    49   388   598   361   375   636   118   653   177   529   870   112   557   464   630    76   762   780   411   387   586   311    50   336   782   953  
 844   290   488   760   222   851   971   754   398   605   461   827   258   942   863   548   949   113   742   539   759   198   861   827   493   282   141   167   325   592   860   484   654   955   304   925   338   473   544   403   169   762   660   580   255   497   464   865   350     6   803   907   310   702   856   775   954   748   691   143   963   982   162   235   362   701   530   416   236   588   440   766   277   940   641   391   493   625   908   744   172  
 781   930   366   258   902   410   963   457   463   886   978   716   952   612   321   332    88   378   385   795   745   937    39    47   354   550   647   491   584   439   154   413   484   648   898   430   864   890   173   342   486   396   618   353   917   815   452   559   519    31   944   377   875   101     4   595   597   957   127   474   324   974    73   865   191   418   340   451   433   559   264   189   174   255   849   611   747   180   858   305   709  
 257   608   349   702   954   423   727   928   697   145   264   306   413   102   966     1   307   414   261   581   635   121   768   382   361   554   472   836   814   510   209   187   361   246   545    50   257   528   824   223   475   821   381    88   844   597   931   789    90   666   970   163   301   101   523   265   541   510   706    24   179   222   107   142   861   977   893   254   975   210   716   234    94   956     7    71   562    29   583   960   695  
 674   210   565   923   565   587   803   952   548   206   633   155   175   530   963   515   610   418   698   916   521    24   328   882   672   629   207   638   743   197   645   608   882   915   269   675   655   168   975   895   617   279   718   670   176   297   705   197   235   662   461   500   229   201    46   805   356   584   630   248   547   749    75   392   974   417   266   773   281   273   629   477   160   706   536   245   861   222   452   148   300  
 929   260   717   585   319   345   737   344   645   276   330   332   561   306   160   743   801   929   536   837    56   369   588   694   522     7   582   660   926   573   242   558    88   435   902   121     8   956   439   792    66   828   883   411   921   601    47   593   788    88   877   493   632   880   477   575   594   739   560   763   701   560   941   359     8   269   267   568   366   964   615   539   154   872   306   261   692   286   362   200   270  
 667   369   199   579   885   585   857    53    66   716   828   585   154   638   124   153   989   398   534   178   777   455    10   103   631   983    62    92   695   847   436   218    66   615   833   204   181   830   784   683   317   163   485    21   186   669   359   887   502   949   808   362   676   389    71   780   133    45   661   798   236   420   837    71   783    74   442   459   709   355   161    89   514   938   253   900   493   501   477   898   791  
 393   260   583   788   409   367   933   712   762   724   605   666   852   945   214   148   152   383   111   206   858   462   175   445   940   421    66   929   290   699   425   938   633    49   710   307   843   937   151   938    59   251    75   652   365   564   886    52     6   250   869   299   622   905   505   634    13   875    55   739   388   267   905   363   161    98   476   791    98   373   387   166   647   876   332   404   727   999   842   914   344  
 989   617   922   979   482   925     8   359   564   992   978   800   525   829   377   613    48   244   959   746   470   298   344   652   272   678   592   791   993    87   809   804   445   716   933   897   220   981   712   316   944   998   541   462    78   557   254   735   898   400   148   997   168   766   958   718    13   149   911   884   391   651   608   300   961   198   852   647   477   576   198   670   655   905   863     3   605   320   496   183   931  
 930    56   683   872   293   103   735   704   521   964   522   381    98   843   382   583   896   908   479   372   759    22   601   685   745   578   580   857   995   500    95   183    33   182   639   192   501   951   668   418   851   908   432   859   523   466   412   920   925   874   916   473   126   652   957   293   832   304    69   632    44   460   489   686   974   806   214   756   129   446   836   733   168   550   662   203   937   314   730   849   507  
 665   407   183   863    37   655   510    80   537   997    60   409   704   290   900   908   462   206   695   821   984   982   795   246   733   916   313   386   772   597   894   375   395    65   575   976   203   930   100   708   371   653   788   536   148    86   350   626   933   778   835   858   268   602   568   450   693   905   561   214   788   936   847   814   357   345   655   101   110   196    95   324   257   612   676   903    87   498    85   405   800  
 209   925   181   432   933    50   424   580   323   618   904   497   851   726   453   263   191   782    41   148   300   206     2   891    12   465   181    16  1000   786   894   575   348   475   717   422   291   145   199   927   204   664   259   845    16   649   169   165   677   964   824   994   178   354   868   204   480   739   776   728   363   464    47   832   887   680   806   232   951   996   219   676  1000   667   897   535   130   453   167   979   675  
  86   998   305   791   838   374   392    52   789   405    60   636   949   322    37   203   292   520   557   729   981    70   161   556   604    90   780   676   487   146   619   776   370   467   114   852   369   774   370   994   240   299   899   450   994   628   761    91   482    28   689   878   378   155   727   889   985   591   149   576   292    80   148   159   151   590   343    83   506   642   816   180   533   176   462   666   352   449   111   364   461  
 727   671   842   267   712   724   874   498   749   729   842   852    90   120   697    11   800   286   129    94   170   382   676   783   758   449   234    63   659   817   526   653   975   101    21   223   800     2   804   382    63   803   879   436   542    16   758   608   996   155   938   473   995   892   571   373   876   526   710   746   432   812   461   397   153   281    79   578   845   994   293   248   193   232   888     6    37   833   275   192    72  
 311   484   953   428   135   438   951    61   349   891   222   119   200    37   838   111    65   263   470   251   864   765    47   886   290    90   434   948   589   846   594   733    59   294   340    89   146   765   724   650   521   841    71   685   639    45   765   763   102   325   208   258   570   831    72    80   778   750   316   475   364   441   396   773   853   553   654   423   824   363   547   299   350   622   572   163   461   508   949   276   355  
 968    63   978   266   225   731   730   391   625   538   765   455   968    81   344   646   950   824   435   323   104   966   887     6   253   731   254   706   807   281   784    42   125   832   946   591   305    31   367   607   812   899   922   443   917   592   613   195   783   776   859   480   892   401   720   623   405   107   128   871   662   912   706   428   490   754   371   973   293   767   990   969   772   256   488   750   709   146   529   834   678  
 940   709    73   879   587   381   280   443   314   919   514   432    31   977   123   201   947   686   267   893    69   538   107   468   340   390     9   585   698   202   156   935   885   568   799   588    57   514   956   486   247   214   317   192   433   125   752   491   595   420   876   897   547   100   249   183   651   990   118   496   680    79   772   478   355   232   928   924   357   913   902   162   177   975   909   984   231   972   956    44    56  
 928   286   542   207   845   786   349   452   954   159   412   775   464   179   947   936   333   296    58   193   684   199    48   751   960   995   920   292   298   273   614   572   406   578   418   718   817   327   141   642   650   651   722   839   710   643   417   797   935    30   252   818   625   569   989   459   957   684   649   196   431   968   649   970   149   586   475   769   635   388   814    86   989   504   238   181   709   243   274    97   766  
 934    91   282   305   735    74   836   193   947   825   582   695    91     1   750   345   172   995   502   351   731   483    40   745   696   859   742   256   738   835   220   541   955   240    40   949   893   613   562   675    59   721   136   604   992   381   684   177   301   696   387   229   385   616   451   851   203   331   930   450   676   509   479   492   517   156   609   289   608   742   879   585   182   851   750   935    68   435    40   487    27  
 831   499   808   283   307   600   638   649   880   880   564   775   526   181   967   428   349   244   877    67   975    89   571   356   253    99    82   164    86   518   531   568   958    22   405   920   308   306   504   236   718   765   813   973   635   910   205   572   428   465   280   193   703   948   467   561   470   741   166   604   546   549   945   854   931   654   548   555   524   675   810   696   529   634   522   883   946    91   759   705   965  
  51   128   208   863    39   280   261    70   703   997   163     7   415   325   322   600   672   296   390    95   236   733   620   313   701   586   942   281   632    89   446   989   890   445   833   319   137   786   549   308   909    20   922   781   842   958   367   414   314   159   524   178   549   644   514    91   809   328    72   651   951   411   883   847   846   338    67   824   984   887   959   840   237   132   479   143   158   635   173   734   661  
  88   471    58   174   118   659   909   423   153   120   586   190   410   295   611   863   317   952   827   174   823   975   484   298   408   149    48   958   707     1   641   909   849   333   506   886   476   610   315   424   593   973   133   746   968   257   603   146   821   826   999   715    90   478   800   597   143   334   922   623   725   838   491   205   902   436   158   543   877   339   713   695   903   785   590   136   824   774   429   172   298  
 969   957   202   178    52   746   657   380   321   707   220   927   950   708   801   691    66   615   445   987   565   893   190   457   279   272   185   502   550   738   740   178   200   835   242   862   990   932   539   162   540   647     6   779   986   790   457   181   104   742   923   246   524   518   831   923   447   444   973   154   786   337   266   990   745   473   647   846   514   421    29   716   839   798   233   463   191    45   175   922   514  
 118   384   702   522   598   527   144   533   934   451   817   108   148   963   793   536   466   150   961    23   280   944   254   336    42   256   860    36    84   658   727   735   697   147   218   654   479   792   612   293   499   642    78   232   387   178   421   589   452   600   701   850   986   766    17   316   715   339   639   360   469   541   543   590   180   213   570   635   300   517    34   492   990   160   389    29   281   814   221   968   880  
 981   359   487    34   939   489   602   968   798   104   738   530   158   150   179    58    60   137   821   957   148    11   934   394   170   946   525   201   322   482   296   408   388   472   804   360   734   887   803   364    23   825   732   595   899   776   751   440   144   386   900   375   477   903   491   955   634   467     6   248   759    16   589   436   347   118   513   860   745   820   280   727   771   906   668   162   732    73   134   548   178  
 642   515   972   690   346   977   372   848   509   154   299   395   250   941    33    37   870    92   649   945   577   502   384   668   471   783   558   202   740   954   278   804   793    98   739    49   284   189   466   761   795   630   671   114   357   866   254   536   593   702   670   714   174   971    25   212   895   260    41   217   205   101   426   210   916   163   401   251    12   418    70   339   912   390   248   867   201   966   178   311   731  
  25   895   983   321     5   545   246   317   754   366   357   375   326   430   538    35   178   920   464   115   488   390   500   543   540   324   125   685   325   810   176   373    13   843   518   708   487   572   812   180   333   668   473   334   856   450    97   702    92   451   752   871   445    47   328   345   502   598   462   205   284   930   718   820    49   209   166   787   957   519   416    82   448   444   385   279   665   206   225   808   908  
 512   891   942   792   486    10   323   346   512    66    86   864   938   764   688   650   839   820     1   169   954    23    14   540   503   249   863   450   408    11   984   666   620   372   398   834   381   880   511   437   308   335   211   770   382   812   758   130   102    88   638    86   594   968   267   261   193   485    48   761   688   121   714   699   221   345   361   881   405   677   167   590   803    26   988   440   291   298   730   713   899  
 611   150   185   484   831   642   549   768   496   545   898   487   261   756   536   874   598   261   527   416   827   906   835   631   911   198   385   865   690   405   993   260    40   500   645   807   254   100   951   174   294   256   167   296   164   548   129   947   970    86   755   385   799   739   874   681   115   943   195   166   854   963   802   695    68   526   304   389    32   770   959   831   537    84    60   194   586   963   686   795   643  
 712   128   672   421   222   713   960   781   337   385   365   831    80   938   166   816   326   728   802   493    45   442   134    38   590   390   999   754   696   408   231   550   449   611   426   492   467   516   108   767   670   859   875   419   283   185   871    47   125   595   551   571   590   668   477   129   934   764   786   674   457   466   719   634   132    76   377   847   482   198   696   209   553   854   817   775   572   375   733   845   149  
 942   606   681   209   233   318   747   945   269   456   915   885   984   420   567   473   600   267   133   717   470   380   985    71   165   906   548   402   748   447   938    77   857    68   362   610     2   313   835   700   535   999   303   524   303   894   752   336   262   732   974   472   840    35   999   772   170   526   778    61   134   910   363   811   621   743   750   238   171   184   131   696   578   635   348   948   768   880   426   640   939  
 748   639   466    88   861   786   593   594  1000   826   529   181   333   537   526   813    38    66   587   895   165   239   531   472   610   884   153   559   767   930    78   274   853   117   248   514   322   107   874   599   340   930   932   939   752   414   989   899   457   138   119   371   175   292   568   974   519   987   643   901   496    90   633   746   865   302   688    33   362   468   934   227   649   882   857   483   825    47    47   366   599  
 427    33   786    22   161   866   765   421   932   505   193   943    68   363   582   882   676   517   170   793   499   730   815   498   412   200   474   357   757   153   264  1000   668   755   961   916   493   190   768   815   848   419   380   457   665    33   214   414    53   400   962   960   511   812   634   878   200   103   733   414   268   629   304   564   321    45   742   830   246   988   679   858   153   188   329   680   713   605   758   653   492  
 170   788   467   798   804   419   515   956   325   370    83   865   268   519    50   353   808   810   130    89   246   112   646   569   970   765    32   125   581   507   639    62    51   170    23   820   225   335   670   161   138   144   192   312   841   676   732   802   495   451   934   861   202    95   874   571   984   593   887   333   508   151   565   798   983   708   245   464    42   357    40   478   555   996   106   783   283   646   219   223   962  
 863   131   253    50   885   471   172    48   802   624   925   331   930    11   826   978   961   390   922   566   331   374   402   191   859   767    43    28   684   109   943   323   825   755   412   953   557   746   138   661   835   612   729   170   798   191   561   892   152   991   759   546   728   198   358   398   764   750   920   558   662   820   233   153   821   713   948   910   309   835   760   959   367    13   259    59    77   676   149   206   563  
  62   848   326   373    33   752   203   381   511   291   313   590   286    35   540   501   964   775   733   681   287   845   343   806   325   209   979   800    20   854   126   181   397   356   145   360   830   926   436   102   577   468   518   367   950    83     2   844   409   251   853   179   506   483   700   237   908   488   202   399   345   342   817   100    76   796   531   631   991   393   341    53   632   542   649   754   427   869   276   960   286  
 327   850   101    38    54   888    79   731   507   845    26   919   186   828   109   526   583    71   927   678   144   577   949   976    37   237   214   654   897   497   928    55   559   572   517   363   789    63   493   777   375   717   394   309   396    83   820   813   898   345   505   273   996   997   137   263   977   854   473   220   811   399   179   734   192   491   459   376   968   286   370   259   327   671   339   653   862   820   886   708   861  
 953   199   241    86   597   955   207   540   650   467   375   757   344   508   680   191   552   300   487   624   406   719   330   873   995   847   477    76   525   203   206    80   982   111    59   407   499   436    87   881   897   749   722   340   729   628   993   123   928   621    53   496   983   278   717   639   125   646   521   668   596    15   568   111   844   350   470   808   173   569   420   573    61   225   496   737   231   390   647   441   855  
 941    88   104   589   355   514   273   357   757   197   644   490   291   410   427   159   513   354   707   762   550   101   853   193   348   342   880   124   397   521   294   166   663   989   333   853   482    21   726    31   188   602   615   291   699   902    12   420    13   553   936   522   678   224   256   632    22   552   390   164   564   651   782   785   653   228     5   757   493   249   391   580   897   768   995   341   835   515   783   202   596  
 593   641   556   277     8    54   939   496   843   215   126   421   205   965   298   986   600   204   578   535    69    47   731   738    40   300   332   998   668   916   342   936   589   153   782   125   773   524   912   149   323   875   970   831   260   247   235    74   952   770   986   209   947   579   503   353   308   403   478   952   682   253   282   960   772   546   429   878   805   564   757   970   309   847   265   723   194   453    98    18   514  
 851   959   584   231   223   925   717   356   518   224   952   152    78   653   398   350   606   844   448   427   218   691   995   311   958   923   835   118   932   239   704   178   321   208   829    48   669   566     9   332   488   947   793   578    43   629   525   814   749   932    59   839   468   293   738    26   499   390   844   990    23   447   699   542   566   360   551    56     6   111   578   892   842    72    97   672   322   841   453   928   249  
 372   830   754   882   617   127   876   151   692   807   442   332     1   262   584   700   769   109   764   535    76   856   338   624   687   553   984   515   752   764   240   966    74   655   513   623   440   679   389   481   906   425   914   560   139   272    67    38   152    32   309   339   946   230   511    50   794   457    42   203   528   163   826   919   225   465   563   638   462   876   985   161   650   870     2   145   588   613   815   632   288  
 196   586    58   850   830   787   681   101   653   699   418   330   564   702   932   110   829   208   769     2   951   948   177   123    48   210   179   460   300   942   429  1000   256   366   324   181    99    47   629    93   438   365   115   162   988   542   696   342   446   259    21   835     3   893   847   660   758   617   517   854    63   576   758   396   904   370   850   194   202    57   600   686   267   291   659    76   461   172   517   420   298  
 835   745   762    86   705   312   785   379   724   406   810   130   507   660   772   497   466   748   177   803   573   988    66   670   785   813   961   391   814   464   279   370   625   176    59     7   660   968   978   143   272   525   597   521    34   539    76   562   109    36   622   791   466   411   849   622   788   896   255   413   152   933    27    29   373   351   690   584   314   324     3   630   807    89   257   317   334   304    46   165   250  
 185   172   517   208    51   380   870   312   145   890   369   540   908   773   714   395   917   179   186   157    71   500   645   972   562   983   679   915   720   965   858   972   396   364   875   187   396   514   283   928   240   324   768   808     7   514   956   804   803   178    30   711   544    29   642   465   763   354   618   176   778   138   456   450   573   131   595   327   257   140   405   568   942   763   442   744   510   780   412   504   701  
 990   763   451   711   470    24   446   541   337   694   436   904   538   679   152   641   566   348   961   631   213   509   796   676   550   120   424   752   276   969   621   931   992   159    15   816   514    32   677   678   789   890   162    82   815   490   470   961   601   297   856   492   106    73   850   364   688     4   727   582   237   828   937    48   923   178   231   255   415   898   400    79   408   384   333   746   748   571   936   763   416  
 615   238   158   305   684   393   120   471    18   323   950   851   317   726   551   793   897   890   758   565   358   200   945   929    42   550   652   783   213   593   872    16   808   472   616   860   963    20   318   769   370   777   541   636   421   449   915   687   949   810   906   683   404   935   655   889   148   627   479   714   824    18    56   570   902   933   240   976   355   326   379    34     6   943   537   885   504   684   894    90     8  
 362   430   179   281   969    22   511   977   376   359    45   753   856   450   265    92    62   370     1   367   869   294   307   828    19   668   253   392   739   915   704   887   477   238    48   860    70     6   877   659   328   832   599   210   547   636   453   836   697   456   252   570   349   164   813    74   375   361   432   278   929   415    39   851   672   681   213    44   929   878   499   167   901   861   772   172   157   427   158   657   525  
 423    39   125   575   391   697   848   378   350   830   510   261   165   285   759   905   687   508   225    80   654   966    26   703   899   554   495   678   951    93   307    98   613   365   948   856   427   216   810   201   263   640   764    63   414   913   929    63   923   363   384   110   613   666   118   982   872   669   564   943   192   448   734    16   151   239   483   138   217    75   861   554   396   557   131   258   164   625   687   128   160  
 821   746   455   536   102   979   684   123   479   981   350   418   182   924   893   783   682   965   147   896   717   274   947   613   321    63   568   511   940   518   754   363   794   131   414   362   381   584   792   209    62   299   373   376   152    36   271   712   308   253   438   684   475   611   574   142   705   671   360   825   304   548   307   349   509   264   740    14   814   597   253   911    56   685   860   787   907   850   677   461   142  
 313   331   771   117   753    79   994   450   465    78   620   490   174   396   231   321   601   537   952   389   451   663   463   382   722   658   799   199   942   380   174   123   759   362   488   557   713   945   571   342   116   994   363   423   919   573   774   269   358   387   643   573   985   878   116   224   569   329   646   647   625   887   457    75   581   212    72   484   773   579   789   570   799   117   582   769   196   596   715   489   325  
 184   435   675   508   536   582   843   790   324   955    67   638   606   785   150   981   829   498   402   113   212   653   675   122   102   298   971   656   281   299   407   274   622   903   220   626   898   175   664   305   620   438    23   175   981   868   229   372   493   237   893   211   784   389   541   798   178   593   626   763   534   826   618   195   831   633   628   172   707   624   109   946    72   729   681    42   888   235   451   380   322  
 609   651   416   587   226   223   627   247   627    57   191    80   517    81   734   400   747   137   188   279   237   590   561   276   414   900   456    96   198    50   812   193   837   245   924   301   568   630   782   991   825   578   402   581   189   875   243   990    38   866   554   241   494   990   432   165   699   581   819   349   520   756   177   495   216   246   711   773   600   778    56   851   624   159   543   742   651    67   696   555   440  
 891   214   321   570   143   597   184   168   429   449   240   639   424   302   997   993   382   129   334   827   310   934   336   188   533   804   286   670   680   213   430   184   134   703   800   964   440   132   588   881   119   236     9   971   610   216   264    91   176   775   727   954    26   299   999   583   556    84   755   698   505   303     8   615   673   486   904   102   295   703    40   970   396   451   735   602   481   793   657   639   321  
 629   545   719   559   499   632    68   952   653   494   252   739   622    64   307   869    86   172   942   231   549   563   166   168   339   578   238    45   885   486   230   104   820   974   838   816   992   727   781   660   989   783    81   120   725   473   496    74   151   899   937   567    17   609   481    55   381   466   208   216   328   477   350    20   350   547    92   494   856    61    15   725   600   262   305   967    15   864   375   763   234  
 539    54   866   669   948   840   143   555   426   144   464   792   284   531   189   894   615    24   246   118   345   372   694   585   463    48   370   582   899   652   625   487   764   587   533   425   639   505     1   223   429   377   287   535   346   205   102   446   803    71   825   886   502   472   754    75   640   667    62   702   856   950    29   149    49   484   941   110   789   611    78   736   861   247   797   527   888   293   641   182   646  
 226   217   666   903   815   580   770   814   492   690   602   682   572   608    15   179   176   783   292   777   425   943   576    90   697   541   680   952   576   243   187   258   631   758   426   206   102   322   925   711   787   645    42   805   706   258   296   459    22    45   503   797   691   880   172   336   584   397   355   440   426   812   255   908   461   142   915   512    51   786   542   823   197   928   980   368   369   930   379   602   241  
 779   930   352   419   575    20   781   990   904   289    40   102   437   949   744   893   540   869   698   680   612   376   236   949   376   362   849     9   830   144   269   464    39   373   779    74   618   473   132   455   744   888   540   594   724   454   116   869   862   492   219   914   476   978   739   894   669   163   257   188   627   393   580   779   344   355   534   105   366    75   668   151   385   635   187   851   375   100   306   742   110  
 293   358   844   473   376   851   475   813   234   311   767   179   985   959   350  1000   143    88   805   345   595   257    84   647   382   536    31    59   699   572    81   540   646   594   980   417   765   244    57   165   322   127   789   483   366   151   461   947   984   536   380   804   231   959   107   627   409   699   335   685    17   717    92   746   291   245   554   693   802   723   618   413   513   163   854   581    21   260   154   798   763  
 372   154   936   980   486   670   974   996   967   468   322   513   483   263   935   918   783   412   666   824     8   144   507   489   523    35   361   576    75   270   369   295   429   315    53   382   324   496   834   549   153   563    17   994   217    13   679   521   236   548   286   550   557   379   486   978   388   926   917   703   225    23   419   573   584   979   822   167   662   203   412   390   634   736   139   238   738   227   248   770   156  
 111     2   818   162   648   423   643   957   921   570   536   103   164   628   550   227   247    23   176   297   839   156   842   119   155   762   410   357   874   303   435   468   201   948   955    69   280   222   143    50   995   687   697   854   131   142    35   379   153   969   281   715   745   328   233    48   376    70    20   122   255    16   325   858    63   911   436    59    87   186   959    40   784    30   451   686   664   774   740   964   534  
 680   661   339   817   458   756   625   810   582   466   214    95   520   778   727   688    61   781   216   595   233   589   564   907    51   401   114   405   818   984   628    77   565   654   186   599   488   641   548   489   151   245   173   120   337   778   958   578   906   164   306   566   859   745   921   896   312   983   303   831   948   185   110   171   873    54   340   553   854   629   802   867     2   574   887   657   439   949   454   992   227  
 445   268   315    75   199   622   926   472   190     6   929   952   249   830   436   720   425    52   273   174   622   993   994   455   499    29   900   848   562   670   970    51   328   887   311   474    59   637   140   797   941   818   911   907   820   717    94   448   925   819    89   913   297    67   945   499   433   480   727    21   231   873   580   550   917   896   304    53   735   983   677   692   538   503    53   424   736   159   854   768    23  
 349   636    45   207   782   697   963    80   806   421   832   385    47   796   747   143   965   776     9   360   561   193   462   909   415    14   549   617   892   677   282   311   313   111   299   463   351    96   978   214   298   633   745   883   453   667   255   893   299   273   165   129   271   679   983    17   718   694   727   883   985    61   443   634   958   192   915   750   375   989   815   152   400    62   969   198    46   152   759   873   794  
   7   899    85   240   657   857   807    72    20   823   812   345   697   797    78    18   652   550   968   677   539   127   159   654   763   740   468   280   137   866   958    35   664   113   645   425   787   297   266   994   615   720   682   225   264   179   500   897    87   628   795   381   491    32   871   223   934   539   187   992   711   554   910   226   606   244   948   442   872   458   620   102   434   349   855   972    89   938   938   139   988  
 763   507   823   232   818   277   357   372    93   312    95   475   946   889   831   771   252   265   527   176   615    10   250    96   464   759   391   116   295   820   451   626   517   167   622   390   967    25   643   726    94   834   387   443   988   998   670   280    27   741   953   598   997   338   685   374    57   811   797   868    83   692   450   946   303   276   819   838   960   870   447   165   369   426   495   419   476   905   610    60   199  
 798   140   912   273   224   669   906    81   331   267   664   818   709   501   510   329   432   417   215   344   878   502   804   527    52   320   394   728   636   210   283   728   342   753   302   367   408   302   670   442   490   501   320   817   628   301   975   666   413   985   282   192   116   116   215    17   204    33   929   317   753   968   729   884    44   846   830   503    63   240   132   649   925    37   736   296   351   323   658   406    66  
 115   747   600   759   230    11   838   474   858   931   326   593   586   371   510   525   636   791   157   174   989   651    92   579   155   782    92   666   698    50   611   465   244   464   395   328    32    37   294   101   774    41   313   292   227   478   289   629    25   898   101    50   931   771   463   429   308   923   416   358   889   303   357    36   606    38   262   302    79   518   476   154   797   234   301   983   333   843   527   148   697  
 481   624   610   578   676   300   769   244   699   428   176   910     3   271   503   355   703   764   547   510   133   848   169   676   990   372  1000   243   714   244    96   859   406   303    47   460   431   851   399    95   962   450   793   434   145   959   153   614   604   505   858   766   322    81   156   915   330   632   564   609   861   874   416    87   262   200   422   178   160   277   878   542   706   512   406   643   855   409   656   898   474  
 224   550   266   785   467   348   208   397   115   267   867   423   285   492   839   460   742   457   398   758   256   940   915   334   907   763   424    46   439    27   818   149     6   945   342   637   628   729   253   182   693   587   242    28   193   814   510   645   548   919   299   567   855   333   368   604   927   356   546   477   753   970   100   437   190   718   538   174   358   880   631   109   371    75   222   980   694   283   108     1    28  
