81

  0    1    2   50   42   44   49   46   49   84   85   90   81   90   83   89   81   85   90   86   90   88   85   83   88   85   82  121  121  122  122  126  127  126  123  124  127  130  129  130  126  123  128  126  128  125  129  123  123  129  125  123  127  129  127  126  123  121  128  128  129  125  128  123  121  123  126  124  121  126  129  128  123  130  129  128  129  129  129  122  130  
  1    0   17   50   47   42   42   46   43   88   88   84   83   89   86   87   87   82   88   83   82   81   90   84   88   84   87  129  125  125  126  124  126  126  126  129  126  128  124  129  122  116  124  129  127  127  125  124  125  129  126  122  128  129  126  125  122  121  124  125  126  124  129  130  128  129  123  130  121  130  121  126  122  127  128  121  127  128  123  114  121  
  2   17    0   50   50   43   48   41   42   90   82   81   86   90   81   89   84   90   86   89   81   87   86   83   88   90   84  122  122  121  127  122  123  122  122  124  122  122  123  130  122  121  122  128  128  124  126  125  123  123  123  130  123  123  125  125  122  121  123  126  121  127  129  122  121  126  122  123  127  130  125  124  121  126  124  123  129  130  128  122  123  
 50   50   50    0    9    9   47   43   48   83   88   85   89   87   83   90   81   88   86   84   85   81   90   83   85   90   82  128  127  121  122  121  127  127  124  127  128  124  126  121  122  128  129  127  130  129  122  128  121  125  124  124  125  123  130  128  128  129  124  130  121  123  122  127  129  122  121  128  122  129  130  125  128  127  125  122  123  121  124  125  124  
 42   47   50    9    0    1   45   45   47   86   86   82   87   81   83   83   80   88   86   82   89   77   87   84   83   86   87  121  123  128  129  117  126  126  129  121  125  121  130  123  121  124  121  127  124  122  127  126  129  128  128  125  122  124  124  128  121  123  122  123  118  128  128  127  121  129  125  122  129  130  124  122  127  126  123  121  127  125  123  128  126  
 44   42   43    9    1    0   44   43   42   89   81   84   86   89   82   88   84   81   89   85   85   88   86   87   84   81   83  125  126  123  126  125  127  124  124  122  128  126  121  130  124  129  124  125  122  129  125  118  126  121  126  125  125  128  128  121  122  127  122  123  121  126  122  126  125  124  127  129  129  128  122  121  127  122  122  128  126  123  126  130  121  
 49   42   48   47   45   44    0    4   12   88   81   83   90   89   88   76   82   85   83   86   90   89   81   90   81   81   86  123  123  121  126  126  124  125  130  128  124  130  123  129  116  127  123  127  129  123  129  128  125  127  129  130  122  129  124  127  125  121  125  125  126  123  128  129  124  127  121  123  126  126  125  127  125  123  126  127  121  129  126  122  129  
 46   46   41   43   45   43    4    0    4   81   84   81   89   88   90   87   81   85   82   89   85   75   85   82   90   83   90  122  127  123  125  122  121  129  123  121  129  123  121  126  122  122  121  123  130  126  122  112  121  130  122  123  129  121  122  126  126  123  130  124  121  122  130  129  123  124  124  123  121  130  128  121  127  127  128  123  126  124  123  126  124  
 49   43   42   48   47   42   12    4    0   90   89   88   87   84   83   89   81   86   87   86   81   83   83   88   82   89   81  130  123  122  130  115  122  130  123  125  128  123  128  122  130  128  129  128  114  123  124  125  129  125  126  130  123  122  124  128  123  128  117  126  127  128  125  122  128  127  123  128  125  122  121  130  122  130  121  129  125  121  125  123  129  
 84   88   90   83   86   89   88   81   90    0    5   12   43   41   45   41   44   46   90   82   84   85   82   88   87   89   80  129  127  123  121  130  123  129  128  127  123  123  125  126  129  121  130  126  118  124  122  126  127  129  122  121  124  128  124  128  129  123  128  128  124  123  122  121  125  124  123  125  129  122  124  127  122  129  128  128  122  123  126  117  125  
 85   88   82   88   86   81   81   84   89    5    0   15   50   26   48   45   44   49   85   88   81   85   88   87   88   88   86  126  124  124  123  129  122  122  123  125  123  128  129  130  128  128  122  130  128  121  124  123  122  126  125  126  127  127  129  130  128  121  129  122  124  121  128  122  126  124  127  127  130  118  126  124  122  121  125  130  130  130  129  125  127  
 90   84   81   85   82   84   83   81   88   12   15    0   47   47   50   49   50   48   88   87   82   81   87   85   84   77   75  129  127  129  122  127  124  129  130  125  128  125  123  129  128  119  126  130  127  127  121  116  130  126  130  129  125  130  122  122  130  128  122  122  129  125  128  124  130  123  126  121  129  122  121  128  127  130  126  124  121  123  129  130  129  
 81   83   86   89   87   86   90   89   87   43   50   47    0   15   16   48   49   48   86   81   79   86   88   86   83   81   85  126  124  127  130  122  119  128  127  123  124  127  122  127  123  123  130  127  126  124  130  125  130  125  125  121  125  124  125  122  123  122  125  121  128  128  128  124  130  127  123  127  129  129  121  124  127  130  130  121  122  122  121  125  123  
 90   89   90   87   81   89   89   88   84   41   26   47   15    0    2   38   38   42   88   90   81   86   83   90   89   90   89  125  130  124  122  122  128  130  123  123  124  123  122  122  121  127  127  129  125  127  130  123  130  128  121  122  128  124  122  125  129  127  130  129  123  125  129  128  122  122  124  127  129  122  128  125  126  125  121  127  125  123  130  129  127  
 83   86   81   83   83   82   88   90   83   45   48   50   16    2    0   36   45   49   90   85   87   86   90   83   71   84   84  126  121  129  130  123  123  128  127  121  127  130  127  126  129  122  130  128  123  128  127  128  127  129  130  127  125  123  121  125  126  126  129  130  130  130  129  125  130  127  118  121  127  123  126  126  124  125  129  127  129  124  130  127  122  
 89   87   89   90   83   88   76   87   89   41   45   49   48   38   36    0    1    7   89   89   87   84   85   88   87   83   89  125  126  122  129  121  127  128  126  121  128  121  126  126  130  130  127  130  128  130  127  130  128  130  121  123  127  125  125  129  129  128  129  123  123  117  124  125  121  128  122  122  126  128  125  128  130  113  124  124  124  127  129  129  124  
 81   87   84   81   80   84   82   81   81   44   44   50   49   38   45    1    0    5   84   88   86   87   87   82   90   90   83  125  122  124  121  123  123  120  127  124  121  129  129  130  122  122  124  130  121  130  123  113  129  125  121  129  125  129  128  123  130  123  123  123  126  124  130  121  124  125  127  123  127  130  125  121  126  121  126  121  128  130  129  128  127  
 85   82   90   88   88   81   85   85   86   46   49   48   48   42   49    7    5    0   84   90   82   81   84   83   89   88   86  122  124  122  121  124  121  129  129  122  130  130  130  128  123  127  121  122  127  126  125  123  121  124  126  121  125  116  123  122  125  127  123  125  128  125  124  127  126  125  124  128  127  124  125  128  125  120  125  124  125  126  127  123  128  
 90   88   86   86   86   89   83   82   87   90   85   88   86   88   90   89   84   84    0   20    5   42   43   45   49   45   50  121  130  126  127  122  129  129  122  124  130  126  121  129  122  111  125  126  122  130  122  125  124  124  123  123  125  123  122  126  122  130  121  129  124  127  125  123  123  113  129  130  124  127  125  126  127  122  125  129  121  126  128  128  122  
 86   83   89   84   82   85   86   89   86   82   88   87   81   90   85   89   88   90   20    0   10   42   43   44   42   41   42  124  125  128  127  130  126  119  123  127  130  126  130  124  121  123  123  129  130  127  122  130  129  122  126  124  126  128  122  130  127  130  124  129  129  124  121  130  124  124  129  121  123  123  121  129  124  128  126  130  126  127  124  122  127  
 90   82   81   85   89   85   90   85   81   84   81   82   79   81   87   87   86   82    5   10    0   50   35   47   43   43   43  127  124  124  121  124  128  124  130  122  121  129  130  122  130  129  123  126  127  128  126  125  122  126  123  124  123  130  130  125  125  130  122  128  119  130  126  123  129  130  124  123  127  126  125  123  124  124  123  123  124  127  128  123  122  
 88   81   87   81   77   88   89   75   83   85   85   81   86   86   86   84   87   81   42   42   50    0   18   12   47   50   39  124  117  129  124  121  126  124  127  130  124  130  121  122  129  128  124  128  123  130  127  130  121  129  129  125  130  128  130  128  126  128  120  121  125  124  129  126  130  123  114  124  129  115  123  127  127  124  123  126  124  125  122  122  128  
 85   90   86   90   87   86   81   85   83   82   88   87   88   83   90   85   87   84   43   43   35   18    0    2   41   50   49  127  128  121  124  126  124  126  125  129  123  130  122  121  121  121  124  130  124  124  129  128  127  128  128  129  126  128  121  125  126  121  123  130  126  121  124  126  125  130  126  129  124  124  128  124  122  122  128  127  122  129  123  121  122  
 83   84   83   83   84   87   90   82   88   88   87   85   86   90   83   88   82   83   45   44   47   12    2    0   48   50   46  122  121  122  127  122  126  128  127  124  124  128  129  121  122  130  130  123  124  129  128  122  125  121  121  129  122  128  126  129  130  123  124  123  125  129  124  130  127  124  130  130  129  129  130  123  127  122  122  130  122  130  121  124  130  
 88   88   88   85   83   84   81   90   82   87   88   84   83   89   71   87   90   89   49   42   43   47   41   48    0    4   12  129  127  125  121  126  122  123  126  124  130  124  126  127  126  129  128  128  128  121  123  121  122  129  122  128  123  128  130  123  122  123  123  125  127  123  126  117  130  128  127  126  126  130  129  124  128  121  125  129  128  121  129  128  126  
 85   84   90   90   86   81   81   83   89   89   88   77   81   90   84   83   90   88   45   41   43   50   50   50    4    0   10  122  130  126  127  126  125  128  127  128  129  128  124  124  129  123  125  122  127  122  127  126  126  128  127  121  130  125  130  122  125  123  123  125  123  128  130  115  124  124  121  122  130  125  124  127  118  121  130  121  124  121  125  125  123  
 82   87   84   82   87   83   86   90   81   80   86   75   85   89   84   89   83   86   50   42   43   39   49   46   12   10    0  121  127  121  122  122  129  127  124  122  127  126  125  126  130  123  122  129  121  125  124  127  127  127  121  122  124  125  127  130  122  128  126  123  122  124  129  122  126  123  122  126  123  129  125  122  126  121  122  127  122  125  126  121  121  
121  129  122  128  121  125  123  122  130  129  126  129  126  125  126  125  125  122  121  124  127  124  127  122  129  122  121    0    5   11   42   42   44   41   48   36   83   85   89   83   82   86   89   84   83   85   87   88   90   83   90   83   84   76  123  130  128  127  128  124  123  121  121  121  129  127  125  123  123  123  123  127  128  127  125  126  124  129  123  124  121  
121  125  122  127  123  126  123  127  123  127  124  127  124  130  121  126  122  124  130  125  124  117  128  121  127  130  127    5    0    7   43   46   49   38   49   48   85   81   86   86   89   83   81   87   90   83   82   88   86   87   84   84   80   83  125  126  126  122  122  121  121  124  128  129  127  124  129  124  129  126  126  128  125  126  128  123  128  127  123  129  128  
122  125  121  121  128  123  121  123  122  123  124  129  127  124  129  122  124  122  126  128  124  129  121  122  125  126  121   11    7    0   44   43   50   42   44   47   83   85   86   90   83   82   86   90   84   89   84   89   85   82   84   90   84   85  124  125  122  124  122  126  126  123  124  128  126  127  124  127  124  124  127  127  128  126  124  123  129  123  123  122  121  
122  126  127  122  129  126  126  125  130  121  123  122  130  122  130  129  121  121  127  127  121  124  124  127  121  127  122   42   43   44    0   10   11   37   43   50   85   83   89   88   87   90   87   81   82   85   84   83   86   82   87   84   75   86  125  126  128  127  125  129  126  121  123  126  124  125  126  122  122  122  125  129  130  122  122  121  129  127  121  130  124  
126  124  122  121  117  125  126  122  115  130  129  127  122  122  123  121  123  124  122  130  124  121  126  122  126  126  122   42   46   43   10    0   13   45   48   49   83   87   81   85   84   84   81   89   83   83   82   85   85   88   85   85   81   83  130  125  128  126  125  129  129  127  125  123  123  125  125  121  129  125  125  123  127  121  122  122  122  126  121  130  128  
127  126  123  127  126  127  124  121  122  123  122  124  119  128  123  127  123  121  129  126  128  126  124  126  122  125  129   44   49   50   11   13    0   47   47   42   90   86   85   84   88   78   80   81   88   86   82   88   81   90   85   81   84   81  128  130  124  122  130  128  127  122  121  126  122  125  127  129  122  121  121  122  122  118  124  121  125  127  126  129  122  
126  126  122  127  126  124  125  129  130  129  122  129  128  130  128  128  120  129  129  119  124  124  126  128  123  128  127   41   38   42   37   45   47    0    6    3   90   85   90   85   85   83   82   90   85   83   88   88   84   75   88   87   83   90  130  130  126  126  124  127  124  122  130  128  127  124  121  127  130  129  121  128  128  122  122  126  124  120  126  121  130  
123  126  122  124  129  124  130  123  123  128  123  130  127  123  127  126  127  129  122  123  130  127  125  127  126  127  124   48   49   44   43   48   47    6    0   19   85   82   89   83   82   85   86   80   90   87   84   89   84   87   90   81   81   85  125  125  121  127  123  123  128  122  113  125  123  130  128  121  129  130  123  129  123  125  124  126  121  127  123  126  123  
124  129  124  127  121  122  128  121  125  127  125  125  123  123  121  121  124  122  124  127  122  130  129  124  124  128  122   36   48   47   50   49   42    3   19    0   83   83   86   77   81   81   81   82   83   89   83   81   82   86   85   87   85   86  129  127  128  121  129  125  128  128  127  129  125  124  127  130  126  126  124  129  128  124  127  125  130  126  124  121  123  
127  126  122  128  125  128  124  129  128  123  123  128  124  124  127  128  121  130  130  130  121  124  123  124  130  129  127   83   85   83   85   83   90   90   85   83    0    2    5   45   47   37   42   41   42   82   87   84   84   85   87   87   85   88  130  129  121  130  130  127  130  126  130  130  127  121  129  122  122  126  124  122  115  126  122  123  123  128  129  125  122  
130  128  122  124  121  126  130  123  123  123  128  125  127  123  130  121  129  130  126  126  129  130  130  128  124  128  126   85   81   85   83   87   86   85   82   83    2    0    5   42   50   50   44   42   49   81   83   89   89   82   90   86   85   85  121  129  123  125  130  128  124  125  125  129  126  130  124  124  128  129  128  130  123  125  128  121  123  126  129  121  122  
129  124  123  126  130  121  123  121  128  125  129  123  122  122  127  126  129  130  121  130  130  121  122  129  126  124  125   89   86   86   89   81   85   90   89   86    5    5    0   46   41   47   50   42   43   75   87   85   85   84   88   86   86   82  127  126  122  124  129  127  126  121  130  124  128  127  130  126  124  121  121  128  127  130  124  129  130  124  125  129  128  
130  129  130  121  123  130  129  126  122  126  130  129  127  122  126  126  130  128  129  124  122  122  121  121  127  124  126   83   86   90   88   85   84   85   83   77   45   42   46    0   20    6   37   47   49   89   83   88   84   83   87   83   89   85  130  130  129  123  123  127  121  125  124  123  129  112  129  118  129  127  122  123  130  122  128  125  128  123  122  122  125  
126  122  122  122  121  124  116  122  130  129  128  128  123  121  129  130  122  123  122  121  130  129  121  122  126  129  130   82   89   83   87   84   88   85   82   81   47   50   41   20    0    3   41   43   44   90   84   86   89   84   87   82   85   88  126  129  122  124  126  125  124  128  124  129  121  125  127  130  129  128  124  125  126  125  127  123  122  123  126  121  123  
123  116  121  128  124  129  127  122  128  121  128  119  123  127  122  130  122  127  111  123  129  128  121  130  129  123  123   86   83   82   90   84   78   83   85   81   37   50   47    6    3    0   41   46   44   89   89   83   83   84   85   86   87   88  127  128  126  121  126  126  121  121  121  128  127  125  129  129  121  130  123  124  121  125  129  128  114  127  126  129  128  
128  124  122  129  121  124  123  121  129  130  122  126  130  127  130  127  124  121  125  123  123  124  124  130  128  125  122   89   81   86   87   81   80   82   86   81   42   44   50   37   41   41    0    6    1   82   84   84   84   89   89   81   89   82  126  124  122  120  126  126  121  126  123  126  122  124  126  124  122  128  126  123  125  127  130  123  125  117  124  124  121  
126  129  128  127  127  125  127  123  128  126  130  130  127  129  128  130  130  122  126  129  126  128  130  123  128  122  129   84   87   90   81   89   81   90   80   82   41   42   42   47   43   46    6    0    6   89   81   88   85   84   90   82   84   81  123  122  130  128  126  130  125  123  122  129  123  123  126  128  125  127  130  127  123  125  122  121  122  129  130  123  122  
128  127  128  130  124  122  129  130  114  118  128  127  126  125  123  128  121  127  122  130  127  123  124  124  128  127  121   83   90   84   82   83   88   85   90   83   42   49   43   49   44   44    1    6    0   85   90   83   81   87   85   86   89   90  128  121  125  129  130  123  126  130  130  128  127  123  123  128  121  125  127  122  127  129  123  121  122  122  121  128  123  
125  127  124  129  122  129  123  126  123  124  121  127  124  127  128  130  130  126  130  127  128  130  124  129  121  122  125   85   83   89   85   83   86   83   87   89   82   81   75   89   90   89   82   89   85    0   12   11   43   46   50   46   41   44  122  128  130  121  127  127  128  126  127  122  130  124  128  123  128  128  122  127  122  128  123  128  130  123  127  114  124  
129  125  126  122  127  125  129  122  124  122  124  121  130  130  127  127  123  125  122  122  126  127  129  128  123  127  124   87   82   84   84   82   82   88   84   83   87   83   87   83   84   89   84   81   90   12    0   12   43   39   36   43   47   42  123  127  121  121  125  123  122  127  122  127  125  117  119  129  129  126  124  121  124  124  128  129  130  125  130  130  127  
123  124  125  128  126  118  128  112  125  126  123  116  125  123  128  130  113  123  125  130  125  130  128  122  121  126  127   88   88   89   83   85   88   88   89   81   84   89   85   88   86   83   84   88   83   11   12    0   41   44   46   46   45   35  127  127  124  125  128  121  125  129  122  128  123  126  124  127  124  120  122  127  123  128  121  122  130  130  126  125  130  
123  125  123  121  129  126  125  121  129  127  122  130  130  130  127  128  129  121  124  129  122  121  127  125  122  126  127   90   86   85   86   85   81   84   84   82   84   89   85   84   89   83   84   85   81   43   43   41    0   12    1   42   48   35  122  126  122  126  121  126  122  128  128  127  121  128  127  122  124  128  130  121  125  124  122  124  129  122  122  123  129  
129  129  123  125  128  121  127  130  125  129  126  126  125  128  129  130  125  124  124  122  126  129  128  121  129  128  127   83   87   82   82   88   90   75   87   86   85   82   84   83   84   84   89   84   87   46   39   44   12    0    8   42   49   44  124  121  130  125  129  125  125  123  125  126  125  125  125  127  129  130  122  121  127  122  126  129  129  124  129  129  122  
125  126  123  124  128  126  129  122  126  122  125  130  125  121  130  121  121  126  123  126  123  129  128  121  122  127  121   90   84   84   87   85   85   88   90   85   87   90   88   87   87   85   89   90   85   50   36   46    1    8    0   44   46   38  129  121  124  130  124  130  125  121  127  124  121  123  129  125  123  129  127  128  129  123  128  129  128  125  124  127  121  
123  122  130  124  125  125  130  123  130  121  126  129  121  122  127  123  129  121  123  124  124  125  129  129  128  121  122   83   84   90   84   85   81   87   81   87   87   86   86   83   82   86   81   82   86   46   43   46   42   42   44    0   11    3  125  122  125  125  121  122  124  130  123  128  128  127  127  128  123  122  128  124  124  122  126  129  121  121  129  123  124  
127  128  123  125  122  125  122  129  123  124  127  125  125  128  125  127  125  125  125  126  123  130  126  122  123  130  124   84   80   84   75   81   84   83   81   85   85   85   86   89   85   87   89   84   89   41   47   45   48   49   46   11    0    6  124  121  125  127  123  127  126  130  128  128  130  122  121  122  122  125  127  121  122  122  125  121  129  123  125  127  126  
129  129  123  123  124  128  129  121  122  128  127  130  124  124  123  125  129  116  123  128  130  128  128  128  128  125  125   76   83   85   86   83   81   90   85   86   88   85   82   85   88   88   82   81   90   44   42   35   35   44   38    3    6    0  122  126  130  123  126  125  120  127  117  124  121  123  124  122  124  121  130  129  129  124  123  130  121  124  125  125  129  
127  126  125  130  124  128  124  122  124  124  129  122  125  122  121  125  128  123  122  122  130  130  121  126  130  130  127  123  125  124  125  130  128  130  125  129  130  121  127  130  126  127  126  123  128  122  123  127  122  124  129  125  124  122    0   16    9   46   37   46   41   36   45   83   84   82   87   89   81   85   85   86   85   85   90   87   84   83   90   85   83  
126  125  125  128  128  121  127  126  128  128  130  122  122  125  125  129  123  122  126  130  125  128  125  129  123  122  130  130  126  125  126  125  130  130  125  127  129  129  126  130  129  128  124  122  121  128  127  127  126  121  121  122  121  126   16    0    7   49   46   49   43   45   44   83   90   81   89   81   77   83   90   81   82   81   88   87   87   81   86   86   82  
123  122  122  128  121  122  125  126  123  129  128  130  123  129  126  129  130  125  122  127  125  126  126  130  122  125  122  128  126  122  128  128  124  126  121  128  121  123  122  129  122  126  122  130  125  130  121  124  122  130  124  125  125  130    9    7    0   39   32   50   39   44   38   89   84   87   83   82   82   89   83   82   87   82   83   83   86   81   88   83   81  
121  121  121  129  123  127  121  123  128  123  121  128  122  127  126  128  123  127  130  130  130  128  121  123  123  123  128  127  122  124  127  126  122  126  127  121  130  125  124  123  124  121  120  128  129  121  121  125  126  125  130  125  127  123   46   49   39    0    6   14   47   48   50   88   89   82   83   85   88   89   89   84   88   86   88   81   83   82   78   87   78  
128  124  123  124  122  122  125  130  117  128  129  122  125  130  129  129  123  123  121  124  122  120  123  124  123  123  126  128  122  122  125  125  130  124  123  129  130  130  129  123  126  126  126  126  130  127  125  128  121  129  124  121  123  126   37   46   32    6    0   20   41   48   49   86   74   79   84   83   89   81   89   81   81   80   79   90   88   88   89   87   88  
128  125  126  130  123  123  125  124  126  128  122  122  121  129  130  123  123  125  129  129  128  121  130  123  125  125  123  124  121  126  129  129  128  127  123  125  127  128  127  127  125  126  126  130  123  127  123  121  126  125  130  122  127  125   46   49   50   14   20    0   45   43   42   86   71   82   81   85   81   79   83   86   84   81   83   87   81   90   85   84   88  
129  126  121  121  118  121  126  121  127  124  124  129  128  123  130  123  126  128  124  129  119  125  126  125  127  123  122  123  121  126  126  129  127  124  128  128  130  124  126  121  124  121  121  125  126  128  122  125  122  125  125  124  126  120   41   43   39   47   41   45    0    3   13   88   83   75   90   89   87   88   88   90   83   86   83   84   88   88   85   81   89  
125  124  127  123  128  126  123  122  128  123  121  125  128  125  130  117  124  125  127  124  130  124  121  129  123  128  124  121  124  123  121  127  122  122  122  128  126  125  121  125  128  121  126  123  130  126  127  129  128  123  121  130  130  127   36   45   44   48   48   43    3    0   20   81   89   84   83   86   85   90   87   86   88   88   83   87   87   85   86   88   85  
128  129  129  122  128  122  128  130  125  122  128  128  128  129  129  124  130  124  125  121  126  129  124  124  126  130  129  121  128  124  123  125  121  130  113  127  130  125  130  124  124  121  123  122  130  127  122  122  128  125  127  123  128  117   45   44   38   50   49   42   13   20    0   81   90   86   87   89   88   81   89   90   80   83   88   88   78   88   82   84   84  
123  130  122  127  127  126  129  129  122  121  122  124  124  128  125  125  121  127  123  130  123  126  126  130  117  115  122  121  129  128  126  123  126  128  125  129  130  129  124  123  129  128  126  129  128  122  127  128  127  126  124  128  128  124   83   83   89   88   86   86   88   81   81    0   16    3   49   48   47   38   37   45   90   86   81   86   88   83   84   87   86  
121  128  121  129  121  125  124  123  128  125  126  130  130  122  130  121  124  126  123  124  129  130  125  127  130  124  126  129  127  126  124  123  122  127  123  125  127  126  128  129  121  127  122  123  127  130  125  123  121  125  121  128  130  121   84   90   84   89   74   71   83   89   90   16    0   19   41   46   49   45   44   43   83   85   83   89   86   89   83   82   86  
123  129  126  122  129  124  127  124  127  124  124  123  127  122  127  128  125  125  113  124  130  123  130  124  128  124  123  127  124  127  125  125  125  124  130  124  121  130  127  112  125  125  124  123  123  124  117  126  128  125  123  127  122  123   82   81   87   82   79   82   75   84   86    3   19    0   49   45   34   40   47   42   83   82   86   90   83   90   85   71   86  
126  123  122  121  125  127  121  124  123  123  127  126  123  124  118  122  127  124  129  129  124  114  126  130  127  121  122  125  129  124  126  125  127  121  128  127  129  124  130  129  127  129  126  126  123  128  119  124  127  125  129  127  121  124   87   89   83   83   84   81   90   83   87   49   41   49    0   12    2   45   42   44   90   78   90   83   81   85   88   88   80  
124  130  123  128  122  129  123  123  128  125  127  121  127  127  121  122  123  128  130  121  123  124  129  130  126  122  126  123  124  127  122  121  129  127  121  130  122  124  126  118  130  129  124  128  128  123  129  127  122  127  125  128  122  122   89   81   82   85   83   85   89   86   89   48   46   45   12    0    2   50   39   49   83   81   83   84   85   87   89   80   89  
121  121  127  122  129  129  126  121  125  129  130  129  129  129  127  126  127  127  124  123  127  129  124  129  126  130  123  123  129  124  122  129  122  130  129  126  122  128  124  129  129  121  122  125  121  128  129  124  124  129  123  123  122  124   81   77   82   88   89   81   87   85   88   47   49   34    2    2    0   41   41   46   89   86   80   87   84   85   83   85   88  
126  130  130  129  130  128  126  130  122  122  118  122  129  122  123  128  130  124  127  123  126  115  124  129  130  125  129  123  126  124  122  125  121  129  130  126  126  129  121  127  128  130  128  127  125  128  126  120  128  130  129  122  125  121   85   83   89   89   81   79   88   90   81   38   45   40   45   50   41    0   11   13   85   86   79   81   81   83   82   81   78  
129  121  125  130  124  122  125  128  121  124  126  121  121  128  126  125  125  125  125  121  125  123  128  130  129  124  125  123  126  127  125  125  121  121  123  124  124  128  121  122  124  123  126  130  127  122  124  122  130  122  127  128  127  130   85   90   83   89   89   83   88   87   89   37   44   47   42   39   41   11    0    7   87   85   84   87   82   81   86   85   82  
128  126  124  125  122  121  127  121  130  127  124  128  124  125  126  128  121  128  126  129  123  127  124  123  124  127  122  127  128  127  129  123  122  128  129  129  122  130  128  123  125  124  123  127  122  127  121  127  121  121  128  124  121  129   86   81   82   84   81   86   90   86   90   45   43   42   44   49   46   13    7    0   90   85   88   82   89   81   83   85   81  
123  122  121  128  127  127  125  127  122  122  122  127  127  126  124  130  126  125  127  124  124  127  122  127  128  118  126  128  125  128  130  127  122  128  123  128  115  123  127  130  126  121  125  123  127  122  124  123  125  127  129  124  122  129   85   82   87   88   81   84   83   88   80   90   83   83   90   83   89   85   87   90    0   16    8   40   37   48   44   48   49  
130  127  126  127  126  122  123  127  130  129  121  130  130  125  125  113  121  120  122  128  124  124  122  122  121  121  121  127  126  126  122  121  118  122  125  124  126  125  130  122  125  125  127  125  129  128  124  128  124  122  123  122  122  124   85   81   82   86   80   81   86   88   83   86   85   82   78   81   86   86   85   85   16    0   12   49   44   50   49   50   45  
129  128  124  125  123  122  126  128  121  128  125  126  130  121  129  124  126  125  125  126  123  123  128  122  125  130  122  125  128  124  122  122  124  122  124  127  122  128  124  128  127  129  130  122  123  123  128  121  122  126  128  126  125  123   90   88   83   88   79   83   83   83   88   81   83   86   90   83   80   79   84   88    8   12    0   45   50   42   47   48   46  
128  121  123  122  121  128  127  123  129  128  130  124  121  127  127  124  121  124  129  130  123  126  127  130  129  121  127  126  123  123  121  122  121  126  126  125  123  121  129  125  123  128  123  121  121  128  129  122  124  129  129  129  121  130   87   87   83   81   90   87   84   87   88   86   89   90   83   84   87   81   87   82   40   49   45    0   19    7   47   43   48  
129  127  129  123  127  126  121  126  125  122  130  121  122  125  129  124  128  125  121  126  124  124  122  122  128  124  122  124  128  129  129  122  125  124  121  130  123  123  130  128  122  114  125  122  122  130  130  130  129  129  128  121  129  121   84   87   86   83   88   81   88   87   78   88   86   83   81   85   84   81   82   89   37   44   50   19    0   10   47   49   41  
129  128  130  121  125  123  129  124  121  123  130  123  122  123  124  127  130  126  126  127  127  125  129  130  121  121  125  129  127  123  127  126  127  120  127  126  128  126  124  123  123  127  117  129  122  123  125  130  122  124  125  121  123  124   83   81   81   82   88   90   88   85   88   83   89   90   85   87   85   83   81   81   48   50   42    7   10    0   47   50   49  
129  123  128  124  123  126  126  123  125  126  129  129  121  130  130  129  129  127  128  124  128  122  123  121  129  125  126  123  123  123  121  121  126  126  123  124  129  129  125  122  126  126  124  130  121  127  130  126  122  129  124  129  125  125   90   86   88   78   89   85   85   86   82   84   83   85   88   89   83   82   86   83   44   49   47   47   47   47    0    6    3  
122  114  122  125  128  130  122  126  123  117  125  130  125  129  127  129  128  123  128  122  123  122  121  124  128  125  121  124  129  122  130  130  129  121  126  121  125  121  129  122  121  129  124  123  128  114  130  125  123  129  127  123  127  125   85   86   83   87   87   84   81   88   84   87   82   71   88   80   85   81   85   85   48   50   48   43   49   50    6    0   12  
130  121  123  124  126  121  129  124  129  125  127  129  123  127  122  124  127  128  122  127  122  128  122  130  126  123  121  121  128  121  124  128  122  130  123  123  122  122  128  125  123  128  121  122  123  124  127  130  129  122  121  124  126  129   83   82   81   78   88   88   89   85   84   86   86   86   80   89   88   78   82   81   49   45   46   48   41   49    3   12    0  

  0   22   25   26   25   28   28   28   28   28   28   36   28   31   28   28   26   22   28   28   34   28   25   22   28   34   28   31   28   34   26   28   28   19   28   25   28   28   28   28   28   28   34   28   28   34   31   28   22   28   28   28   30   28   22   31   31   30   26   31   28   37   34   25   28   28   28   28   25   28   28   33   28   34   28   25   22   28   25   30   27  
  0    0   36   29   25   29   31   25   37   38   28   35   19   42   34   30   32   13   28   15   34   20   29   17   33   34   45   28   29   37   28   18   22   32   22   37   37   34   33    4   37   22   23   20   36   42   39   37   22   24   33   18   22   28    4   27   18   28   12   33   39   34   37   32   43   24   28   22   37   17   25   36   18   49   21   43   30   48   22   28   33  
  0    0    0   30   27   38   12   28   30   20   20   30   36   31   18   46   38   28   28   40   28   24   43   28    7   28   18   43   28   36   36   19   28    7   28   17   37   28   32   44   37   30   26   36   28   26   21   28   28   20   28   37   22   28   28   31   31   28   24   31   20   31   38   39   18   26   28   26   25   28   28   41   30   36   36   15   21   28   13   36   35  
  0    0    0    0   19   46   20   28   18   10   30   20   28   28   38   26   34   19   28   18   38   38   35   38   38   28   18   18   28   28   26   38   18   28   28   38   37   36   28   38   37   28   37   28   28   36   28   37   28   11   28   29   22   18   38   27   38   30   36   28   20   28   38   26   28   38   28   28   37   28   19   28   38   45   28   28    0   28   38   38   20  
  0    0    0    0    0   20   28   28   28   28   28   26   28   25   22   34   26   19   28   28   28   30   34   28   30   28   30   29   28   28   28   28   28   25   34   31   37   28   28   28   37   32   45   28   28   30   31   37   28   19   28   19   26   28   28   46   31   28   30   31   28   31   26   31   28   30   28   30   34   28   13   31   26   31   28   27   28   22   31   28   19  
  0    0    0    0    0    0   51   23   33   36   45   26   19   22   13   26   13   28   18   42   28   21   20   42   26   28   50    8   38   33   28    8   28   38   44   25   28   20   23   18   28   32   45   28   27   21   48   28   28   31   23   23   34   27   18   39   18   28   30   23   46   28   11   30   38   25   28   30   28   34   22   19   16   24   28   40   26   22   28   10   22  
  0    0    0    0    0    0    0   33   15   30   20   28   36   28   28   36   41   28   38   31   28   36   36   27   33   24   18   38   18   19   28   38   28   20   18   20   28   36   29   36   28   28   28   36   28   42   18   28   28   25   37   23   20   28   28   23   28   32   40   33   20   28   33   36   28   33   28   28   28   23   32   28   28   26   36   10   26   24   16   46   28  
  0    0    0    0    0    0    0    0   37   28   28   36   28   28   32   36   23   28   32   37   28   28   20   33   23   28   28   28   28   29   28   28   28   20   28   36   28   28   23   28   28   28   20   28   36   28   28   28   28   19   19   37   28   28   28   33   24   28   16   23   24   28   31   28   28   23   28   28   28   33   28   28   28   32   28   36   36   28   28   28   28  
  0    0    0    0    0    0    0    0    0   28   28   28   36   28   42   18   33   30   34   25   28   38   26   31   43   28   22   18   28   27   36   28   34   30   28   20   26   22   33   42   30   26   34   36   26   20   38   28   28   37   37   13   34   28   28   23   32   28   42   43   32   28   25   28   32   33   28   34   28   29   28   10   20   16   36   20   18   14   30   28   18  
  0    0    0    0    0    0    0    0    0    0   20   28   28   28   28   36   36   28   18   28   28   28   36   28   28   28   28   18   38   28   28   28   28   18   38   28   28   36   28   38   28   28   28   28   28   32   22   28   28   20   28   38   20   28   38   28   38   34   28   28   10   28   38   26   18   28   28   28   28   28   28   36   38   46   28   38   10   28   34   26   28  
  0    0    0    0    0    0    0    0    0    0    0   38   37   21   37   36   36   28   35   29   18   37   36    9   28   28   28   37   28   28   28   28   38   28   28   27   28   36   28   28   28   28   19   28   28   27   28   28   28   20   28   28   20   38   28   38   28   28   28   28   10   28   35   36   28   18   28   28   28   28   35   36   28   36   28   28   30   28   28   36   28  
  0    0    0    0    0    0    0    0    0    0    0    0   29   36   28   29   29   34   28   18   32   30   36   44   30   22   29   26   27   30   30   28    9   42   28   31   28   28   28   28   28   26   41   28   20   15   27   28   25   37   37   45   24   18   26   17   28   35   40   37   37   13   12   34   29   33   28   30   19   28   28   26   26   22   27   23   16   36   26   26   27  
  0    0    0    0    0    0    0    0    0    0    0    0    0   28   19   28   27   28   27   29   28   11   28   37   28   28   29   19   29   28   28   28   28   36   28   26   28   28   28   20   28   28   38   19   28   45   29   28   28   28   28   28   29   28   28   29   28   28   20   28   29   29   27   28   27   27   28   28   28   28   27   36   29   28   21   35   28   28   36   28   27  
  0    0    0    0    0    0    0    0    0    0    0    0    0    0   22   34   28   28   35   28   28   28   31   28   28   28   28   25   28   20   28   28   28   31   34   37   28   28   28   28   28   34   34   28   28   28   25   28   28   28   28   20   28   28   36   31   25   28   28   25   28   25   35   25   28   36   28   28   31   28   29   25   28   22   28   31   28   14   33   28   25  
  0    0    0    0    0    0    0    0    0    0    0    0    0    0    0   44   28   28   16   33   28   17   30   29   18   28   28   29   28   32   20   28   28   18   34   25   28   28   28   28   28   34   43   28   28   37   18   28   28   32   32   24   28   28   28   34   32   28   30   20   32   28   36   28   18   28   28   28   28   28   22   38   36   26   28   28   38   30   18   28   32  
  0    0    0    0    0    0    0    0    0    0    0    0    0    0    0    0   20   28   28   28   28   38   18   28   38   28   28   18   28   28   28   28   37   46   22    4   28   20   28   28   28   22   21   28   20   29   38   28   37   27   19   19   36   28   28   22   28   19   46   19   36   47   20   20   38   28   28   28   37   28   34   10   28   26   28   20   18   34   38   20   24  
  0    0    0    0    0    0    0    0    0    0    0    0    0    0    0    0    0   28   28   33   28   30   20   33   25   28   31   26   29   33   26   28   28   28   28   27   28   20   23   28   28   26   30   28   28   22   29   28   28   31   23   33   36   28   28   34   28   30   28   23   37   28   21   20   27   24   28   30   28   33   28   22   26   20   29   29   36   28   28   22   29  
  0    0    0    0    0    0    0    0    0    0    0    0    0    0    0    0    0    0   26   30   34   19   37   31   28   25   28   28   36   34   28   19   28   22   28   28   39   28   28   28   35   30   43   28   30   34   28   37   22   19   28   19   28   20   22   37   28   28   28   26   28   34   34   22   28   28   28   28   37   28   28   28   28   43   37   28   22   28   22   28   28  
  0    0    0    0    0    0    0    0    0    0    0    0    0    0    0    0    0    0    0   26   28   36   20   14   28   34   38   18   38   32   20   18   28   28   38   28   30   28   22   28   26   30   29   27   30   18   38   28   28   32   32   24   29   28   28   28   32   28   40   18   32   29   28   28   28   34   28   28   28   28   20   28   37   42   28   38   18   36   28   18   28  
  0    0    0    0    0    0    0    0    0    0    0    0    0    0    0    0    0    0    0    0   38   29   28   24   33   28   28   37   28   27   28   28   18   36   28   55   26   28   29   20   30   26   19   20   26   27   28   28   28   37   37   19   28   18   28   13   32   28   24   35   42   28   33   28   28   43   28   28   28   23   28   36   28   24   20   36   18   28   36   28   28  
  0    0    0    0    0    0    0    0    0    0    0    0    0    0    0    0    0    0    0    0    0   28   28   24   28   22   28   28   28   22   28   28   38   34   28   18   28   28   28   28   28   28   22   28   28   22   28   28   34   28   28   28   28   38   34   38   28   28   28   28   18   22   22   34   28   18   28   28   28   28   28   28   28   22   28   28   44   28   34   28   28  
  0    0    0    0    0    0    0    0    0    0    0    0    0    0    0    0    0    0    0    0    0    0   46   54   16   19   26   31   28   37   36   10   28   26   28   27   28   28   28   20   37   30   35   11   28   43   18   28   28   28   28   28   39   28   28   28   28   28    0   36   28   28   22   19   18   26   28   26   28   28   37   46   22   20   29   34   38   20   26   28   38  
  0    0    0    0    0    0    0    0    0    0    0    0    0    0    0    0    0    0    0    0    0    0    0   20   38   28   28   29   28   28   28   28   36   27   28   33   19   12   28   36   19   28   11   20   36   20   41   19   28   53   36   45   28   28   20   22   31   20   38   15   36   31   44   23   30   28   28   28   16   28   37   13   36   19   28   33   34   36   41   20   15  
  0    0    0    0    0    0    0    0    0    0    0    0    0    0    0    0    0    0    0    0    0    0    0    0   33   53   28   37   28   33   20   37   38   22   28   27   28   28   27   28   28   28   25   28   28   21   28   28   22   33   29   23   28   38   22   33   28   24   36   25   18   34   47   22   28   29   28   28   28   23   15   28   36   42   19   28   36   40   26   28   28  
  0    0    0    0    0    0    0    0    0    0    0    0    0    0    0    0    0    0    0    0    0    0    0    0    0   28   26   39   28   33   28   19   28   18   28   28   37   28   23   28   37   30   26   28   29   26   18   28   28   23   23   42   30   29   28   33   28   28   16   23   28   28   25   28   18   21   28   26   28   32   28   39   30   28   28   26   29   28   18   28   38  
  0    0    0    0    0    0    0    0    0    0    0    0    0    0    0    0    0    0    0    0    0    0    0    0    0    0   28   28   28   18   28   19   28   34   28   28   28   28   34   28   28   28   22   28   28   26   28   28   34   28   32   28   28   28   34   28   28   32   28   28   28   22   22   34   28   22   28   28   28   28   41   28   28   22   37   28   30   24   30   28   28  
  0    0    0    0    0    0    0    0    0    0    0    0    0    0    0    0    0    0    0    0    0    0    0    0    0    0    0   40   17   36   36   48   34   18   18   29   28   14   28   52   28   30   32   28   28   36    7   28   28   28   28   32   36   28   38   27   38   28   26   28   17   28   48   18   13   27   28   32   28   34   28   28   40   18   27   17   38   22   28   38   29  
  0    0    0    0    0    0    0    0    0    0    0    0    0    0    0    0    0    0    0    0    0    0    0    0    0    0    0    0   38   28   20   18   20   41   38   22   28   36   28   20   28   26   39   36   29   29   45   28   28   20   20   20   34   29   36   25   25   36   40   33   28   25   26   25   46   30   28   30   31   27   28   16   26   38   28   43    8   28   35   18   21  
  0    0    0    0    0    0    0    0    0    0    0    0    0    0    0    0    0    0    0    0    0    0    0    0    0    0    0    0    0   28   28   38   28   28   18   29   38   28   28   28   18   28   28   38   18   38   17   28   28   38   28   28   28   36   28   27   28   28   28   38   27   28   28   28   29   29   28   28   28   28   28   28   28   18   27   19   38   28   28   38   29  
  0    0    0    0    0    0    0    0    0    0    0    0    0    0    0    0    0    0    0    0    0    0    0    0    0    0    0    0    0    0   20   37   28   34   28   28   28   36   33   20   19   28   22   37   28   26   28   28   34   29   33   19   19   28   42   23   24   32   24   33   24   22   19   43   28   41   28   28   28   23   32   28   28   26   28   28   30   16   38   28   28  
  0    0    0    0    0    0    0    0    0    0    0    0    0    0    0    0    0    0    0    0    0    0    0    0    0    0    0    0    0    0    0   28   20   28   28   28   28   44   28   12   28   28   28   36   28   28   28   28   28   20   20   20   38   28   36   28   28   38   34   28   28   28   28   28   36   28   28   28   28   28   28   30   36   36   28   28   28   36   28   30   30  
  0    0    0    0    0    0    0    0    0    0    0    0    0    0    0    0    0    0    0    0    0    0    0    0    0    0    0    0    0    0    0    0   28   38   38   28   37   28   28   18   46   28   28   19   28   18   48   28   28   28   28   27   37   28   18   28   18   28   28   28   38   28   18   29   38   28   28   28   28   28   37   28   18   38   37   38    9   28   28   18   28  
  0    0    0    0    0    0    0    0    0    0    0    0    0    0    0    0    0    0    0    0    0    0    0    0    0    0    0    0    0    0    0    0    0   28   28   38   28   42   28   14   28   28   31   36   28   19   28   28   19   29   29   35   30   18   36   18   28   45   28   45   38   19   28   28   42   38   28   22   19   22   28   28   28   28   28   28   18   34   28   28   28  
  0    0    0    0    0    0    0    0    0    0    0    0    0    0    0    0    0    0    0    0    0    0    0    0    0    0    0    0    0    0    0    0    0    0   28   25   28   28   28   46   28   28   26   36   36   26   11   28   22   28   28   38   28   28   32   31   41   28   18   31   18   37   52   15    8   28   28   28   25   28   28   33   38   34   36   25   40   28    7   28   35  
  0    0    0    0    0    0    0    0    0    0    0    0    0    0    0    0    0    0    0    0    0    0    0    0    0    0    0    0    0    0    0    0    0    0    0   22   28   28   28   28   28   22   22   28   28   38   18   28   28   28   28   28   28   28   28   22   28   28   28   28   28   28   28   28   28   28   28   28   28   28   34   28   28   24   28   18   38   34   28   38   34  
  0    0    0    0    0    0    0    0    0    0    0    0    0    0    0    0    0    0    0    0    0    0    0    0    0    0    0    0    0    0    0    0    0    0    0    0   28   28   28   36   28   22   39   36   20   29   32   28   28   28   28   28   28   38   28   36   31   28   44   31   19   41   20   31   27   17   28   28   25   28   34   23   28   34   37    8   30   34   23   28   30  
  0    0    0    0    0    0    0    0    0    0    0    0    0    0    0    0    0    0    0    0    0    0    0    0    0    0    0    0    0    0    0    0    0    0    0    0    0   28   28   28   22   26   19   18   36   28   28   19   28   27   28   28   28   28   28   19   28   28   28   20   28   28   28   28   28   28   28   28   19   28   37   28   28   19   28   28   37   28   28   28   28  
  0    0    0    0    0    0    0    0    0    0    0    0    0    0    0    0    0    0    0    0    0    0    0    0    0    0    0    0    0    0    0    0    0    0    0    0    0    0   28   50   28   28   34   20   28   20   28   28   28   44   36   30   34   28   20   28   28   20   28   20   36   28   36   20   14   28   28   34   28   34   28   20   28   20   28   28   36   22   28   20   28  
  0    0    0    0    0    0    0    0    0    0    0    0    0    0    0    0    0    0    0    0    0    0    0    0    0    0    0    0    0    0    0    0    0    0    0    0    0    0    0   28   28   28   28   28   28   28   28   28   28   23   23   33   28   28   28   33   28   28   32   23   28   28   23   28   28   29   28   28   28   33   28   28   28   28   28   28   28   28   28   28   28  
  0    0    0    0    0    0    0    0    0    0    0    0    0    0    0    0    0    0    0    0    0    0    0    0    0    0    0    0    0    0    0    0    0    0    0    0    0    0    0    0   28   28   22   28   28   36   38   28   28   20   20   16   30   28   26   28   18   36   20   36   38   28   10   38   52   28   28   22   28   22   28   36   18   28   20   36   28   34   36   28   28  
  0    0    0    0    0    0    0    0    0    0    0    0    0    0    0    0    0    0    0    0    0    0    0    0    0    0    0    0    0    0    0    0    0    0    0    0    0    0    0    0    0   30   19   47   20   28   28   19   28   47   28   28   19   28   28   19   28   28   28   36   28   28   28   37   28   28   28   28   19   28   37   28   28   19   28   28   37   28   28   28   28  
  0    0    0    0    0    0    0    0    0    0    0    0    0    0    0    0    0    0    0    0    0    0    0    0    0    0    0    0    0    0    0    0    0    0    0    0    0    0    0    0    0    0   24   28   26   30   28   28   28   28   28   28   26   28   28   22   28   28   30   30   28   28   26   28   28   30   28   30   28   28   34   28   26   34   28   30   28   34   28   28   34  
  0    0    0    0    0    0    0    0    0    0    0    0    0    0    0    0    0    0    0    0    0    0    0    0    0    0    0    0    0    0    0    0    0    0    0    0    0    0    0    0    0    0    0   29   36   20   28   19   43   28   19   34   23   28   34   13   28   19   18   19   28   30   33   34   34   26   28   20   28   22   44   28   29   19   28   34   42   40   34   28   34  
  0    0    0    0    0    0    0    0    0    0    0    0    0    0    0    0    0    0    0    0    0    0    0    0    0    0    0    0    0    0    0    0    0    0    0    0    0    0    0    0    0    0    0    0   38   36   28   28   28   26   36   36   30   28   20   28   28   20   20   10   28   29   27   19   20   28   28   28   28   28   27   36   29   28   20   36   28   28   36   28   28  
  0    0    0    0    0    0    0    0    0    0    0    0    0    0    0    0    0    0    0    0    0    0    0    0    0    0    0    0    0    0    0    0    0    0    0    0    0    0    0    0    0    0    0    0    0   28   28   37   28   38   28   28   28   27   28   28   28   28   36   40   19   28   20   28   28   28   28   28   28   29   28   27   28   28   28   20   20   28   28   28   28  
  0    0    0    0    0    0    0    0    0    0    0    0    0    0    0    0    0    0    0    0    0    0    0    0    0    0    0    0    0    0    0    0    0    0    0    0    0    0    0    0    0    0    0    0    0    0   44   28   25   45   33   37   38   28   34   28   28   27   34   37   36   13   24   26   28   26   28   26   19   28   24   12   30   24   36   28   36   32   24   10   28  
  0    0    0    0    0    0    0    0    0    0    0    0    0    0    0    0    0    0    0    0    0    0    0    0    0    0    0    0    0    0    0    0    0    0    0    0    0    0    0    0    0    0    0    0    0    0    0   28   28   28   28   38   28   28   38   24   35   34   18   25   17   25   38   15    9   29   28   28   31   28   28   35   38   18   27   22   48   28   21   38   42  
  0    0    0    0    0    0    0    0    0    0    0    0    0    0    0    0    0    0    0    0    0    0    0    0    0    0    0    0    0    0    0    0    0    0    0    0    0    0    0    0    0    0    0    0    0    0    0    0   28   37   28   37   28   28   28   19   28   28   28   28   37   28   28   28   28   28   28   28   19   28   37   28   28   19   28   28   28   28   28   28   28  
  0    0    0    0    0    0    0    0    0    0    0    0    0    0    0    0    0    0    0    0    0    0    0    0    0    0    0    0    0    0    0    0    0    0    0    0    0    0    0    0    0    0    0    0    0    0    0    0    0   37   37   37   28   28   22   28   28   37   28   37   28   25   37   22   28   28   28   28   19   28   28   25   28   34   28   28   22   25   22   31   28  
  0    0    0    0    0    0    0    0    0    0    0    0    0    0    0    0    0    0    0    0    0    0    0    0    0    0    0    0    0    0    0    0    0    0    0    0    0    0    0    0    0    0    0    0    0    0    0    0    0    0    2   11   28   28   36   42   24   27   24   12   16   37   23   36   36   23   28   28   46   33   19   36   28   49   28   28   20   28   28   36   28  
  0    0    0    0    0    0    0    0    0    0    0    0    0    0    0    0    0    0    0    0    0    0    0    0    0    0    0    0    0    0    0    0    0    0    0    0    0    0    0    0    0    0    0    0    0    0    0    0    0    0    0   20   36   28   36   33   24   23   24   22   24   37   23   28   36   23   28   28   37   33   24   28   28   32   28   28   32   32   32   28   28  
  0    0    0    0    0    0    0    0    0    0    0    0    0    0    0    0    0    0    0    0    0    0    0    0    0    0    0    0    0    0    0    0    0    0    0    0    0    0    0    0    0    0    0    0    0    0    0    0    0    0    0    0   42   28   34   32   22   27   32   32   42   37   23   38   40   41   28   34   46   29   19   28   18   33   28   28   37   14   36   28   28  
  0    0    0    0    0    0    0    0    0    0    0    0    0    0    0    0    0    0    0    0    0    0    0    0    0    0    0    0    0    0    0    0    0    0    0    0    0    0    0    0    0    0    0    0    0    0    0    0    0    0    0    0    0   28   20   28   28   18   32   20   20   27   27   45   26   30   28   24   28   22   29   34   25   36   28   30   20   34   28   34   26  
  0    0    0    0    0    0    0    0    0    0    0    0    0    0    0    0    0    0    0    0    0    0    0    0    0    0    0    0    0    0    0    0    0    0    0    0    0    0    0    0    0    0    0    0    0    0    0    0    0    0    0    0    0    0   28   18   28   28   28   28   38   28   28   28   28   38   28   28   28   29   28   27   28   28   28   28   18   28   28   28   28  
  0    0    0    0    0    0    0    0    0    0    0    0    0    0    0    0    0    0    0    0    0    0    0    0    0    0    0    0    0    0    0    0    0    0    0    0    0    0    0    0    0    0    0    0    0    0    0    0    0    0    0    0    0    0    0   28   18   20   28   20   38   34   24   32   30   20   28   28   28   28   28   28   18   34   28   28   22   36   14   28   28  
  0    0    0    0    0    0    0    0    0    0    0    0    0    0    0    0    0    0    0    0    0    0    0    0    0    0    0    0    0    0    0    0    0    0    0    0    0    0    0    0    0    0    0    0    0    0    0    0    0    0    0    0    0    0    0    0   25   28   28   30   37   25   33   25   29   44   28   28   22   23   43   25   28   25   27   32   18   34   25   28   38  
  0    0    0    0    0    0    0    0    0    0    0    0    0    0    0    0    0    0    0    0    0    0    0    0    0    0    0    0    0    0    0    0    0    0    0    0    0    0    0    0    0    0    0    0    0    0    0    0    0    0    0    0    0    0    0    0    0   28   24   25   34   25   18   35   38   28   28   28   31   28   28   25   18   32   28   31   28   28   25   28   31  
  0    0    0    0    0    0    0    0    0    0    0    0    0    0    0    0    0    0    0    0    0    0    0    0    0    0    0    0    0    0    0    0    0    0    0    0    0    0    0    0    0    0    0    0    0    0    0    0    0    0    0    0    0    0    0    0    0    0   30   11   28   37   28   28   20   28   28   28   37   28   24   26   28   28   28   28   32   32   26   26   26  
  0    0    0    0    0    0    0    0    0    0    0    0    0    0    0    0    0    0    0    0    0    0    0    0    0    0    0    0    0    0    0    0    0    0    0    0    0    0    0    0    0    0    0    0    0    0    0    0    0    0    0    0    0    0    0    0    0    0    0   36   24   28   30   28   18   26   28   26   28   28   28   48   22   24   20   42   46   20   26   30   40  
  0    0    0    0    0    0    0    0    0    0    0    0    0    0    0    0    0    0    0    0    0    0    0    0    0    0    0    0    0    0    0    0    0    0    0    0    0    0    0    0    0    0    0    0    0    0    0    0    0    0    0    0    0    0    0    0    0    0    0    0   28   34   31   25   20   23   28   28   40   33   28   25   36   36   28   31   28   36   25   28   31  
  0    0    0    0    0    0    0    0    0    0    0    0    0    0    0    0    0    0    0    0    0    0    0    0    0    0    0    0    0    0    0    0    0    0    0    0    0    0    0    0    0    0    0    0    0    0    0    0    0    0    0    0    0    0    0    0    0    0    0    0    0   28   38   26   19   19   28   28   28   28   28   36   38   40   27   29   30   28   28   36   29  
  0    0    0    0    0    0    0    0    0    0    0    0    0    0    0    0    0    0    0    0    0    0    0    0    0    0    0    0    0    0    0    0    0    0    0    0    0    0    0    0    0    0    0    0    0    0    0    0    0    0    0    0    0    0    0    0    0    0    0    0    0    0   23   31   28   28   28   28   22   28   29   25   27   22   28   31   34   28   31   28   31  
  0    0    0    0    0    0    0    0    0    0    0    0    0    0    0    0    0    0    0    0    0    0    0    0    0    0    0    0    0    0    0    0    0    0    0    0    0    0    0    0    0    0    0    0    0    0    0    0    0    0    0    0    0    0    0    0    0    0    0    0    0    0    0   44   38   25   28   30   28   33   20   31    9   14   28   22   26   23   34   25   28  
  0    0    0    0    0    0    0    0    0    0    0    0    0    0    0    0    0    0    0    0    0    0    0    0    0    0    0    0    0    0    0    0    0    0    0    0    0    0    0    0    0    0    0    0    0    0    0    0    0    0    0    0    0    0    0    0    0    0    0    0    0    0    0    0   18   28   28   28   31   28   28   17   38   26   28   31   30   28   19   20   31  
  0    0    0    0    0    0    0    0    0    0    0    0    0    0    0    0    0    0    0    0    0    0    0    0    0    0    0    0    0    0    0    0    0    0    0    0    0    0    0    0    0    0    0    0    0    0    0    0    0    0    0    0    0    0    0    0    0    0    0    0    0    0    0    0    0   27   28   34   28   34   28   38   38   28   29   27   38   22   18   28   37  
  0    0    0    0    0    0    0    0    0    0    0    0    0    0    0    0    0    0    0    0    0    0    0    0    0    0    0    0    0    0    0    0    0    0    0    0    0    0    0    0    0    0    0    0    0    0    0    0    0    0    0    0    0    0    0    0    0    0    0    0    0    0    0    0    0    0   28   26   28   33   28   28   30   28   29   25   38   36   20   28   27  
  0    0    0    0    0    0    0    0    0    0    0    0    0    0    0    0    0    0    0    0    0    0    0    0    0    0    0    0    0    0    0    0    0    0    0    0    0    0    0    0    0    0    0    0    0    0    0    0    0    0    0    0    0    0    0    0    0    0    0    0    0    0    0    0    0    0    0   28   28   28   28   28   28   28   28   28   28   28   28   28   28  
  0    0    0    0    0    0    0    0    0    0    0    0    0    0    0    0    0    0    0    0    0    0    0    0    0    0    0    0    0    0    0    0    0    0    0    0    0    0    0    0    0    0    0    0    0    0    0    0    0    0    0    0    0    0    0    0    0    0    0    0    0    0    0    0    0    0    0    0   28   22   28   28   30   28   28   26   28   34   28   28   28  
  0    0    0    0    0    0    0    0    0    0    0    0    0    0    0    0    0    0    0    0    0    0    0    0    0    0    0    0    0    0    0    0    0    0    0    0    0    0    0    0    0    0    0    0    0    0    0    0    0    0    0    0    0    0    0    0    0    0    0    0    0    0    0    0    0    0    0    0    0   28   37   31   28   19   28   25   28   28   31   28   25  
  0    0    0    0    0    0    0    0    0    0    0    0    0    0    0    0    0    0    0    0    0    0    0    0    0    0    0    0    0    0    0    0    0    0    0    0    0    0    0    0    0    0    0    0    0    0    0    0    0    0    0    0    0    0    0    0    0    0    0    0    0    0    0    0    0    0    0    0    0    0   28   29   28   28   28   28   28   34   28   28   28  
  0    0    0    0    0    0    0    0    0    0    0    0    0    0    0    0    0    0    0    0    0    0    0    0    0    0    0    0    0    0    0    0    0    0    0    0    0    0    0    0    0    0    0    0    0    0    0    0    0    0    0    0    0    0    0    0    0    0    0    0    0    0    0    0    0    0    0    0    0    0    0   28   29   31   19   28   32   26   32   28   22  
  0    0    0    0    0    0    0    0    0    0    0    0    0    0    0    0    0    0    0    0    0    0    0    0    0    0    0    0    0    0    0    0    0    0    0    0    0    0    0    0    0    0    0    0    0    0    0    0    0    0    0    0    0    0    0    0    0    0    0    0    0    0    0    0    0    0    0    0    0    0    0    0   28   20   36   23   26   25   27   21   19  
  0    0    0    0    0    0    0    0    0    0    0    0    0    0    0    0    0    0    0    0    0    0    0    0    0    0    0    0    0    0    0    0    0    0    0    0    0    0    0    0    0    0    0    0    0    0    0    0    0    0    0    0    0    0    0    0    0    0    0    0    0    0    0    0    0    0    0    0    0    0    0    0    0   20   28   30   28   20   28   28   28  
  0    0    0    0    0    0    0    0    0    0    0    0    0    0    0    0    0    0    0    0    0    0    0    0    0    0    0    0    0    0    0    0    0    0    0    0    0    0    0    0    0    0    0    0    0    0    0    0    0    0    0    0    0    0    0    0    0    0    0    0    0    0    0    0    0    0    0    0    0    0    0    0    0    0   28   18   52   14   34   30   22  
  0    0    0    0    0    0    0    0    0    0    0    0    0    0    0    0    0    0    0    0    0    0    0    0    0    0    0    0    0    0    0    0    0    0    0    0    0    0    0    0    0    0    0    0    0    0    0    0    0    0    0    0    0    0    0    0    0    0    0    0    0    0    0    0    0    0    0    0    0    0    0    0    0    0    0   37   28   28   36   28   29  
  0    0    0    0    0    0    0    0    0    0    0    0    0    0    0    0    0    0    0    0    0    0    0    0    0    0    0    0    0    0    0    0    0    0    0    0    0    0    0    0    0    0    0    0    0    0    0    0    0    0    0    0    0    0    0    0    0    0    0    0    0    0    0    0    0    0    0    0    0    0    0    0    0    0    0    0   30   28   23   38   24  
  0    0    0    0    0    0    0    0    0    0    0    0    0    0    0    0    0    0    0    0    0    0    0    0    0    0    0    0    0    0    0    0    0    0    0    0    0    0    0    0    0    0    0    0    0    0    0    0    0    0    0    0    0    0    0    0    0    0    0    0    0    0    0    0    0    0    0    0    0    0    0    0    0    0    0    0    0   24   28   26   18  
  0    0    0    0    0    0    0    0    0    0    0    0    0    0    0    0    0    0    0    0    0    0    0    0    0    0    0    0    0    0    0    0    0    0    0    0    0    0    0    0    0    0    0    0    0    0    0    0    0    0    0    0    0    0    0    0    0    0    0    0    0    0    0    0    0    0    0    0    0    0    0    0    0    0    0    0    0    0   32   31   22  
  0    0    0    0    0    0    0    0    0    0    0    0    0    0    0    0    0    0    0    0    0    0    0    0    0    0    0    0    0    0    0    0    0    0    0    0    0    0    0    0    0    0    0    0    0    0    0    0    0    0    0    0    0    0    0    0    0    0    0    0    0    0    0    0    0    0    0    0    0    0    0    0    0    0    0    0    0    0    0   28   41  
  0    0    0    0    0    0    0    0    0    0    0    0    0    0    0    0    0    0    0    0    0    0    0    0    0    0    0    0    0    0    0    0    0    0    0    0    0    0    0    0    0    0    0    0    0    0    0    0    0    0    0    0    0    0    0    0    0    0    0    0    0    0    0    0    0    0    0    0    0    0    0    0    0    0    0    0    0    0    0    0   26  
  0    0    0    0    0    0    0    0    0    0    0    0    0    0    0    0    0    0    0    0    0    0    0    0    0    0    0    0    0    0    0    0    0    0    0    0    0    0    0    0    0    0    0    0    0    0    0    0    0    0    0    0    0    0    0    0    0    0    0    0    0    0    0    0    0    0    0    0    0    0    0    0    0    0    0    0    0    0    0    0    0  
