81

 0   4  44  16  47  89  50  88  88  10  44  81  42  82  90  90  84  84  47  88  83  85  88  81  90  83  86   8  48  81  43  82  83  83  90  85  48  87  81  82  84  82  82  88  86  90  89  90  88  85  88  85  89  87  50  86  90  87  81  82  88  86  86  84  88  81  87  83  88  87  81  85  84  82  88  89  83  81  84  89  84  
 8   0  15  49  11  43  82  43  84  44   8  45  82  41  85  82  84  83  87  49  83  82  89  86  88  85  90  49   9  50  90  46  88  88  82  86  89  42  89  81  87  86  83  86  84  85  83  89  85  85  84  90  90  87  90  44  89  81  85  82  83  86  88  84  86  88  89  89  88  82  83  81  84  89  88  85  83  86  83  87  82  
44  16   0  88  45  11  88  85  48  87  45   5  83  83  50  86  86  83  81  90  45  86  85  86  86  90  88  81  46   7  89  88  48  84  85  87  89  90  43  85  88  83  87  90  89  85  87  81  83  83  87  87  88  84  81  87  45  87  88  82  86  84  87  89  84  86  82  81  81  89  81  82  82  84  87  89  83  88  90  83  81  
11  42  85   0  18  43  14  46  84  49  84  86  18  49  84  43  88  89  89  81  87  50  81  90  82  81  86  45  89  88   8  46  82  41  81  89  86  81  83  46  84  89  89  89  81  90  84  83  86  88  87  83  85  81  82  84  83  41  88  81  85  81  85  88  83  86  87  81  90  90  89  85  84  87  85  83  87  81  82  84  81  
48  15  45   6   0  17  50   9  43  85  50  86  48   2  45  89  47  83  81  83  85  90  42  81  87  83  86  86  41  88  48  17  50  90  42  90  83  89  87  87  45  86  90  88  87  89  81  90  86  83  86  86  85  88  86  88  90  86  46  88  84  83  83  82  89  90  83  85  82  86  89  84  88  89  82  85  85  89  89  88  83  
86  43  14  46  13   0  87  41  10  85  86  43  84  45  12  82  81  48  84  89  87  90  87  42  84  84  84  90  88  50  89  50   3  86  86  48  84  83  87  81  83  41  90  89  90  90  81  82  83  84  86  83  88  88  89  85  89  84  88  45  83  84  82  87  83  88  84  83  87  86  88  88  84  85  81  84  84  87  90  90  90  
42  87  81   4  48  88   0  13  45  86  85  88  48  89  82  11  43  87  89  90  87  87  85  90  45  88  88  90  85  87  45  86  86   7  48  89  82  85  84  85  87  81  46  85  83  83  90  89  82  87  84  83  83  89  81  85  89  85  88  90  50  81  82  83  90  81  82  81  82  81  87  84  84  87  82  83  89  88  82  88  83  
88  43  81  44   3  49  17   0  10  84  82  90  88  44  85  47  13  50  85  89  90  87  86  90  84  47  83  84  87  83  85  41  84  50   5  48  90  86  81  86  86  82  82  41  83  82  87  90  89  83  81  85  86  90  85  81  87  83  84  82  88  48  84  83  83  88  81  87  88  90  86  86  88  86  85  85  84  87  86  89  85  
83  87  42  83  43  12  44   6   0  89  87  87  84  82  41  89  43   4  87  81  82  89  82  81  89  85  49  82  86  83  83  88  50  90  50  11  87  88  81  87  89  84  83  82  49  84  82  87  85  86  81  90  84  84  84  83  83  86  82  82  89  88  46  84  83  90  81  81  84  90  85  85  87  83  82  90  90  90  90  89  87  
20  45  83  44  89  83  83  82  83   0   8  44   2  50  85  48  88  89   1  47  81  45  83  86  84  82  85  49  81  88  85  88  85  85  84  85  11  44  86  47  83  89  86  88  83  45  90  81  84  81  86  89  86  83  84  87  81  89  82  87  84  81  86  41  86  90  83  84  85  87  84  82  86  90  84  82  89  89  84  82  82  
48  15  48  89  48  89  86  90  83   4   0  15  41  11  43  88  41  87  43   3  48  82  49  88  84  83  89  84  45  82  81  83  89  86  88  85  41   5  46  89  42  90  89  83  81  88  48  90  83  83  81  85  87  85  81  81  89  88  90  87  90  84  84  85  49  88  86  87  87  89  81  82  82  83  85  89  83  81  85  85  81  
88  41   6  85  88  49  83  85  87  42   5   0  81  46  19  87  87  43  89  42  18  84  89  42  82  86  81  85  87  49  83  83  84  90  86  88  88  41   2  87  84  47  90  89  82  84  84  50  88  90  82  83  87  82  87  82  85  89  89  89  85  81  85  82  90  42  84  82  87  89  87  89  83  81  88  82  89  86  82  82  89  
42  83  86   9  49  90  49  82  83   1  42  83   0   3  50   8  43  90  49  83  81   3  45  88  43  81  83  81  89  84  43  84  86  86  89  84  47  83  89  20  45  86  42  83  90  90  81  84  49  90  83  88  83  90  88  86  82  89  84  88  88  81  89  82  82  88  47  85  86  82  81  88  90  89  89  90  90  88  89  87  90  
85  48  85  43  15  41  81  48  88  50  14  45  12   0  13  48  16  44  82  45  85  43   3  49  87  46  81  89  81  84  86  41  82  86  89  81  86  47  84  48  11  42  90  49  89  83  84  85  86  44  90  83  84  86  85  83  89  81  81  82  82  90  83  86  88  86  90  45  89  90  85  87  84  88  84  88  82  90  90  83  85  
88  81  47  85  44  12  88  81  44  86  44  19  50   6   0  81  50   5  85  89  43  89  46  20  90  88  43  86  86  83  83  84  49  90  85  83  90  84  44  89  49   3  88  84  45  90  83  84  89  85  50  82  85  85  85  81  90  90  90  86  88  87  81  86  82  82  86  90  50  89  84  84  85  87  86  88  85  89  82  86  82  
87  89  81  47  84  85  19  43  90  45  89  82   1  47  85   0   9  45  90  82  85  43  90  86  20  48  81  83  81  88  84  87  87  50  86  88  85  87  84  45  82  82   7  41  87  85  84  84  87  81  81  49  85  89  85  82  82  81  84  82  88  90  85  89  85  88  85  88  83  45  90  82  85  87  83  84  84  84  84  88  83  
87  88  85  83  46  81  46   9  47  84  50  82  47   8  42   2   0   2  88  82  89  83  45  86  49  20  41  88  85  85  83  82  85  88  42  90  87  89  89  83  43  90  47   1  41  81  87  85  88  82  90  84  44  89  82  81  84  82  89  84  89  85  89  89  90  84  87  86  90  84  47  85  85  88  81  84  85  90  83  82  88  
82  82  85  81  89  44  89  45  18  86  87  50  90  47   4  41   2   0  82  84  83  84  84  42  87  44   8  85  83  86  90  87  85  85  84  43  88  90  88  87  84  44  82  44   5  84  89  84  86  85  83  82  82  49  89  89  89  88  86  82  86  88  82  87  87  83  89  86  83  85  90  46  87  82  81  82  88  90  86  85  88  
46  85  81  82  84  83  89  85  88   7  44  89  42  82  86  89  81  83   0  14  46  15  48  90  49  90  83  90  85  86  86  90  84  85  86  88  42  87  87  81  89  84  90  87  83  14  46  88  48  87  82  84  83  87  90  81  83  90  81  84  85  83  83  86  87  87  90  90  90  87  86  84  49  89  90  82  85  81  87  87  88  
89  47  85  84  89  82  84  90  88  44  14  49  89  44  83  84  89  81  20   0   5  49  18  47  87  45  90  82  88  85  86  89  82  85  82  90  85  49  89  89  83  84  90  82  89  49   2  42  82  49  85  84  82  86  88  87  83  85  85  88  89  89  89  90  90  85  87  90  84  83  90  81  82  50  86  82  85  87  90  83  81  
82  85  50  81  85  89  83  89  89  84  45   8  84  82  44  87  88  85  45   7   0  85  45   4  85  86  47  85  85  83  81  90  90  82  90  84  90  86  46  87  88  85  89  83  86  89  46   2  89  87  48  83  85  81  84  87  89  81  86  87  90  85  89  87  88  85  89  83  83  84  87  86  82  81  42  82  84  84  85  85  89  
87  81  90  43  82  81  90  90  87  46  83  89  13  45  88  49  87  87  20  48  87   0  20  46  19  49  90  83  83  83  81  84  90  90  86  86  85  85  83  41  82  85  89  85  82  41  83  86  20  47  84  47  90  84  85  88  89  87  87  81  83  88  86  88  82  83  87  88  86  88  88  85  88  90  83  50  82  89  90  83  84  
90  83  89  87  45  84  85  85  85  88  46  88  48  20  50  82  41  86  48  20  43   1   0   9  46  15  45  87  88  90  85  90  83  88  87  88  89  86  82  83  48  83  87  87  87  84  46  84  44   4  49  83  44  81  86  86  82  90  82  82  81  83  83  86  85  83  90  89  86  85  85  85  84  90  85  89  45  89  81  88  87  
90  84  83  89  87  45  81  87  81  87  82  49  90  47  15  83  86  50  87  46  18  42  14   0  90  45   2  88  86  89  83  86  85  81  88  81  88  85  86  81  88  47  87  85  87  87  84  47  90  42   4  85  88  50  86  83  87  83  82  90  81  87  85  85  83  87  84  87  85  88  87  86  85  90  83  84  83  48  88  90  86  
86  90  83  90  83  81  42  90  88  84  81  85  46  87  85   4  50  86  43  85  87  18  46  83   0   6  47  81  82  89  84  83  86  88  89  86  85  90  90  82  88  84  43  88  88  86  84  83  43  81  81   8  46  87  85  82  84  88  86  89  86  87  90  88  89  81  81  87  85  90  86  90  81  85  88  90  85  85  41  88  87  
83  88  82  82  89  90  86  44  81  84  83  89  90  41  87  48   5  44  86  47  89  48   2  49  19   0  17  85  89  88  81  87  85  86  88  85  90  83  87  88  81  84  90  47  84  85  87  88  89  48  84  41  10  45  89  83  88  86  90  81  84  89  82  81  88  87  82  88  85  81  89  89  81  84  84  90  81  86  82  46  88  
90  87  84  85  88  87  81  88  44  82  84  85  90  88  50  85  47   3  84  85  48  88  42  17  43   2   0  83  88  82  81  88  86  84  83  90  84  90  85  89  89  81  84  82  46  87  82  83  85  88  46  85  43  11  82  90  86  84  87  86  82  85  87  82  84  85  86  89  86  90  87  85  84  81  81  88  86  87  86  82  46  
15  50  86  45  86  81  88  82  83  41  81  90  81  87  86  90  87  82  90  87  90  89  90  81  82  89  82   0  16  46  17  47  81  42  88  88   4  45  84  48  84  81  82  86  90  50  86  88  83  90  84  81  89  90   3  41  82  44  83  90  84  87  83  41  87  87  89  81  81  85  90  82  84  90  85  85  86  87  81  85  90  
41   6  43  86  44  81  90  86  87  88  45  90  86  88  85  83  84  90  89  83  85  89  87  82  85  85  82  10   0  13  47  13  47  84  46  82  44  10  49  85  45  82  81  88  82  88  50  85  82  86  90  87  90  89  49  16  42  82  47  88  90  87  85  84  44  86  85  81  88  90  89  88  81  89  81  85  81  85  82  84  81  
86  42   2  82  82  46  86  85  90  83  82  48  86  89  82  87  87  81  81  82  83  86  86  85  86  85  83  46   9   0  87  48   5  88  82  46  90  47  11  81  90  48  82  82  81  83  85  49  90  81  90  87  89  90  81  43  11  81  83  50  90  85  88  90  82  42  87  89  87  85  88  85  87  89  82  88  83  86  86  87  87  
45  89  83   9  43  88  42  87  88  90  88  82  48  88  87  85  88  87  82  85  85  88  85  84  88  89  85  17  50  87   0  11  41   9  49  82  41  90  81   4  46  90  48  89  86  85  88  89  44  90  85  81  88  89  45  84  86  19  47  90  47  87  86  81  84  85  44  83  86  88  87  89  83  82  86  82  83  84  81  81  89  
86  49  85  44  11  41  84  47  81  81  82  86  90  41  85  83  84  89  84  90  87  86  83  83  90  90  85  41  16  48   2   0   6  44  19  48  82  41  89  41   5  46  90  47  86  83  90  82  89  43  89  81  85  88  84  44  88  44   8  48  81  45  89  88  86  87  87  45  88  90  81  81  85  87  81  83  82  84  88  87  87  
81  84  46  90  43  16  82  86  50  81  81  85  81  90  42  81  84  86  90  82  86  90  87  87  86  86  87  82  44   7  42  16   0  89  42   1  82  90  47  83  41  13  82  85  48  90  87  84  88  88  47  81  86  87  81  90  41  87  44  15  85  82  45  81  86  82  81  89  46  88  89  86  81  90  81  83  87  83  82  86  81  
81  85  87  44  85  90   9  50  82  81  83  88  84  81  83  50  85  83  89  84  81  85  85  90  89  89  88  42  87  81   1  44  86   0   9  42  84  89  83  45  82  85   7  50  88  83  86  88  82  85  87  45  86  82  88  87  84  47  86  89   7  41  83  88  82  83  87  89  89  49  82  88  82  85  85  89  87  89  84  86  82  
89  84  82  83  46  81  46   2  45  83  89  82  86  82  88  87  47  83  89  83  82  86  87  85  85  84  90  88  44  84  45  12  46  14   0  16  81  81  88  87  44  82  46  14  43  85  83  85  86  90  86  87  49  86  85  84  83  87  47  84  48  14  43  88  89  86  90  89  83  83  49  81  89  81  85  83  82  89  86  84  87  
85  87  84  83  89  47  89  49  11  89  87  90  90  85  83  83  90  42  83  82  85  89  84  83  82  84  87  81  83  50  90  49   6  46  12   0  88  82  84  85  90  46  85  44  11  82  90  82  83  90  87  83  85  43  89  81  83  82  82  44  85  47   9  86  81  87  87  88  85  88  83  46  84  85  89  90  86  85  85  88  88  
42  90  90  83  82  81  89  86  86  17  48  85  49  89  86  83  85  85  47  90  85  87  89  88  82  88  85   5  50  84  41  90  86  84  83  82   0  14  44  20  41  89  46  86  85  16  42  81  45  84  84  82  82  86  50  87  82  82  86  90  87  86  81  19  48  81  47  84  89  82  84  86  42  83  89  84  85  86  84  83  88  
82  47  90  87  90  90  81  85  85  48   6  44  81  46  85  85  85  85  86  42  87  86  90  87  83  81  90  41   7  46  82  49  88  89  84  90   9   0   9  49  13  50  85  49  86  45  10  46  81  49  82  90  82  90  88  43  86  89  85  88  83  85  83  50   3  42  83  47  83  87  90  81  87  48  81  84  84  87  88  86  84  
88  88  45  84  82  88  86  89  83  85  48  15  83  90  41  85  86  83  82  87  46  86  86  82  88  84  82  89  46   8  87  83  48  85  86  82  44  19   0  86  44   9  87  86  44  85  45   5  90  90  47  87  86  84  85  83  43  89  82  81  90  82  84  83  46   5  86  84  48  86  88  86  88  83  49  90  87  89  87  89  89  
85  82  84  49  82  89  85  87  90  42  81  83  11  45  83  50  88  86  83  90  85  44  85  84  81  81  82  46  87  81  11  42  84  47  88  83   3  45  81   0  14  47   2  48  81  48  84  86  12  42  83  46  84  84  82  86  86  42  88  87  83  90  81  42  90  89   8  50  87  46  81  89  88  83  85  45  90  84  81  84  83  
86  87  87  86  44  82  86  84  82  83  46  90  44  13  42  90  42  88  89  82  88  89  46  82  88  89  81  84  43  82  48  18  42  84  48  89  47  13  48  12   0  18  48   5  46  88  47  82  48   5  43  88  46  89  85  85  87  86  46  84  82  90  83  87  45  90  41  19  47  87  50  88  88  81  88  86  49  88  83  84  81  
88  84  83  85  83  50  85  86  90  90  82  49  90  46  19  84  86  43  88  88  88  90  89  44  82  81  86  87  84  48  84  47  12  83  82  42  84  41  13  41  19   0  84  50  10  84  87  47  84  42   7  88  90  50  84  84  88  82  83  43  88  89  90  86  90  50  90  41  14  83  85  47  90  82  83  90  82  45  81  86  85  
86  84  85  81  83  89  49  87  86  89  84  81  44  85  81  13  41  81  85  87  82  85  83  90  46  83  84  85  83  84  50  87  82  20  47  86  43  90  82   3  47  86   0   6  50  82  89  81  41  87  82   5  44  84  89  84  87  81  87  84  48  82  88  88  83  81  41  89  84  11  49  88  82  87  86  87  84  81  43  89  87  
87  81  86  86  85  89  85  45  81  84  89  86  84  47  90  50   2  42  81  86  90  89  86  81  84  47  87  85  81  89  90  46  81  44   4  42  87  47  83  42  14  45  10   0   1  82  89  86  81  49  86  43  10  50  81  89  85  81  90  87  88  43  84  86  82  85  87  46  89  46  13  47  82  88  83  83  87  90  83  41  86  
82  81  81  86  83  81  82  86  46  90  90  87  89  89  48  85  46   3  87  85  81  82  89  86  85  82  43  84  87  84  81  85  43  84  50  20  86  87  43  88  48   2  49  13   0  84  81  89  84  89  48  82  50  14  84  84  82  85  89  82  82  86  47  85  86  86  90  82  42  86  46  13  83  87  88  90  85  87  89  87  43  
90  81  81  85  84  89  86  82  85  44  82  89  90  81  83  84  85  83   4  41  85  45  85  90  86  82  83  42  86  89  88  86  86  82  88  86   5  46  83  41  81  85  81  84  85   0  15  49  15  45  89  45  86  89  87  88  88  86  83  83  85  89  86  50  88  84  86  87  88  81  85  82  12  45  90  46  89  90  84  82  88  
89  82  87  88  86  81  86  81  90  82  49  89  90  86  90  86  84  81  48   5  48  83  49  87  87  87  82  88  46  89  82  87  90  88  82  81  49   8  42  84  50  86  81  84  89   9   0  12  44   8  44  90  46  88  88  88  84  81  81  81  86  88  86  87  41  85  81  82  86  87  86  82  45   1  41  86  47  90  86  83  87  
90  89  86  85  90  83  84  83  86  84  85  46  86  86  88  81  88  87  83  45   2  82  87  50  89  90  84  88  85  48  88  86  82  89  83  84  88  46  17  85  90  50  87  81  89  43   3   0  85  48  14  86  90  42  81  86  88  90  81  86  88  84  84  83  84  41  86  83  90  87  81  82  86  45  16  90  90  41  89  82  83  
90  81  87  81  85  85  83  84  86  88  84  85  45  85  89  85  84  82  48  89  82  14  49  81  49  89  89  83  81  88  47  85  90  89  88  89  45  88  85   4  45  87  46  83  90   9  46  87   0   5  41  18  46  90  83  86  86  82  89  82  81  89  89  82  89  81  42  86  90  84  89  82  48  85  90  10  42  90  41  83  86  
86  81  89  86  82  87  87  81  81  87  85  83  85  47  84  82  86  82  84  44  86  47  14  45  88  49  87  85  85  81  84  47  88  89  85  89  83  50  83  46  15  47  82  43  85  47  20  43  15   0   6  48  19  42  90  90  88  83  83  81  81  88  87  86  88  86  88  47  87  85  89  85  90  49  81  46  10  49  86  44  85  
89  89  87  90  89  83  84  86  87  88  85  85  88  81  48  81  85  90  83  89  41  86  41  15  87  84  47  89  85  84  86  90  45  81  90  89  84  89  49  84  49   2  86  85  44  86  41  15  50   7   0  87  49  20  87  83  90  89  83  85  82  85  86  90  90  86  88  87  44  83  82  82  89  83  46  81  43   2  86  86  45  
82  82  88  89  90  86  87  90  89  86  90  89  85  89  87  41  83  84  83  87  85  48  85  90  20  46  86  82  81  88  85  90  82  44  83  83  88  90  87  48  89  83  17  41  81  46  85  88   5  43  85   0   4  46  88  82  81  89  85  81  87  90  82  89  86  90  84  84  89  49  83  81  83  83  90  46  82  88   9  46  84  
87  81  90  84  83  83  82  87  88  87  82  82  86  89  82  85  41  81  81  90  81  86  49  81  48   8  44  90  83  87  87  88  90  87  42  87  85  85  89  90  46  85  47   4  41  90  46  86  43   8  42  15   0  12  87  82  85  88  86  89  87  86  87  83  85  83  81  81  83  89  44  89  86  86  83  89  41  85  45   5  48  
83  83  87  90  83  86  86  90  85  84  83  90  89  87  89  81  90  42  83  89  82  82  83  46  88  48   1  81  84  82  89  88  84  84  83  49  86  82  84  84  81  42  84  43   4  82  85  42  88  49  17  45  10   0  89  84  81  88  81  89  85  87  81  87  83  82  90  86  83  81  82  44  90  83  87  82  86  50  85  49   6  
46  85  84  85  82  85  85  88  85  81  87  82  87  85  88  87  87  90  90  85  86  86  83  87  81  89  81   5  46  82  43  82  90  88  86  89  46  90  90  82  82  87  87  89  83  82  88  90  90  88  83  85  89  90   0  13  42  13  49  90  43  85  90  15  50  86  42  85  81  88  85  81  49  83  83  85  90  81  83  87  90  
86  49  87  86  88  87  85  88  83  85  88  82  82  87  87  84  88  81  86  81  82  85  82  82  88  84  88  45   9  42  87  49  87  85  89  85  83  47  87  83  84  87  86  87  84  87  83  88  85  88  89  85  90  84  13   0  13  46  17  48  84  47  89  41   8  46  84  50  84  84  86  81  85  45  84  85  87  89  87  84  85  
85  81  46  88  87  83  85  83  86  84  82  82  88  82  82  81  88  83  83  83  88  86  82  83  88  81  90  90  48  14  81  85  47  88  90  86  83  90  43  90  82  87  82  84  85  88  82  90  81  81  85  86  88  90  46   7   0  82  48   7  89  87  48  83  46  13  82  86  46  82  88  83  88  89  45  83  89  83  88  84  87  
83  87  87  44  88  81  82  88  84  87  83  81  89  83  87  87  82  83  90  90  89  88  83  82  87  90  90  43  87  83   1  42  82  48  83  89  83  90  82  47  82  90  90  82  84  90  88  89  82  85  83  83  83  85   3  47  83   0   2  46   7  43  85  46  84  86   8  42  90  46  89  85  84  85  86  44  89  89  84  88  89  
87  90  86  83  49  85  85  88  82  87  82  81  82  83  86  89  88  90  83  81  87  85  88  89  83  88  86  90  47  87  46   7  41  84  47  89  89  81  89  84  47  85  84  84  86  85  87  86  88  89  84  85  87  83  41   2  42   1   0  14  50   2  41  87  43  87  42   7  45  89  47  81  85  90  83  89  47  85  89  83  82  
82  86  83  90  86  45  88  90  83  86  90  86  87  81  84  83  90  88  85  90  89  85  87  88  88  86  85  81  86  43  89  48   6  89  89  42  87  83  87  89  82  43  90  85  84  90  86  84  84  81  87  88  85  84  85  48   4  43   6   0  82  41  20  82  85  44  84  50   9  86  87  45  89  88  82  89  87  42  88  86  86  
82  83  83  81  86  83  45  86  82  88  84  89  89  89  86  90  84  82  82  82  82  90  84  87  84  85  81  82  84  90  50  88  82  10  44  88  90  82  84  89  84  81  41  87  82  87  83  85  82  87  88  88  87  87  49  81  85  10  48  84   0  19  49  84  81  89  43  88  84  15  45  86  81  82  89  84  88  84  43  87  90  
81  86  84  87  86  84  83  43  86  85  85  88  89  87  83  83  89  87  87  87  86  81  85  83  83  87  90  86  90  82  90  46  81  50   2  45  83  84  84  81  82  84  89  45  89  82  84  84  87  85  83  90  85  86  81  44  89  42  14  41   5   0   3  86  90  81  88  45  84  47   1  46  87  83  81  89  90  81  89  42  82  
90  86  85  81  86  89  87  85  41  89  82  81  81  87  81  81  84  83  81  88  87  83  83  81  88  90  86  90  81  86  81  90  49  86  45  11  87  88  81  84  84  82  81  86  48  84  84  85  87  84  86  90  85  85  81  90  41  84  50  14  41   9   0  85  84  82  83  81  43  85  45   9  89  81  89  82  87  81  86  89  47  
82  86  82  89  83  84  81  82  82  50  88  84  89  83  86  83  82  81  85  86  87  87  84  89  85  86  84  50  89  83  83  82  90  82  90  84  19  47  88  46  88  86  82  84  84  41  84  86  82  83  88  88  89  90   1  50  86  41  89  87  86  82  82   0   2  50   1  45  82  44  90  86   2  43  84  42  84  90  82  85  85  
81  90  83  86  83  82  85  89  81  89  45  89  87  86  88  90  85  84  82  87  81  89  88  84  90  85  89  84  43  87  87  83  82  85  87  90  49   9  50  88  50  89  84  86  87  88  45  83  84  86  86  89  89  85  43   4  46  90  49  82  81  85  87   2   0   2  47  20  43  82  49  83  43  20  49  83  43  83  83  83  81  
81  88  86  89  85  89  82  87  85  84  88  49  81  84  81  81  85  88  82  86  88  90  88  87  82  85  88  89  88  49  88  83  84  88  84  84  87  41  14  89  89  47  88  89  84  87  85  41  86  90  82  85  87  82  84  44  15  86  82  50  86  86  86  41   1   0  85  48  17  85  82  42  89  47  17  87  84  43  90  81  89  
81  84  86  89  82  84  81  89  88  83  90  90  47  87  89  86  82  86  87  83  87  90  84  87  89  88  90  87  89  86  46  86  88  87  87  83  42  84  87  11  47  81  48  81  84  89  88  82  47  85  88  87  88  89  47  89  86   3  44  89  49  86  83  14  41  81   0  17  41  12  46  87  45  82  85  10  49  88  48  82  83  
90  84  90  85  88  81  84  88  90  82  89  85  81  50  89  90  88  89  83  81  87  85  89  90  88  84  81  86  84  84  89  45  90  90  85  88  90  42  85  43  20  45  87  44  82  86  82  90  81  45  84  82  82  88  89  45  81  45   8  49  90  45  82  48  14  44  13   0   4  45  17  47  88  49  86  50   7  48  88  41  83  
83  87  89  83  81  81  90  87  90  83  86  86  82  81  42  88  81  81  89  84  84  86  85  81  83  81  89  81  82  83  84  90  41  84  88  87  89  86  47  89  48  16  88  89  46  88  82  90  87  83  41  88  87  88  88  88  46  89  50   9  84  82  41  83  44   1  42   2   0  81  44   5  88  84  46  85  49   6  89  90  50  
90  87  83  83  84  82  81  86  86  85  88  84  84  89  89  48  82  85  85  90  90  89  81  81  84  90  84  83  82  89  85  90  84  49  90  86  86  85  85  44  86  81  15  50  86  81  90  82  89  81  82  44  87  81  82  81  89  50  83  89   7  44  82  46  84  89  12  47  87   0   3  45  90  84  83  50  85  82  12  50  88  
90  83  82  82  84  90  88  84  83  82  83  84  85  86  85  88  45  89  85  82  90  86  90  83  89  90  88  88  90  90  83  84  86  88  41  84  81  84  86  82  50  84  41  16  50  85  85  85  85  90  83  90  43  90  90  82  88  84  50  89  49   2  47  86  47  83  46   8  43  13   0   1  85  83  84  87  43  82  50   3  47  
82  84  85  82  88  85  85  90  89  81  84  89  89  87  86  81  87  42  86  82  85  89  86  89  82  85  89  84  86  89  82  88  82  83  83  46  81  87  82  90  83  47  87  42  18  84  84  88  82  88  90  90  83  49  90  87  81  88  90  42  87  46   2  90  82  47  87  47  19  48   8   0  83  85  83  83  90  43  90  44  11  
90  86  81  83  88  83  85  86  85  84  82  89  84  82  88  84  88  83  41  81  89  87  87  83  81  89  89  84  88  82  86  84  87  81  81  86  46  88  88  89  86  85  82  86  90   7  48  89  43  85  88  84  86  86  49  87  81  88  87  82  89  84  90  12  46  85  48  83  86  81  90  86   0   2  49  19  49  84  44  83  88  
86  85  84  81  87  81  90  81  83  83  84  86  88  83  81  81  83  83  86  49  86  87  83  88  85  88  89  83  88  86  82  84  84  81  86  81  90  48  86  87  84  89  89  81  82  41  16  45  86  49  88  81  90  85  82  47  89  87  85  87  89  82  84  42  18  43  89  41  87  86  84  90   3   0  19  47  20  50  87  46  90  
81  86  88  82  83  88  86  88  83  81  81  82  82  83  88  89  82  81  83  82  48  81  86  90  90  87  88  85  86  88  81  84  89  90  89  87  88  89  47  81  87  85  83  84  88  84  44   1  85  83  45  87  82  84  87  88  48  89  88  87  82  81  81  84  42  17  81  81  44  83  89  87  44  14   0  83  47   8  87  90  41  
86  88  82  88  87  85  81  81  83  88  88  86  86  81  84  87  82  90  89  87  81  47  90  82  89  86  83  86  82  87  81  86  87  89  85  88  81  87  83  47  83  82  88  82  88  41  89  88  20  44  88  43  85  89  82  86  90  41  87  86  82  88  87  48  89  85   9  45  82  48  89  85  16  43  82   0   3  47  16  46  81  
83  84  90  90  89  83  88  86  85  83  89  83  89  85  90  89  83  82  87  83  89  86  43  81  85  88  88  87  84  86  89  86  84  86  87  89  90  87  87  81  42  81  87  89  84  90  47  86  47   6  42  84  50  81  82  81  81  87  50  88  86  85  86  82  46  88  49  10  41  82  45  86  47  16  47  14   0   7  48   3  50  
86  90  86  89  90  87  86  88  86  86  81  86  90  88  84  85  84  84  88  83  83  81  90  47  87  84  81  90  83  86  84  83  85  86  88  88  84  82  89  89  86  47  88  87  83  87  81  47  90  43  13  90  84  41  82  90  86  83  83  48  83  81  89  86  86  50  90  44  18  82  81  46  90  47   9  45  16   0  81  48   8  
81  81  88  89  87  86  86  90  88  84  81  86  84  83  83  85  81  81  86  81  87  88  82  87  48  89  81  88  89  82  82  89  88  82  88  89  88  88  85  81  86  88  47  84  83  81  87  87  49  83  87  16  49  83  90  88  87  81  86  88  44  81  81  88  82  84  47  90  84  10  44  89  45  90  88   3  43  89   0  19  49  
87  90  81  89  84  86  85  87  83  84  81  87  84  84  82  82  85  87  81  90  83  90  86  87  85  41  84  88  90  84  86  82  81  81  87  82  86  90  89  84  88  87  85  49  84  82  85  82  85  42  89  44   6  48  90  81  82  86  90  83  82  44  81  88  81  85  89  44  90  42   6  48  88  41  88  50   6  41  10   0  15  
81  89  83  89  89  83  85  81  81  90  89  90  82  84  81  82  88  82  83  90  85  89  90  82  87  82  46  85  84  85  82  85  89  84  85  90  90  84  86  87  82  90  88  87  48  86  89  84  84  81  42  89  44   5  86  87  87  82  87  84  83  82  46  85  87  84  84  87  47  87  46  15  90  90  43  84  46  15  46   5   0  

 0  10  20   0   0   0   0   0   5   0   2   0   0   0   7   0   0   0   0   0   0   0   0   0   0   0   3   0   0   0   4   0   0   0   0   0   0   0   0   0   0   0   0   0   0   0   0   0   0   0   0   0   0   0   0   0   0   0   0   0   0   0   0   0   0   0   2   0   0   0   0   0   0   0   0   0   0   0   0   0   0  
10   0  15   0   1   6   0   0   6   1   0   0   4   0   0   0   0   0   0   0   0   0   5   0   2   0   0   0   0   0   0   0   0   0   0   4   0   0   0   0   0   0   0   0   0   0   0   0   0   0   0   0   0   0   0   0   0   0   0   4   0   0   0   0   0   0   0   0   0   0   0   0   5   0   0   0   0   0   0   0   0  
20  15   0   0   0   0   0   0   0   0   0   0   0   4   0   4   0   0   0   0   0   0   0   4   0   0   0   5   0   0   0   0   0   0   0   0   0   0   0   0   0   0   0   0   0   0   0   0   0   0   0   0   0   0   0   0   0   0   0   0   0   0   0   0   0   0   0   1   0   0   0   2   0   0   0   0   0   0   0   0   0  
 0   0   0   0   9  19   3   4   4   0   0   0   0   0   0   0   0   0   0   0   0   0   0   0   0   0   0   0   5   0   0   0   0   0   0   0   0   0   0   5   0   0   0   0   0   2   0   0   0   0   0   0   0   0   0   0   0   0   0   0   5   0   0   0   0   0   0   0   0   0   0   0   0   0   0   0   0   0   0   0   0  
 0   1   0   9   0   8   0   0   2   0   0   3   5   0   0   0   0   0   0   0   0   0   0   0   2   0   0   0   0   0   0   0   0   0   0   0   0   0   0   0   0   0   0   0   0   0   0   0   0   0   0   0   0   2   0   0   0   0   0   0   0   0   0   0   0   0   0   0   0   0   0   0   0   0   0   0   0   0   0   0   0  
 0   6   0  19   8   0   0   0   0   0   0   0   0   0   0   0   0   0   0   0   0   0   0   0   0   0   0   0   0   0   0   0   0   0   0   0   0   0   0   0   0   0   0   0   0   0   0   0   4   0   0   0   0   0   0   0   0   0   0   0   0   0   0   0   0   0   0   0   0   0   0   0   0   0   0   0   0   0   1   0   0  
 0   0   0   3   0   0   0  18  10   0   0   0   0   0   0   0   0   0   0   0   0   0   0   0   0   0   0   0   0   0   0   0   0   0   0   0   0   0   0   0   0   0   0   0   0   0   0   0   0   0   0   0   0   0   0   0   0   0   0   0   0   0   0   0   0   0   0   0   0   0   0   0   0   0   0   0   0   0   0   0   0  
 0   0   0   4   0   0  18   0   8   0   0   0   0   0   0   0   0   3   0   0   0   2   3   0   0   0   0   2   0   0   0   0   0   0   0   0   0   0   0   0   0   0   0   0   0   0   0   0   0   0   0   0   0   0   0   0   0   0   0   4   0  10   0   0   0   0   0   0   0   0   5   0   0   0   0   0   0   0   0   0   0  
 5   6   0   4   2   0  10   8   0   0   0   0   0   0   0   0   0   0   0   9   0   0   0   0   0   0   0   0   0   0   0   0   0   0   0   1   0   0   0   0   0   0   0   0   3   0   0   0   0   0   0   0   0   0   0   0   0   0   0   0   0   0   0   0   0   0   0   0   0   0   0   0   0   0   0   0   0   0   0   0   0  
 0   1   0   0   0   0   0   0   0   0   7  12   0   0   0   3   0   0   0   0   0   0   0   3   0   0   0   0   0   0   0   0   0   0   0   0   0   0   0   0   0   0   0   0   0   0   0   0   0   0   0   0   0   0   0   0   0   0   0   0   0   0   0   0   0   0   0   0   0   0   0   0   0   0   0   0   0   0   0   0   0  
 2   0   0   0   0   0   0   0   0   7   0   2   5   0   0   5   0   0   0   0   0   0   0   0   0   0   0   0   0   0   0   0   0   0   0   0   0   1   0   0   0   0   0   0   0   5   0   0   0   0   0   0   0   0   0   0   0   0   0   0   0   0   0   0   0   0   0   0   0   0   0   0   0   0   0   0   0   0   2   0   0  
 0   0   0   0   3   0   0   0   0  12   2   0   0   3   0   0   0   0   0   0   0   0   0   0   0   0   0   0   0   0   0   0   0   0   0   0   0   0   0   0   0   0   0   0   0   0   0   0   0   0   0   0   0   3   0   0   0   0   0   3   0   0   0   0   0   0   0   0   0   0   0   0   0   0   0   0   0   0   0   0   0  
 0   4   0   0   5   0   0   0   0   0   5   0   0  18   3   0   0   3   0   0   0   0   0   0   0   0   0   0   0   0   0   0   0   0   0   0   0   0   0   0   0   0   0   0   0   0   0   0   0   0   0   0   0   0   0   0   0   0   0   0   0   0   0   3   0   0   0   0   0   0   0   0   0   0   0   0   0   0   0   0   0  
 0   0   4   0   0   0   0   0   0   0   0   3  18   0  18   4   0   0   0   0   0   0   0   0   0   0   5   0   0   0   0   0   0   0   0   0   0   0   0   0   0   0   4   0   0   0   0   0   2   0   0   0   0   2   0   0   0   0   0   0   0   0   0   0   0   0   0   0   0   0   0   0   0   0   0   0   2   0   0   0   0  
 7   0   0   0   0   0   0   0   0   0   0   0   3  18   0   0   0   0   4   0   0   0   0   0   0   0   0   0   0   0   0   0   0   0   0   0   0   0   0   0   0   0   1   0   0   0   0   0   1   0   0   0   0   0   0   0   0   3   0   0   0   0   0   0   0   0   0   0   0   0   0   0   0   0   0   0   0   0   0   0   0  
 0   0   4   0   0   0   0   0   0   3   5   0   0   4   0   0  20  15   0   0   0   0   0   0   0   0   0   0   0   0   0   0   0   0   0   0   0   0   0   0   0   0   0   0   0   0   0   0   0   0   0   0   0   0   2   0   0   0   0   0   0   0   0   0   0   0   0   0   0   0   0   0   0   0   0   0   0   0   0   0   0  
 0   0   0   0   0   0   0   0   0   0   0   0   0   0   0  20   0  12   0   3   0   0   0   0   0   0   5   0   0   0   0   0   0   0   0   0   0   0   0   0   0   3   0   0   1   0   0   0   0   5   0   0   0   0   0   0   0   0   0   0   0   0   0   0   0   0   0   0   0   0   0   0   0   0   0   0   0   0   0   0   3  
 0   0   0   0   0   0   0   3   0   0   0   0   3   0   0  15  12   0   0   0   0   0   0   0   0   0   0   0   0   0   0   0   0   4   0   0   0   0   0   0   0   0   0   0   0   0   0   0   0   0   0   0   0   0   0   0   0   0   3   0   0   0   0   0   0   0   0   0   0   0   2   0   0   0   0   0   0   0   0   0   0  
 0   0   0   0   0   0   0   0   0   0   0   0   0   0   4   0   0   0   0   2   8   0   0   0   2   0   0   0   0   0   0   0   0   0   0   0   0   0   0   0   0   0   0   0   1   0   0   0   0   0   0   0   0   0   0   0   0   0   0   0   0   0   0   0   0   0   0   0   0   0   0   0   0   0   0   0   0   0   0   0   0  
 0   0   0   0   0   0   0   0   9   0   0   0   0   0   0   0   3   0   2   0   8   0   4   0   2   0   3   0   0   0   0   0   5   0   0   0   0   0   0   0   0   0   0   0   0   0   0   0   0   0   0   0   0   0   0   0   0   0   0   0   0   0   0   0   0   0   0   0   0   0   0   0   0   0   0   0   0   0   0   0   0  
 0   0   0   0   0   0   0   0   0   0   0   0   0   0   0   0   0   0   8   8   0   0   0   0   4   0   0   0   0   0   0   0   0   0   0   0   0   0   0   0   0   0   0   0   0   0   0   0   0   0   0   0   0   0   0   0   0   0   0   0   0   0   0   0   0   0   0   0   0   0   0   0   0   1   0   0   0   0   0   0   0  
 0   0   0   0   0   0   0   2   0   0   0   0   0   0   0   0   0   0   0   0   0   0   1  17   0   2   0   0   0   0   0   0   0   0   0   0   0   2   0   0   0   5   0   0   0   0   0   0   0   0   0   0   0   0   0   0   0   0   0   0   0   0   0   0   0   2   0   0   0   0   0   0   0   0   0   0   0   0   0   0   0  
 0   5   0   0   0   0   0   3   0   0   0   0   0   0   0   0   0   0   0   4   0   1   0  19   0   1   0   0   0   0   0   0   0   0   0   0   0   0   0   0   0   3   0   0   0   9   0   0   0   0   0   0   0   0   0   1   4   0   0   0   0   0   0   0   0   0   0   0   0   0   0   0   0   0   0   0   0   0   0   0   0  
 0   0   4   0   0   0   0   0   0   3   0   0   0   0   0   0   0   0   0   0   0  17  19   0   0   0   4   0   0   0   0   0   0   0   0   0   0   0   0   0   0   0   0   0   0   0   0   0   0   0   0   0   0   0   0   0   0   0   0   0   0   0   0   0   0   0   0   0   0   0   0   0   0   0   0   0   0   0   0   0   0  
 0   2   0   0   2   0   0   0   0   0   0   0   0   0   0   0   0   0   2   2   4   0   0   0   0  15   3   0   0   0   0   0   0   0   0   0   0   0   0   0   0   0   0   0   0   0   0   0   0   0   0   0   0   0   0   0   0   0   0   0   0   0   0   0   0   0   0   0   0   0   0   0   0   0   0   0   0   0   0   0   0  
 0   0   0   0   0   0   0   0   0   0   0   0   0   0   0   0   0   0   0   0   0   2   1   0  15   0  17   0   0   0   0   0   0   0   0   0   0   0   0   0   0   0   0   0   0   1   0   0   0   0   0   0   0   0   0   0   0   0   0   0   0   0   0   0   0   0   0   0   0   0   0   0   0   0   0   0   1   0   0   0   0  
 3   0   0   0   0   0   0   0   0   0   0   0   0   5   0   0   5   0   0   3   0   0   0   4   3  17   0   0   0   0   0   0   0   0   0   0   0   0   0   0   0   0   0   0   0   0   0   0   0   0   0   0   0   0   0   0   0   0   0   0   0   0   0   0   0   0   0   0   0   0   0   0   0   0   0   0   0   0   0   0   0  
 0   0   5   0   0   0   0   2   0   0   0   0   0   0   0   0   0   0   0   0   0   0   0   0   0   0   0   0  20   5   3   0   0   0   2   1   2   0   0   0   0   0   0   0   2   0   0   0   0   0   0   0   0   0   0   0   0   0   0   0   2   0   0   0   0   0   0   0   0   0   0   0   0   0   0   0   0   0   0   0   0  
 0   0   0   5   0   0   0   0   0   0   0   0   0   0   0   0   0   0   0   0   0   0   0   0   0   0   0  20   0   6   0   0   5   0   0   0   0   0   0   0   0   0   0   0   0   0   2   0   0   0   0   0   0   0   0   0   0   0   0   0   0   0   0   0   0   0   0   0   0   0   0   0   0   0   0   0   0   0   0   0   0  
 0   0   0   0   0   0   0   0   0   0   0   0   0   0   0   0   0   0   0   0   0   0   0   0   0   0   0   5   6   0   0   0   0   0   0   3   0   0   0   0   3   0   0   0   0   0   0   0   0   0   0   0   0   0   5   0   0   0   0   0   0   0   0   0   0   0   0   0   0   0   0   0   0   0   0   0   0   0   0   0   0  
 4   0   0   0   0   0   0   0   0   0   0   0   0   0   0   0   0   0   0   0   0   0   0   0   0   0   0   3   0   0   0  12  12   0   0   7   0   0   0   0   0   0   0   0   0   0   0   0   0   0   0   2   3   0   0   0   2   0   0   4   0   0   0   0   0   0   0   0   0   0   0   0   0   0   0   0   0   0   0   0   0  
 0   0   0   0   0   0   0   0   0   0   0   0   0   0   0   0   0   0   0   0   0   0   0   0   0   0   0   0   0   0  12   0   8   0   2   0   0   0   0   3   0   0   3   0   0   4   0   0   0   0   0   0   0   0   0   0   0   0   0   0   0   0   0   0   0   0   0   0   0   1   0   0   0   0   0   0   0   5   0   0   0  
 0   0   0   0   0   0   0   0   0   0   0   0   0   0   0   0   0   0   0   5   0   0   0   0   0   0   0   0   5   0  12   8   0   3   3   2   0   0   0   0   0   0   0   2   0   0   0   0   0   0   0   0   0   0   0   0   0   0   0   0   0   0   0   0   0   0   0   0   0   0   0   0   0   0   0   0   0   0   0   0   0  
 0   0   0   0   0   0   0   0   0   0   0   0   0   0   0   0   0   4   0   0   0   0   0   0   0   0   0   0   0   0   0   0   3   0  20  14   0   0   0   0   0   0   0   0   0   0   0   0   0   0   0   0   0   0   0   0   0   0   0   0   0   0   0   0   0   0   0   0   0   0   0   0   0   0   0   0   0   0   0   0   0  
 0   0   0   0   0   0   0   0   0   0   0   0   0   0   0   0   0   0   0   0   0   0   0   0   0   0   0   2   0   0   0   2   3  20   0   2   0   0   0   0   0   0   0   0   4   5   0   0   0   0   0   0   0   0   0   2   0   0   0   0   0   0   0   0   0   0   0   0   0   0   0   5   4   0   0   0   0   0   0   0   0  
 0   4   0   0   0   0   0   0   1   0   0   0   0   0   0   0   0   0   0   0   0   0   0   0   0   0   0   1   0   3   7   0   2  14   2   0   0   0   4   5   0   0   0   0   0   0   0   0   0   0   0   2   0   0   0   0   0   0   0   5   0   0   0   0   0   0   0   0   0   0   0   0   0   0   0   0   0   0   0   0   0  
 0   0   0   0   0   0   0   0   0   0   0   0   0   0   0   0   0   0   0   0   0   0   0   0   0   0   0   2   0   0   0   0   0   0   0   0   0   8  14   0   3   0   0   0   0   0   0   0   5   0   0   0   0   0   0   0   0   0   0   0   0   0   0   0   0   1   0   0   0   0   0   0   0   0   0   0   0   0   0   0   0  
 0   0   0   0   0   0   0   0   0   0   1   0   0   0   0   0   0   0   0   0   0   2   0   0   0   0   0   0   0   0   0   0   0   0   0   0   8   0  12   0   3   0   0   0   0   0   0   0   3   0   0   0   0   0   0   0   0   0   0   0   0   0   0   0   0   0   0   0   0   0   0   0   0   0   0   0   0   0   0   0   0  
 0   0   0   0   0   0   0   0   0   0   0   0   0   0   0   0   0   0   0   0   0   0   0   0   0   0   0   0   0   0   0   0   0   0   0   4  14  12   0   2   2   0   0   0   0   0   0   0   0   0   0   0   0   0   0   0   0   4   0   0   0   0   0   0   0   0   0   0   0   0   0   0   0   0   0   0   0   0   0   0   0  
 0   0   0   5   0   0   0   0   0   0   0   0   0   0   0   0   0   0   0   0   0   0   0   0   0   0   0   0   0   0   0   3   0   0   0   5   0   0   2   0  18  17   0   0   5   0   0   0   0   0   0   5   0   3   2   0   0   0   0   0   0   0   0   0   0   0   0   0   0   0   0   0   0   3   0   0   0   0   0   0   0  
 0   0   0   0   0   0   0   0   0   0   0   0   0   0   0   0   0   0   0   0   0   0   0   0   0   0   0   0   0   3   0   0   0   0   0   0   3   3   2  18   0  13   5   2   3   0   0   0   0   0   0   0   0   0   0   0   0   0   0   3   0   0   0   0   0   0   0   0   0   0   0   0   0   0   0   0   0   5   0   0   0  
 0   0   0   0   0   0   0   0   0   0   0   0   0   0   0   0   3   0   0   0   0   5   3   0   0   0   0   0   0   0   0   0   0   0   0   0   0   0   0  17  13   0   0   0   0   0   0   0   0   0   1   0   0   0   0   0   0   0   0   0   0   0   0   0   0   0   0   0   0   0   0   0   0   4   0   0   0   0   0   0   0  
 0   0   0   0   0   0   0   0   0   0   0   0   0   4   1   0   0   0   0   0   0   0   0   0   0   0   0   0   0   0   0   3   0   0   0   0   0   0   0   0   5   0   0   2  10   0   0   0   0   2   0   0   0   0   0   0   0   0   0   0   0   0   0   0   0   0   0   0   0   4   0   0   0   0   0   0   0   4   0   0   0  
 0   0   0   0   0   0   0   0   0   0   0   0   0   0   0   0   0   0   0   0   0   0   0   0   0   0   0   0   0   0   0   0   2   0   0   0   0   0   0   0   2   0   2   0  15   0   0   0   0   0   0   0   3   0   0   0   0   0   0   0   0   0   0   0   0   0   0   0   0   0   0   0   0   0   0   0   0   0   0   0   0  
 0   0   0   0   0   0   0   0   3   0   0   0   0   0   0   0   1   0   1   0   0   0   0   0   0   0   0   2   0   0   0   0   0   0   4   0   0   0   0   5   3   0  10  15   0   0   0   0   0   0   0   0   1   0   0   0   0   0   0   0   0   0   0   0   0   0   0   0   0   0   0   0   0   0   0   0   0   0   0   0   0  
 0   0   0   2   0   0   0   0   0   0   5   0   0   0   0   0   0   0   0   0   0   0   9   0   0   1   0   0   0   0   0   4   0   0   5   0   0   0   0   0   0   0   0   0   0   0   8   3   0   0   0   0   2   5   0   0   0   0   0   0   0   0   0   0   0   0   0   0   0   0   0   0   0   0   0   0   0   0   0   0   0  
 0   0   0   0   0   0   0   0   0   0   0   0   0   0   0   0   0   0   0   0   0   0   0   0   0   0   0   0   2   0   0   0   0   0   0   0   0   0   0   0   0   0   0   0   0   8   0   3   0   0   0   0   1   3   0   0   0   0   0   0   4   0   0   0   0   0   0   0   0   0   0   0   0   0   0   0   0   0   0   0   0  
 0   0   0   0   0   0   0   0   0   0   0   0   0   0   0   0   0   0   0   0   0   0   0   0   0   0   0   0   0   0   0   0   0   0   0   0   0   0   0   0   0   0   0   0   0   3   3   0   0   0   0   0   0   0   0   0   0   0   0   0   0   0   0   0   0   0   0   0   0   0   0   0   0   0   0   0   0   0   0   0   0  
 0   0   0   0   0   4   0   0   0   0   0   0   0   2   1   0   0   0   0   0   0   0   0   0   0   0   0   0   0   0   0   0   0   0   0   0   5   3   0   0   0   0   0   0   0   0   0   0   0   7  14   3   0   3   0   0   0   0   0   0   0   0   0   0   0   0   0   0   0   0   0   0   0   0   0   0   0   0   0   0   0  
 0   0   0   0   0   0   0   0   0   0   0   0   0   0   0   0   5   0   0   0   0   0   0   0   0   0   0   0   0   0   0   0   0   0   0   0   0   0   0   0   0   0   2   0   0   0   0   0   7   0  14   0   5   2   0   0   0   0   0   0   0   2   0   0   0   0   0   0   0   0   0   0   0   0   0   0   0   0   0   0   0  
 0   0   0   0   0   0   0   0   0   0   0   0   0   0   0   0   0   0   0   0   0   0   0   0   0   0   0   0   0   0   0   0   0   0   0   0   0   0   0   0   0   1   0   0   0   0   0   0  14  14   0   3   0   3   0   0   0   0   0   0   0   0   0   0   0   0   0   0   0   0   0   0   0   0   0   0   0   0   0   0   0  
 0   0   0   0   0   0   0   0   0   0   0   0   0   0   0   0   0   0   0   0   0   0   0   0   0   0   0   0   0   0   2   0   0   0   0   2   0   0   0   5   0   0   0   0   0   0   0   0   3   0   3   0  15   2   1   0   0   0   0   0   0   0   0   3   0   5   0   0   0   0   0   0   0   0   0   0   0   0   0   0   0  
 0   0   0   0   0   0   0   0   0   0   0   0   0   0   0   0   0   0   0   0   0   0   0   0   0   0   0   0   0   0   3   0   0   0   0   0   0   0   0   0   0   0   0   3   1   2   1   0   0   5   0  15   0   1   1   0   0   0   0   4   0   0   0   0   0   0   0   0   0   0   0   0   0   0   0   0   0   0   0   0   0  
 0   0   0   0   2   0   0   0   0   0   0   3   0   2   0   0   0   0   0   0   0   0   0   0   0   0   0   0   0   0   0   0   0   0   0   0   0   0   0   3   0   0   0   0   0   5   3   0   3   2   3   2   1   0   0   0   0   0   0   0   0   0   0   0   0   0   0   0   0   0   0   0   0   0   0   0   0   0   0   0   0  
 0   0   0   0   0   0   0   0   0   0   0   0   0   0   0   2   0   0   0   0   0   0   0   0   0   0   0   0   0   5   0   0   0   0   0   0   0   0   0   2   0   0   0   0   0   0   0   0   0   0   0   1   1   0   0  15  18   0   1   0   0   0   0   0   0   0   0   0   0   0   0   0   0   0   0   0   2   0   0   0   0  
 0   0   0   0   0   0   0   0   0   0   0   0   0   0   0   0   0   0   0   0   0   0   1   0   0   0   0   0   0   0   0   0   0   0   2   0   0   0   0   0   0   0   0   0   0   0   0   0   0   0   0   0   0   0  15   0   3   0   0   0   0   0   3   0   0   0   0   0   0   0   0   0   0   0   0   6   0   0   0   0   0  
 0   0   0   0   0   0   0   0   0   0   0   0   0   0   0   0   0   0   0   0   0   0   4   0   0   0   0   0   0   0   2   0   0   0   0   0   0   0   0   0   0   0   0   0   0   0   0   0   0   0   0   0   0   0  18   3   0   0   1   0   0   0   0   0   0   0   0   0   0   0   0   0   0   0   0   0   0   0   0   0   0  
 0   0   0   0   0   0   0   0   0   0   0   0   0   0   3   0   0   0   0   0   0   0   0   0   0   0   0   0   0   0   0   0   0   0   0   0   0   0   4   0   0   0   0   0   0   0   0   0   0   0   0   0   0   0   0   0   0   0  17   4   0   0   0   0   0   0   0   0   0   0   0   0   0   3   5   0   0   0   0   0   0  
 0   0   0   0   0   0   0   0   0   0   0   0   0   0   0   0   0   3   0   0   0   0   0   0   0   0   0   0   0   0   0   0   0   0   0   0   0   0   0   0   0   0   0   0   0   0   0   0   0   0   0   0   0   0   1   0   1  17   0   2   1   3   0   0   0   2   0   0   0   0   0   0   0   0   0   0   9   0   0   3   0  
 0   4   0   0   0   0   0   4   0   0   0   3   0   0   0   0   0   0   0   0   0   0   0   0   0   0   0   0   0   0   4   0   0   0   0   5   0   0   0   0   3   0   0   0   0   0   0   0   0   0   0   0   4   0   0   0   0   4   2   0   0   0   0   0   0   0   0   0   0   0   0   1   0   0   1   0   0   2   0   0   4  
 0   0   0   5   0   0   0   0   0   0   0   0   0   0   0   0   0   0   0   0   0   0   0   0   0   0   0   2   0   0   0   0   0   0   0   0   0   0   0   0   0   0   0   0   0   0   4   0   0   0   0   0   0   0   0   0   0   0   1   0   0  20  19   0   0   0   0   0   0   0   1   0   0   0   0   0   0   0   2   0   0  
 0   0   0   0   0   0   0  10   0   0   0   0   0   0   0   0   0   0   0   0   0   0   0   0   0   0   0   0   0   0   0   0   0   0   0   0   0   0   0   0   0   0   0   0   0   0   0   0   0   2   0   0   0   0   0   0   0   0   3   0  20   0  11   0   0   0   0   0   0   0   0   1   0   0   0   0   0   0   0   0   0  
 0   0   0   0   0   0   0   0   0   0   0   0   0   0   0   0   0   0   0   0   0   0   0   0   0   0   0   0   0   0   0   0   0   0   0   0   0   0   0   0   0   0   0   0   0   0   0   0   0   0   0   0   0   0   0   3   0   0   0   0  19  11   0   0   0   0   0   0   0   0   0   0   0   0   0   0   0   0   0   0   0  
 0   0   0   0   0   0   0   0   0   0   0   0   3   0   0   0   0   0   0   0   0   0   0   0   0   0   0   0   0   0   0   0   0   0   0   0   0   0   0   0   0   0   0   0   0   0   0   0   0   0   0   3   0   0   0   0   0   0   0   0   0   0   0   0   3  13   0   0   0   3   0   0   0   0   0   0   9   0   0   0   0  
 0   0   0   0   0   0   0   0   0   0   0   0   0   0   0   0   0   0   0   0   0   0   0   0   0   0   0   0   0   0   0   0   0   0   0   0   0   0   0   0   0   0   0   0   0   0   0   0   0   0   0   0   0   0   0   0   0   0   0   0   0   0   0   3   0  16   1   0   0   0   1   3   0   0   0   0   0   0   0   0   0  
 0   0   0   0   0   0   0   0   0   0   0   0   0   0   0   0   0   0   0   0   0   2   0   0   0   0   0   0   0   0   0   0   0   0   0   0   1   0   0   0   0   0   0   0   0   0   0   0   0   0   0   5   0   0   0   0   0   0   2   0   0   0   0  13  16   0   1   0   2   5   0   1   0   0   0   0   0   0   0   0   0  
 2   0   0   0   0   0   0   0   0   0   0   0   0   0   0   0   0   0   0   0   0   0   0   0   0   0   0   0   0   0   0   0   0   0   0   0   0   0   0   0   0   0   0   0   0   0   0   0   0   0   0   0   0   0   0   0   0   0   0   0   0   0   0   0   1   1   0  12   5   3   0   2   0   0   0   3   0   0   0   0   3  
 0   0   1   0   0   0   0   0   0   0   0   0   0   0   0   0   0   0   0   0   0   0   0   0   0   0   0   0   0   0   0   0   0   0   0   0   0   0   0   0   0   0   0   0   0   0   0   0   0   0   0   0   0   0   0   0   0   0   0   0   0   0   0   0   0   0  12   0   2   0   0   0   0   0   0   0   0   0   0   0   0  
 0   0   0   0   0   0   0   0   0   0   0   0   0   0   0   0   0   0   0   0   0   0   0   0   0   0   0   0   0   0   0   0   0   0   0   0   0   0   0   0   0   0   0   0   0   0   0   0   0   0   0   0   0   0   0   0   0   0   0   0   0   0   0   0   0   2   5   2   0   2   0   0   0   0   0   0   0   0   0   0   0  
 0   0   0   0   0   0   0   0   0   0   0   0   0   0   0   0   0   0   0   0   0   0   0   0   0   0   0   0   0   0   0   1   0   0   0   0   0   0   0   0   0   0   4   0   0   0   0   0   0   0   0   0   0   0   0   0   0   0   0   0   0   0   0   3   0   5   3   0   2   0  20  11   0   0   4   0   0   0   0   0   0  
 0   0   0   0   0   0   0   5   0   0   0   0   0   0   0   0   0   2   0   0   0   0   0   0   0   0   0   0   0   0   0   0   0   0   0   0   0   0   0   0   0   0   0   0   0   0   0   0   0   0   0   0   0   0   0   0   0   0   0   0   1   0   0   0   1   0   0   0   0  20   0  14   0   0   0   0   0   0   0   0   0  
 0   0   2   0   0   0   0   0   0   0   0   0   0   0   0   0   0   0   0   0   0   0   0   0   0   0   0   0   0   0   0   0   0   0   5   0   0   0   0   0   0   0   0   0   0   0   0   0   0   0   0   0   0   0   0   0   0   0   0   1   0   1   0   0   3   1   2   0   0  11  14   0   0   4   0   0   0   0   0   0   0  
 0   5   0   0   0   0   0   0   0   0   0   0   0   0   0   0   0   0   0   0   0   0   0   0   0   0   0   0   0   0   0   0   0   0   4   0   0   0   0   0   0   0   0   0   0   0   0   0   0   0   0   0   0   0   0   0   0   0   0   0   0   0   0   0   0   0   0   0   0   0   0   0   0  16  16   0   0   0   0   0   0  
 0   0   0   0   0   0   0   0   0   0   0   0   0   0   0   0   0   0   0   0   1   0   0   0   0   0   0   0   0   0   0   0   0   0   0   0   0   0   0   3   0   4   0   0   0   0   0   0   0   0   0   0   0   0   0   0   0   3   0   0   0   0   0   0   0   0   0   0   0   0   0   4  16   0  20   1   0   2   1   0   0  
 0   0   0   0   0   0   0   0   0   0   0   0   0   0   0   0   0   0   0   0   0   0   0   0   0   0   0   0   0   0   0   0   0   0   0   0   0   0   0   0   0   0   0   0   0   0   0   0   0   0   0   0   0   0   0   0   0   5   0   1   0   0   0   0   0   0   0   0   0   4   0   0  16  20   0   0   0   0   0   0   0  
 0   0   0   0   0   0   0   0   0   0   0   0   0   0   0   0   0   0   0   0   0   0   0   0   0   0   0   0   0   0   0   0   0   0   0   0   0   0   0   0   0   0   0   0   0   0   0   0   0   0   0   0   0   0   0   6   0   0   0   0   0   0   0   0   0   0   3   0   0   0   0   0   0   1   0   0  18  14   0   0   0  
 0   0   0   0   0   0   0   0   0   0   0   0   0   2   0   0   0   0   0   0   0   0   0   0   0   1   0   0   0   0   0   0   0   0   0   0   0   0   0   0   0   0   0   0   0   0   0   0   0   0   0   0   0   0   2   0   0   0   9   0   0   0   0   9   0   0   0   0   0   0   0   0   0   0   0  18   0  13   0   5   0  
 0   0   0   0   0   0   0   0   0   0   0   0   0   0   0   0   0   0   0   0   0   0   0   0   0   0   0   0   0   0   0   5   0   0   0   0   0   0   0   0   5   0   4   0   0   0   0   0   0   0   0   0   0   0   0   0   0   0   0   2   0   0   0   0   0   0   0   0   0   0   0   0   0   2   0  14  13   0   0   0   3  
 0   0   0   0   0   1   0   0   0   0   2   0   0   0   0   0   0   0   0   0   0   0   0   0   0   0   0   0   0   0   0   0   0   0   0   0   0   0   0   0   0   0   0   0   0   0   0   0   0   0   0   0   0   0   0   0   0   0   0   0   2   0   0   0   0   0   0   0   0   0   0   0   0   1   0   0   0   0   0   8   6  
 0   0   0   0   0   0   0   0   0   0   0   0   0   0   0   0   0   0   0   0   0   0   0   0   0   0   0   0   0   0   0   0   0   0   0   0   0   0   0   0   0   0   0   0   0   0   0   0   0   0   0   0   0   0   0   0   0   0   3   0   0   0   0   0   0   0   0   0   0   0   0   0   0   0   0   0   5   0   8   0  18  
 0   0   0   0   0   0   0   0   0   0   0   0   0   0   0   0   3   0   0   0   0   0   0   0   0   0   0   0   0   0   0   0   0   0   0   0   0   0   0   0   0   0   0   0   0   0   0   0   0   0   0   0   0   0   0   0   0   0   0   4   0   0   0   0   0   0   3   0   0   0   0   0   0   0   0   0   0   3   6  18   0  
