81

 907   870   136   448   134   117   334   565   570    58   489   211   402   125   255   147   302   684   710   805   800   331   325   651   454   193   837   311   837   361   788   664   448   824   195   863   716   239   969   632   963   981   482   628   278   571   138   908   487   591   643   687   424   870   893   954   775   439   672   297   679   283   558   539    68   390   816   902   274   884   299   641   753   864   216     7     2   243   225   780   138  
 893   533   878   770   491    60    28   401   804   124   394   372   979    63   215   721   320   462   158   944   785   207   370    93   686   346   709   153    72   941    11   764   620   597   629   652    99   563    50    89    21   485   394   381   410   196   493   149   766   320   730   635   266   682   172   787   817   507   300   997   301   441   195   120   752   717   488    26   853    18   549   882   631   591   843   430   504   733   356   146   262  
 880   191   279   575   720     7   225   506    71   696   264   705   969   189   792   736   718   945    44   686   646   722   419   235   682   954   961   180   330     6   262   163   792   670   813   851   598   280   395   483   764    60   609   803   139   118   797    27   532   220   727   948   819    76   684   348   944   464   230   435   260   461   676   910   745   727   190   122   601   276   731   944   251   227   299   883   563   618   192   296   480  
 435   467   695   667   141   890   263   133   222   853   355   630   231   794   683   443   186   366    30    97   869    41   692   401   788    19   359   651   681   422   348   443    15   239   191   326   604   711   939   902   609   996   873   944   906   922   140   779   154   389   275   319   116   339   171   279   526   893   673   185   957   437   535   523   948   187   403   420   560   866   902   490   912   854   869   199   212   850   393   381    88  
 701   923   323   814   737   280   896   160    79   336     7   556   141   558   879   611   101   457   211   396   645   161   441   333   535   572   157    62   293   208   508   479   391   529   790   649   977   482   264   578   161   693   852   214   818   679   292   834   833   555   855   740   301   263   520   758   246   287   134   958   693   817   732   526   937   406    78   291   945   776   947   470   233   250   470   596   252    62   858   771   267  
 647   941   385   724    36    99   456    61   488   808   783    29   874   861   256   977   363   763   654   464   285   456   986   586   474   686   730   800    99   498   265   180    12   428    54   329   961   160   131   970   220   348   894   565   530   223   823   120   184   186   771   750   597   165   520   180   542    99   844   471   922    71   931   141   342   388   773   778   308   160   402   203   984   959   569   882   342   666   702   861   433  
 931   743    91   297   729   962   290   328    11   161    68   930   209   464   149   878   771   381   511   758   741   558   637   459   779   653     8   355   845   342   134   776   409   830   686   650   395   885   783   458    84   327   363   883   641   924   162   287   533   706   793   576   133   178   346   453    67   261   941   774   926   309    97   324   481   532   680   331   507   914   121   478   697   956   990   916   872   317   509   443   324  
 370   847   512   972   681   169   786   329   960   188   864   887   506   483   406   672   131   523   815   532   270   545    38   128   101   390    51   174   790   495   625   761    81   391   100   787   558   606   760   802   264   256   329   825   178   718   892   851   147   944   331   639   216   500   913   898   726   639   544   318   382   606   165    95   503    38   763   581    65   604   310   512    55   909   278   845   387   835   225   472   209  
 280    11   376    34    48   502    84   851   761   724   242    31   529     6   397    63   344   265   265    16   994   262   376   416   528   159   293   465   472   770   773   527   270   884   206    58   616   794   272   334   770   816   552   117   312   377     6   463   718   740   164   553    53   569    12    23   373   839    34   787   636    48   757    17   637   958   119   287   203   623   466   574   669   626   513   659   397   956   761   747   355  
   1   523   455   312   771    60   291   860   249    97    79   340   363   433   256   183   826   447    96   850   756   692   577   851   417   679   709   746   146   727    63   135   123   199   835   910   458    22   679   128   890   525   848   334    65   257   569   182   776   696   617   446   779   607   203   601   752   219   359   793   132   526   283   177   345   643   617   861   768   538   490   924   422   287   952   636   930   801   517   307   220  
 430   234   431   896   937   945    10   978   193   449   316   966   721   508   503    61   913   593   940   707   508   624   276   257   160   700   588   183   641   764   592    41   265   919    39   822   353   970    73   554   700     9    17   781   587   353   707   581   331   596   455   230   986   731   154   961   456   737   497   556   342   989   529    76   681   152   101   588   407   165   142   919   714   660   710   851   407    84   999   796   583  
 704   717    93   773   830   362   125   654   376    60   649   956   208   311   194    20   756   123   578     5   216    76   727   697   485   511   669   148   707   311   465   749   722   161   902   794   767   500   118   660   338   760   879   455   279   703   179    46   200    97   969   514   439   260   596    85   145   458   151    72   491   679   248   512    26   584   413   898   562   810   936   693   884   975   327   560   249   711   488   926   355  
 638   732   539   819   369   723   939   732   305   315   235   726   995   609   901   188     1   108   656   934   406   553   247   402   782   605   970   936   647   974    94   993   388   442    20   505   270   614   947   240   441   742   411   274   975   655   843   546   623   549   133    49   787   447   506   828    46   759   121   243   135   677     3   780   488   237   549   129   299    98   297   893   900   774    33   891   953   355   220   316    95  
 927    71   553    30   825   467   320   591   885   677   946   321   973   824   562   658   387   298   821   505   656   236   212   808   872    88   731   382   984   315   398   913   359   891   119   652   148    48     6    18   571   600   660   349   996   903   558   686    13   235   827   201   767   658   897   125   611   943   964   848   717    90   856   632   545   925   223   849   403   834    70   282   930   904   750   831   508   404   493   307   154  
 816   963   325   936   268   544   414   645   592   737   305   928   646   838   715   247   771   211   892   109   851   693   963  1000   634   875   794   185    82    44   609   104   779   766   864   766   244   333   805   187   183   827   595   571   223   393   338   780    95   576   383   258   448   692   957    29   937   895    11   162   643   764   214   624   937   654   440   766    82   623   919   374   154   591   239   606    67   677   835   552   592  
 919   608   459   898   192   771   412   920    87   293   379   464   271   803   252     5   569   438   361   376   199    22   682   559   915   779   380   968   415   237   765   173   886   526   191   372   322   888   890    67   409   351   711   286   774    10    45   337   773   477   773   299   457   942   555    35   862   197    93   584    78    52   441   453   104    10   476   443   347   569   571   426   114   777   197   799   675   153   551     3   541  
 396   530   233   781   499   875   410   642   900   398   519   207   939   593    18   956   986   734   432   825   737   716   101   406   982   269   662   459   632   924   293   891   643   873   820   192   283   360   750   614   118   995   840   688   800   105   423   340   384   101   778   345   460   307   160   355   231   438    34   566   936   832   799   318   460   472   146   743     2   764   275   440   727   264   223   648   987   870   431   720   565  
 740   895   120   156   884   825   770   708    81   554   150    44   920    90    46   310   900   453   407   226   969   755   645   601   290   682   791   975   264   979   993   954   302    51   858   998   778   573    91   512   762   156   951   972   687   605   359   581   897    31   187   353   941   789   717   683   420   526   467   993   395   367    30   534   673    10     1   874   447   445   925   802   999   973   253   903   374   131   222   529   440  
 658    36    22   264   929   197    40   507    98   942   935   336   689    30   476   203   111   666   841   772   197   963   134   766   503   604   455   665   721   856   619   603   442   918   119   647   807   145   565   488   320   899   197    21   846     4   274    91   739   159   782   874   286   429   426   343   755   628   875   592   950   501   110   630   436   429   380   851   321   288   146   730    75   664   587   534   721   384   496   558    38  
 996   286   719   502   606   466   250   847   428   332   582   464   308   188   704   712   812   566   740   776   829    56   838   331   287    45   224   562   648   469   851   470   901   553    53   251   934   216   561   311   692   420   192   925   176   639   294   267   586   289   627   574   295   914   482   734   579   376   617   956   903   276   117   350   721   779    70   602   407   523   393   118   977   714   358   552   206   358    89     7   324  
 121   274   762   367   755   352   154    55    90   269   577   776    67   240   729   252    78   292    42   989   608   811   927     1   112   844   499   744   379   323   186   232   413   744   220   385    62   410   690   485   549   778   781   503   710   113    23   559   434   704   557   287   201   759   359   588   846   848   918   726    30   224    37   197   638   512   273   847   675   376   605   762   851   484   164   764   534   991    31    85   784  
 642   473   735   775   174   169   829   200   787   268   618   755   205   941   994    37   916   428   699   883   599   179   593   333   483   207   615   995   938   213   550   793   454   579   205   390   201   815   980    95   792   165   782    88   120   602   174    89   736   153   783   837   596   161   386   472   472     1   240   465   836   176   753   849   599   791   823    69   470   790   168   257   213   721   559   625   863   447   147   121   247  
 865   996   609   543   408   524   426   201   852   773   610   511   690   140   622    98   154   161   312   388   690   184   409   781   556   976   169   749   454   303   654   192   425   106   945   221   885   874   619   924   102   750   759   216   535   301   545   632   138   869   102   808   625   657   515     2   215   227   165   264   520   657   402   636   636    65   567   160   587   480    99   497    26   177   722   357    51   366   516   129   485  
  78   723   653   672    82   158   848   233   597   410   890    78   623   107   922   897   522   675   465    70   541   744   332   549   884   528   543   252   806   133   589   198    90    74   664   622   298   304    92    34   196   710   371   877   644   198   136   448   360   249   512   786   838   497   379   429   820   381   639   317   329   330   199   791   131   992   530   589   603   997   742   425   144   899   972   701   447   843   758   318   856  
  25    66   318   651   962   305   878   377   827   651   123   383   103   305   974   735   417   675   129   607   330   877   491   774   806   897    22   354   474   762   487   624    24   121   296   522   779   316    15   732   970   222    16   787   197    60    80   783   180   327   660     7   880   413   171   366   421   860   342  1000   852   368   173   740   778   662   627   795   719   590   938   731   772   616   966   721   101   267   873   236   664  
 471   594    64   667    61   211   501   242   851   518   626   745   341   888   146   435   781   722   339   227   349   268   766   770   922   445   203   693   797   577   181    31   959   391   623   899   255   915   274   214   950   213   808    50   170   142   508   906   741   677   806   396   793   617   470   256   412    20   722   417   997   350   652   561   958    49   106   779   391   100   992   451   588   349   315   830   123   530   699   438   638  
 681   546   959   758   687    79   149   255   878    86   859   236   431   598   266   798   464   429   224   740   994   429   713   717   415   156   188   788   391   411    85  1000   788   883   964   911   815   165   516   318   966   826   852   338   881   981   759   814   171   955   187   133   706   452   831   419   307   834   388   902   328   582   530   706   334   461   732   646   337   706   607   656    15    26   428   851   375   455   494   649   390  
 803   467   325   538   125   391   317    19   927   225   555   103     2   278   242   493   585    38   710   910   695   990   993   130   151   456   171   350   416    80   635   376   331   507   228   995   768   890   349   872   675   731   879    86   860    92   528   181   992   556   403   534   132   652   226   592   671   968   796   234   358   950   704   860   495   565   448   817   865   425   271   486   384   465   435   139   929   956   715   941   582  
 886   792   323   710   816   406   739   402   206   209   444   555   928   866   156   542   835   428   176   135   250   342   179   166   781    87   185   223   664   426   613   775   875   867   330   300   263   290    16   225   369   640   415    14   811   983   466   947   188   948   871   524   516   355   324    95   735   881   797   712     1   707   909   180   824   134   907   759   552   127   821   124   540    29   552   344   661   170   819   854   881  
 922   354   620   340   898   570   318   832   895     6   555   893   511   731   924   237   976   739    48   928   209   317   689   390   915   601   643   733   841   949   664   533   690    75   514   203   752   859   895   834   533   265   434    17   590   746   133    86   577   292   377   158   630   756   514   225   430   924   564   360   681   332   167   165   823   849   969   201   762   805   586   860   507   826    51   907   390   283   233   669   956  
 192   609   592   100   782   413   917   954   178   545   745   328   813   528   762   735   171   883   382   803   323   390   792   462   802   346   148   519   966   506   275   775   960    41   746   517   736   168    89   892   418   768   614   390   356   749   984   671   569   178   772   145   922    63   435   906   224   485   522   157   646   743   654   481   647   819   261   987   350   948   454   130    58   119   883   916   852   480   837   959   780  
 657   495   704   525   107   217   534   548   131   164     1   656   229   630    95   704   889   383   916   554   557   101   631   380   572   536   561   964   357   482   439   379   162   870   912   757   764   957   126   275   761   835   451   682   152   129   461   851   373   746   619   659   795   764   519   699   898   872    36   776   149    59   232   127   527   403   612   243   831   132   795    42    52   801   115   299   837   315   593   721   534  
 668   845   547   169   640   734   687   383   628   433   254   439   936   523   169   355   104   286   570   281   460   681   118   500   305   453   937   907   813   908   164   882   377   775   184   460    48    69   125   854   250   918   245   880   305   992   626   994   145   924   324   982   189   575   849   220   753   251    94   472   587   469   900   318   432   137    26    29   815   280   369   257   696   661   618   619   233   880   356   809   952  
 243   897   135   909    48   349   536    29   443   499   494   816   926   330   608   344   170   713   491   932    62   939   285   974   393    93   369   980   414   573   924   967   638    63   499   947   168   373   600   281   278    97   401   979    22   995   817   818   355   246   809   506   706   639   922    36   632   719   468   554   823   552   657   742   475    90   848   172   455   367   754   967   238   989   596   435   356   988   663   209   946  
 825   525   223   355   313   860   109   293   648   158   407   880   246    81   414   392   663    79   217   598    75   939   195   750   699   848   311   126    21   445   837    74   113   989   105   255   643   828   149   904   371   178   925   795   849   268   710   108   658   125   279   323   863   968   938   701   243   134   113   408   624   675   104    79    33   778   648   320   806   205   646   272   601   848    17   606   797   928   266   299   590  
 745   426   546   963   708   508   155   878   544   573   482   903   154    54   202   105   514   647    52   643   900   584   433   562   494   550   590   995   432   834   614    75   994   963   975   176   116     3   425    29   272   794   184   757   882   282   565   905   442   107   114   597   219   644     7   625   504   624   858    87   452   492   927   326   972   156   787   725   376   924   586   415   350   555   985   157   214   932   262   671   663  
 630   363   813   559   128   170   578   357    12   574   460   993   319   979   919   363   278   573   644   709   439   565   860   306   788   384    86   178   884   380    26   882   318   161   865   589   515   576   103   385   999   749   155   262   744   718   568   647     5   192   710   219   765   543   745   711   469   313   635   739   275   682    11   756   405   197   269   505   293     2   586   591   849   798   629   822   795   976   745   848   127  
 717   700   641   909   405   795   994   145   163   166   123   237   293   718   162   102   608   926   361   453   238    31   447   523   632   800   749   898   904   954   375   236   629    71   606   398   930   902   687    80   313    55   973   490   263   991   490    89   287   510   861   814    24    37   668   128   342   104   993   187   318   209   387   633   514    36   497   410   892   576    33   676   783    26   570   194   325   810   683   558   983  
 448   832   148   815   352   536   229   683   719   962   896   734   384   450   503   792   293   141   532   208   896   903   262     8   629   445   185   313   800   604    52   267   682   337   141   920   971   253   538   464   751   661   340   728   932   145   651   188   255   210    49   365   415   555   701   674   375   875   874   912   213   569   644   268   566   178   256   369   527   107   362   887   845   303   899   526   976   769    42   888   587  
 646   532   237   878   567   861   689   277   865   317   665   246   103   386   922   342   556    28   440   436   104    82   786   805   954    14   830   210   393   505   774   167   759   299    75   296   503   830    77    57   192   760   723   740   762   449   220   797   431   803   485    48   292   530   622   566   825   114   195   440     7   399   214   204    68     8   835   778    69   660   898   960   463   193   218   424   705   130   557   116   405  
 743   218   284   109   897   727   463   253   868   586   203   834   386   240   901     7    83   959   227   958   828   319   312   607    12    68   869   287   386   341   467   532   271   824   829   692   188   280   487   983   243   709   924   929   775   405   762   836    60   267   303   716   471   218    95   686   333   998   122   214   483   240   257   677   614   222   609   652   415   475   989   428   932    63   458   149   391   788   512   202   364  
 629   815   921   340   807   984   762   317   373   730   359   507   468   486   679   886   960   573   566   354    36   682   242   770   540    29  1000    34   902   702   580   271    36   991   744   804   765   341   993   390   510   867   499   218   116   278   583   802   915   730   408   740   797    50   257   639   453   946   157   124   254   173   667   520   883   452   889   178   680   126   587   664   357   533   654   820   447   889   861   101   233  
 670   790   115   847   232   918   409   689    39   496   513   159   306   507   145   832   573   818   276   556   654   550   742   809   839   642   644   639   987   183   851   222   807   649   236   910   406    25   606   739   983   824   511   368   436    33   419   973   629   229   332   940   490   717   753   194   577   467   207    89   676   660   470   994   525   466   534   368   785   739   234   594   371   983   192   566   555   428   388   652   848  
 342   171   642   875   555   552   315   289   910   557   201   881   470   397   885   231   963   716   339   411    51   217   929   523   653   901   150   651    53   721   826    54   981   445   614   462   337   635   235   527   731   722   558   166     1   109   967   380   562   818   748    64    42    69    77   301   840   843   803   388   111   568   591   256   116   665   557    11   990   173   571   943   641   553   733   159   245   475    26   208   613  
 420   986   267   995   136   784   649   186     5   886   408   970   854   967   522   490   934     7   273   582   549   481   225   266   461   596   672   126   937   606   912   221   718   766   402   448   651   682   725   573   413   560   379   583    84   261   383   516   370   746   255   225   375   430   565   614   421   398   927   678   525   185   671     9   848   334   237    71   339   778    83   693   541   654   910   620   313   712   423   961    87  
 116   953   696   342   990   511   549   135   387   825    40   528   771    71   113   247   447   965   753   582    17   335   505   604   939   682   987   705   828   970    19   740   994   337   607   298   587    63   298   714   581   989   817   717   496   499   929   115   159   754   846   322   684   149   788   356   921    39   273   763   709    73   757   703   962   873   176   551   138   246   545   834     6   640   480   919   626    47   430   657   376  
 393   698   701   250   432   192   535   586   713   369   687   163   646     1   520   204   207   286   368   404   608   837   737   147   447   161   941    31   234   204   473   942    47   524    55    62   506    12     5   535   754   910   419   641   591   607    59   639   546   780   273   398   248   537   857   961   259    54   112   945    90   373   968   302   643   103   970   248   195     1    22    19   454   851   779   629   735   607   964   710   646  
 124   224   428   599   778   596   589   579   558   139   477   522   289    11   254   211   726   649   613   452   282   910   316   560   421   724   598    38   681   424   821   824    20   716   831   345   365   536   264   539   119   940   700   276    47   201   907    92   213   245   517   948   380   455   594    14   201   134   272   932   106   973   848   958   229   225   850   639   169   609   717   281   219    25   255   695   978   494   178   624   553  
 377   328   537   195   570   537   943   274   610   557   883   601   437   873   604   506   569   186    39   975   944   704   729   148   366   756   126   785   586   485    75   330   668   464   210   158   886   347   441   759   480   403   134    78    63   243   813   557   270   766   569   101   552   596   845   278   821   310    25   190   721   895   357   716   769   297   671   719   292   410    11   660   589   726   863   553   781   820   506   739   356  
 474   101   807   915   281   159   756   221   338   199   191    85   726   748   899   116   975   452   181   547   239   204   283   675   849   332   118   148   602   345   196   663   840     2   772   569   433   169   168   781   276    22    38   644   233   615   149   413   316   311   676   835   305   291   465   156   918     4   188   766   645   105    41   745   543   340   713   380   426   191   888   957   336   108   667    56   311   397   612   773   901  
  51   223   875   689   711   374   357   422   128   194   626   998   621   968   654   313   646   835   767   667   443   360   338   662   583   822   475   841   236   409   629   367   744   627    50   438   265   656    95    73   207   592   820   302   886   888   847   591   784   772    95   962   710   547   325   303   271    56   718   162   466   911   927   892   671   460   275   795   825   498   430   164   662   796    76   780   104   571   347   942   445  
 159   198   728   658   344   548   623   852   636   753   860   144   523   347   126   662   669   387   394   200   308   736   287   490   816   665   348    93    38   132   384   896   277   961   987   330   634   794   278   293   826   388   687   809    19   116   241   850    31   693   999   211   844    43    15   894   545   529   369   554   906   587   285   942   335    23   901   439   146   505   464   118   262   939   274   961   670     5    97   171   977  
 150   153   107   271   565   541   399   638    13   271   683   759    48   901   973   938   270   218   933   805   191   663   920   505   344   792   504   693   403   644   904   123   969   475    12    40   344   603   320    92   403   875   541   396   317   270   166   412   449   159   873    24   249   794   483    88   298   956   591   156   889   843   126   764    67   398    77   938   860   363   621   500   912   337     2   714   222   845   304    37   626  
 661   127   672   208   952   369   396   361    85   177   283   957   961   355   976   236   104   299   859   219   180   321   450   680   567   650   544   506   822   288   480   832   436   998    78   286   528   440   259   278   310   783   494   105   883   665   756   625    57   213   264   991   870   698   729   477   619   774   510   352   683   299   135   528   317   519   189   815   667   949    93   475   840   132   947   490   479   781   922    94   495  
 324   999   267   671   769   264   460    42   935   805   407    74   579   232   472   339   360   652   407    31   160   109   401   979   593   572   699   257   755    50   326   316   481    43   617   282   393   555   523    48   536   345   272   242   196   443   239   257   508   159   468   745   525   973     8   333   245   188   991   711   627   780   635   652    91   121   314   470   715   901   949   760   374   901   153    49   345   508    12   881   181  
 172   358   634   546   211   943   495    46   261   278   352    41   959   967   515   475   814   332   533     4   688   660   486   358    97   800   808   673   441   744   744   645   333   765   172   860    38   849   347   319   559   192   576   830   913   542   238   890   854   537    19   334   881    77   810   886   808   528   541   552   650   921   627   621   886   530   571    98   114   271   281   256   887   570   747   532   857    23   203   420   243  
 726   716   977   979   870   257   607   345   901   730   359   240   411   192   165   488   575   666   417   493   623   112   241   785    28   439   687   721   220   433   765   838   743   480   497   774   471   319   320   952   321   378    12   122    92   713   841   961   931   216   360   347    59   112   620   406   118    73   348   671   927   519   664   783   829   145   113   723   734   550   233   766   974   127   608   408   326   802   178    17   440  
 349   500   811   181   714   977   544   839   982   974   624   621     9   866   201   795   765    85   824   679   819    43   974   423   432   653   456   213   112   284   238   890   386   343   537   233   626   292    72   252   115   263   712   660    15   429     8   763    73   276   476   615    53   800   907   872   868    27    34   879    15   795   516   612   961   310   726   163   965   853   266   162   740   298   787   996   794   803   309   796   719  
 879   646   947   693   195   513   422   139   629   221   838   381   665   713   754   919   177   799   364   145   940   556   163   144   189   679   660   104    90   174   503   863   925   698   951   268   362   847   442   435   354   834   782   408   553   569   999   985   833    56   673    34   187   393   320   352   583   135   222   766   187   656   143   991   491   678    54   620   628   648   573   464   547   471   240   564   595   378   190   630   453  
 388   997   392   963   620   183   755   418   373   743   455   781   573    22   325   620   322   587    37   111    29   153    97   290   315   801   321   550   143   340   298   885   758   394   346   168    39   328   978   398   423   635   737   858   817   791   288   815   973   845   924   210   748   781   115     1   675   461   946   285   863   502    98   115   200     6   765   694   315   518   898   423   796   736   166    31   985   745   111    79   920  
 988   596   154   281   586   436   340   157   388   794   416   636   206   188   697   819   903   172   478   444   192   900   511   821   629   900   758   345   890    77   454   131   820   631   510   116   117   178   104    63   530   428   443    20   966   171   528   990   141   528   255   482   778   947   233   455   217   419   813   240    30   332   382   732   864    32   967   565   457   281   555   791   225   533   113   586   692   854   950    10   902  
 149   403    81   978    28   351   460   620   360    27   268   461   205   251   243   243   354   430    34   849   869    58   819   479   465   451   983   758   188   440   486   664   489   367   822   519   528   310    57   493   585   474   279   150   181   493   366   422   410   392   656   161   723   217   577   765   654   999   415   610   147   249   430   851   255     8   214   781   411   353   763   243   904   834   677   742   424   101   681   652   359  
 112   283   196    36   237    17   492   128   182   549   566   999    53   989   486   730    69   712   894   378   317   841    27   338   822   764    20   828   571   145   815   539   161   367   326   880    62     7   961    75   907   429   724   316   355   969   530   499   344   245   707   443   877   285   685   293   992   900    12    55   774   766   863    12   183   166   932   262   675   890   148   715   643   229   151   977   249   710   820   203   128  
 965   914   711   832   271   731   368   556   134   442   367   842   956    79   673   438   361   717   781   350   365   665   717   817   398   472   314   968   215   592   916   301   568   117   505   393   756   835   982   181   533   788   171   396   506   449   717   908   950   530   574   305   250   261   949   522    72   583   655   821   337   354   102   381   244   104   765   631   339   279   443   798   495   915   640   737   222   714   442   859   349  
 589   312   905   592    74    64   895   174   771   597   272   641   143   824   103   507   778   723   130   117   461    98   362   826   218   369   746    52   102   705    10   929     9   419   793   103   129   419   123   172   138   721   557   891   838   310   446   232   290    63   620   433   986   929   874     6   259   131   327   445   685   260    50   946   358   204   433   340   273   354   291    93    12   715   418   912   878   159   854   716    97  
 217   591   680   183   702   382   107   528   904   313   650   441    81   425   102   445   993   759   366   471   728   391   524   876   794   502   196   595   183   124   187   266   448   259   657   519   125   201   548   366   937   571   981   102   533   728   516   949   171   848   284   754   133   522   980   121   207   396   800   926   725   377   900   126    45    97   930   450   750   608   893   677   862   518   486   885   839   204   355   438   344  
 499   814   102   486    97   995   360    25   596   763   913   100   344   485   225    52   742    99    42   510   876    71   932   928   548   319   449   671    82   649   180   241   130   315   239   368   221   739   575   948   262   697   105   193   775   762   507   179   611   103   179   601   387   809   643   162    78   137   192   811   780   154   964   862   653   506   538   180   955   472   233   630   426   565   664   103    41   116   597    25   257  
 919    73   196   670   199   317   687   395   100   673   367   218   407    68   403   863   861   601   471   330   584   801   256   823   605   849   684   323   517   729   503   319   778   584   933   842   524   730    91    89   364   959   178   355   448   582   480   535   803   266   582   992   374   329   912   327   855   112   372   642   226   854   117   176   825   917   858   185   992   589    89   624   920   850   471   603   733   876   846   979   211  
 259   457   745   213   214   166   287   651   168   835     6     4   451   736   920   193   243   643   484   186   432   226   915   555   136   180   656   564   152   501   193   940   465   947   616   364   392    12   238   824   604    25    25   246   606   815   792   958   832   423   766   821   598     4   353   647   228   336   622   934   608   517   823   989   696   310   575   341   467   292   310   811   462   729   808   189   170    18   981   163   766  
 134   687   311   585   619   232   509   823   976   102   442   844   475   591   282   389   367   648   357   218   624   976   930   763   495   436   837   264   245   532   733   719   950   804   624   502   749   368    29   410   723    45    61   536    48   554   699   991   662   237   919   314   157   433   107   623   855    53   202   575   971   153    91   406   176   750   289   768   289   257    98   936    98   646   121   350   583   931   797   119   191  
 489   954    75   608   268   991   930   303   588   112   231   768   742    75   995   635   646   325     4   521   192     2   452   454    69   224   987   748   831   503   529   681   714   147   545   135   343   965   808   934   456   183   650   279   869    11   431     8   107     8   971   951   882   258   180   859   372   941   156   172   243   234   772   626   894    41   894   649   295   553   393   577   352   210   996   458   599    29   320   997   341  
 419   537   887   759   880   282   533   588   880   538    88   809    38    57   358   388   775   614   681   249   759    57   654   761   723   466   746   415   903   157   983   851   709   124   531   166   269   939   405    86   796   937   183   436   803   454   880   155   265    94   764   736   557   699   967   950   899    53    48   930   969    19   185    39   457   605     3   483   426    96   139    53   666   179   227   431   978   232   129   788   694  
 296   887   109   442   643    41    51   378   390    10    69   193   233   829   711   261    43   621   420   765   942   247   596   256   732   799   792   609   575   311    22   782   887    88   846   986   882   142   812   325   927   249   171   766   476   994    52   831   262   943   195    16   627   305   423   998   828   543   766    19   484   800   501    48   562   935   312   676   677   530   610   934   411   322   367   583   696   185   526   853   577  
 452   253   959   825   673   437   732   212   799   672   285   755   205   284   731   919   825   262   297   479   136   315   991   794   778   668   868   876   456    73   201   427   356   431   537   636    29   555    59   170   400   358   442   337   344   724   624   467   497   143   882   630   118   958    49   907   373   793   938    40   303   667   104   217   950   203    64   596   266   138   888   797   720   617   425   223   222   632   465   915   808  
 173   935   527   906    77   151   866   690   797   727   798   688   121   182   441   645    99   678   294   557   332   743   638   448   723   817   275    23   657   517   200   581   146   497   696   203   826    62   941   170   286   522    63   703    91   540   234   420   105   849   450    20    82   501    93   459   688   396   756   716   885   546    47   772   805   286   495   352    98   178   452   895   292   101   648   396    55   658   509    17   265  
 684   662   510   515   158   504   374   749    20    61   342   582   136   164   552   274   724   130   783   674   607   266   763   711   903   407   946   255   219   158    68   564   567   267   351   748   704   510   741   730   347   297   213   772   398   519   398   816   772   514   670   516   195   225   279   215   237   377   431   814   599   612   362    94   369   423   795   937   844   286   496   399   444   559   281    92   644   795   963   934   826  
 665   797   483   995    30   483    61   583   440   154   454   662   649   144    36   847   833   894   362   608   579   463   776   364   582   876   348   910    85   178   219   109   901   899   873   611   953   174   152   226   133   751   874   531   468   691    20    75   605   690   520   202   402    17   523   232   743   445   102   592    85   292   716   858   371   876   218   658   111   349   474   254   703   685    52   689   810   244   658   622   330  
 540   736   428   398   965   239   881    42   834    75   692   736   276   798    20   807   748   750   363   288   359   856   279    96   597   693   720   306   765   690   854   798   493   736   806   995   269   852   143   548   946   903   619   959   822   660   741    73   122   596   260   195   393   539   306   616   896   897   211   395   410   453   215   955   949   251   973   140   398   526   196   187   138   360   669   442   270   695   141   831   369  
 982   350   762   654   709   518   125   906   767   848   816   267   785   564   885   857   302   622   633   688   910   795   836    73   589   726   681    22   162   627   867   832   624   953   852   274   622   438   431   505    93   278   764   680    21   860   826   884   462   135   143   402   351   628   526   597   900   300   100   388   196   504    30   599   251   633   414   547   514   848   946   291    48   245   319   777   732   840   632   396   760  
 298   518   357   652   298   210   530   869   279    86   156   444   253    85   710   513   545   666   525   437   332   916   775    48   460   468   186   925   405   721   607   780   848   254   351   839   987   732   397   720   361   690   340    91   369   608   144   692   245   385   579   350   772   487   981   633   457   498   826   539   375   521   128   911   342     2   108   530   425   237   265   137   775   768   961   685   954   963   355   433   491  
 388   520   765   907   733   741   987   218   874   428   619   518   608   231   448   438   172   792   290   794   386   534   890   755   666   831   868   480   551   585   223     2   357   351   164   963   496   654   375   661   435   432   437   184   879   833   738   176    72   599   940   994   849   852    47   521   814   545   971    19   169   262   566   249   959   799   509   236     7   636   565   756   167    32   412   142   584   802    59   353   180  

   0    17    17    17    17    17    17    17    13    22    17    17    27    19    21    13    19    17    19    20    17    17    17    15    21    17    21    21    14    20    18    13    15    17    17    17    19    14    18    17    17    17    17    21    17    17    14    17    14    17    13    14    17    13    17    24    17    20    17    14    17    17    19    17    20    17    17    17    17    17    19    17    27    17    15    21    17    17    17    17    17  
   0     0    17    17    17    17    17    17    17    17    17    17    17    17    17    17    17    17    17    17    17    17    17    17    17    17    17    17    17    17    17    17    17    17    17    17    17    17    17    17    17    17    17    17    17    17    17    17    17    17    17    17    17    17    17    17    17    17    17    17    17    17    17    17    17    17    17    17    17    17    17    17    17    17    17    17    17    17    17    17    17  
   0     0     0    17    17    17    22    17    17    22    17    10    17    17    17    17    17    17    17    17    17    17    17    15    17    17    17    17    17    24    17    17    17    19    12    17    17    24    17    17    24    17    17    17    17    17    17    15    17    17    17    17    17    17    22    17    17    17    17    17    12    10    10    19    17    17    17    17    17    17    10    22    17    24    15    19    17    17    17    10    14  
   0     0     0     0    17    26    17    17    17    17    26    25    18    17    29    17    16    17    17    22    17    17    17    17    16    23    17    17    21    17    14    16     8    17    18    16    11    13    17    17    17    13    17    18    18    16    17    17    17    22    23    17    17    17    18    17    17    17     7    11    21    17    17    18    20    18    23    16    18    17    17     9    10    17    17    16    16    17    17    17    17  
   0     0     0     0     0    11    21    17    16    17    21    17    17    17    17    12    17    15    17    17    18    23    17    21    17    17    13    17    13    27    11    17    17    17    17    23    11    17    17    17    17    17    24    23    18    17    11    17    23    11    17    17    21    11    11    18    17    18    17    18    16    17    17    17    17    17    17    23    22    13    17    19    17    17    17    17    17    21    13    21    11  
   0     0     0     0     0     0    17    17    17     9     8    17    17    11    17    17    25    11    17    17    17    23    17    25    23    17    17    25    17    23     3    17    26    23    17    23    11    17    17    17    17     9    23    23    17    17    11     9    23    11    17    17    25    19    11    19    17    17    26    25    17    23    17    17    25     9    17    23    23    17    23    31    17    17    17    17    17     9    17    17     3  
   0     0     0     0     0     0     0    17    17    12    13    22    17    17    17    21    17    13    17    17    17    17    17    13    17    17    21    17    21    13    17    17    17    17    22    17    17    17    17    17    17    17    17    17    17    17    17    17    17    17    17    17    13    17    12    17    17    17    17    17    17    17    22    17    17    17    17    17    17    21    17    16    17    17    17    17    17    13    21    13    22  
   0     0     0     0     0     0     0     0    17    17    18    20    17    17    12     8    17    18    20    16    17    25    20    17    18    17    26    17    22    17    17    17    14    17    16    20    12    17    17    21    17    16    17    17    16    17    17    20    18    17    14    17    17    17    17     9    14    17    18    22    18    17    17    14    22    17    17    17    16    17    17    17    20    17    16    13    23    17    18    17    17  
   0     0     0     0     0     0     0     0     0    17    17    18    16    17    22    12    12    23    17    17    18    17    17    17    22    18    21    21    11    23    18    14    17    17    18    16    16    11    11    17    17    16    26    20    17    16    17    17    23    17     8    23    17     7    18    22    11    18    16    19    16    17    11    24    16    18    18    18    15    17    23    10    23    17    17    20    16    23    17    17    17  
   0     0     0     0     0     0     0     0     0     0    17    22    17    15    17    14    23    17    15    18    17    17    17    30    20    17    17    25    20    17    11    17    19    17    22    21    15    20    16    14    17     9    17    17    17    14    23     9    20    17    20    20    25    25    12    25    17    14    17    28    14    14    20    17    22     9    17    17    17    17    18    20    17    17    19    17    20     6    17    17    11  
   0     0     0     0     0     0     0     0     0     0     0    17    17    28    17    31    17    12    17     9    17    15    17    13    16    17    20    17    21    13    17    17    26    17    27    19    17    17     0    16    17    16    26    26    28    17     8    17     7    17    17    17    22    26    26    17     8    17    25     8    16    27    26    15    17    17    17    17    16    21     8    21    17    15    18    20    18    11    20     5    17  
   0     0     0     0     0     0     0     0     0     0     0     0    17    17     9    20    17    17    14    17    17    14    14    15    20    10    14    27    17    27    16    17    20    21    11    14    24     7    17    14     7    15     6    27    17    18    17     2    17    17    19    17    17    17    21    20    23     7    15    23    19    17    13    21    18    16    20    17    17    17    17    30    21    17    15    23    18    17    19    27    17  
   0     0     0     0     0     0     0     0     0     0     0     0     0    17    17    17    18    17    17    17    17    17    17    17    18    18    17    17    17    17    17    18    17    17    17    17    16    17    17    17    17    16    18    16    16    17    17    17    17    17    17    17    17    17    17    17    17    17    17    17    17    17    17    17    17    17    18    18    16    17    17    17     7    17    17    17    17    17    17    17    17  
   0     0     0     0     0     0     0     0     0     0     0     0     0     0    17     8    15    17    15    26    17    19    17    19    23    17    17    17    17    17    19    17    19    23     8    15    15    17    28    17    17    19     8     8    15    17    26    17    26    17    17    17     8     8     8    11    26    17    17    26    17    21     6    19    17    17    17    17    19    17    30    17    17    19    19    15    15    19    17    17    17  
   0     0     0     0     0     0     0     0     0     0     0     0     0     0     0    16    17    17    17    17    17    22    17    17    13    10    18    13    18    17    20    21    17    17    16    18    19    21    17    17    17    17    16    13    17    18    17    17    17    17    20    17    17    21    16     8    17    17    18    28    13    17    17    16    19    16    10    17    17    17    17    25    24    17    17    14    23    17    17    17    17  
   0     0     0     0     0     0     0     0     0     0     0     0     0     0     0     0    17    22    20    25    18    25    20    24    25    17    26    21    18    24    20    13    14    17     7    20    12    17    26    18    17    16     9    12    17    14    29    20    27    17    13    17    12     4     8    17    23    18    18    32    14    14     8    14    22    17    17    17    15    13    29    13    20    17    16    17    26    18    14    21    14  
   0     0     0     0     0     0     0     0     0     0     0     0     0     0     0     0     0    23    15    17    17    17    17    11    16    16    17     9    11    23    27    16    19    17    17    17    16    11    13    17    17    26    22    18    18    17    17    25    23    17    11    23     9     3    17     9    11    17    17     9    17    17     9    23     9    25    16    16    18    17    21     3    23    17    19    17    17    31    17    17    25  
   0     0     0     0     0     0     0     0     0     0     0     0     0     0     0     0     0     0    17    18    17    23    13     9    16    13    20    17    27    13    11    17    17    17    14    23    11    23    23    16    17    18    17    23    18    17     7    17    16    15    23    11    13    17    11    17    27    17    16    17    16    17    23    11    17    17    17    23    28    21    11    37    15    17    14    18    20     7    20    13    11  
   0     0     0     0     0     0     0     0     0     0     0     0     0     0     0     0     0     0     0    17    17    14     6    19    17    17    14    17    17    17    19    17    22    17    25    14    15    17    19    14    17    17    17    17    17    17    17    14     9    17    20    17    17    17    17    20    20    17    17    17    17    17    15    20    17    17    17    17     9    17    15    17    14    17    19    20    25    17    17    17    25  
   0     0     0     0     0     0     0     0     0     0     0     0     0     0     0     0     0     0     0     0    17    17    17    17    18    17    18    17    20    14    14    17    17    17    25    13    17    20     5    18    17    21    26    26    16    17    11    17    12    12    12    20    26    26    26    14     8    14    18    11    18    17    26    17    14    17    17    17    16    17     8    17    17    17    16    16    18    17    18    17    17  
   0     0     0     0     0     0     0     0     0     0     0     0     0     0     0     0     0     0     0     0     0    17    17    17    17    17    17    17    17    17    17    17    17    17    17    17    17    17    17    17    17    17    16    17    16    17    17    17    17    17    17    17    17    17    17    16    17    16    17    16    18    17    17    17    17    17    17    17    18    17    17    17    17    17    17    17    17    17    17    17    17  
   0     0     0     0     0     0     0     0     0     0     0     0     0     0     0     0     0     0     0     0     0     0    14    17    17    17     9    17    12    11    23    17    20    17    17    10    28    17    17    14    17    15    11    11    19    17    23    14    11    23    20    17    17    25    23    25    20    17    17    12    17    19    17    18    12    17    15    11     9    17    17    11    14    15    17    22    14    15    17    17    23  
   0     0     0     0     0     0     0     0     0     0     0     0     0     0     0     0     0     0     0     0     0     0     0    13    17    13    14    17    17    17    17    17    20    17    21    14    17    17    17    14    17    17    17    17    17    17    13    14     9    21    20    17    17    17    17    20    24    17    17    17    17    17    17    20    17    17    17    17    13    17    17    21    18    17    13    20    29    17    17    17    25  
   0     0     0     0     0     0     0     0     0     0     0     0     0     0     0     0     0     0     0     0     0     0     0     0    14    13    21     9    21    16    20    17    15    19    13    11    19    17    21    20    17    25    17    17    17    20    10    23    17    21    14    17     5     9    17     6    21    17    17     9    22    20    17    19     9    25    17    17    21    21    16    11    21    17     9    19    18    24    21    13    30  
   0     0     0     0     0     0     0     0     0     0     0     0     0     0     0     0     0     0     0     0     0     0     0     0     0    16    12    13    17    14    14    20    17    11    18    25    18    17    17    19    17    19    16    14    19    15    14    17    16    17    18    17    17    21    17    16    14    17    11    17    19    14    14    17    17    17    16    16    19    22     8    17    17    17    18    14    13    20    16    17    20  
   0     0     0     0     0     0     0     0     0     0     0     0     0     0     0     0     0     0     0     0     0     0     0     0     0     0    17    17    17    17    17    16    17    17    13    17    25    17    17    17    17    18    16    18    18    17    13    17    17    21    17    17    17    17    17    17    21    17    17    24    17    17    17    17    17    17     9    16    22    17    17    28    28    17    13    17    21    17    17    17    17  
   0     0     0     0     0     0     0     0     0     0     0     0     0     0     0     0     0     0     0     0     0     0     0     0     0     0     0    13     8    21    17    21    20    17    18    14    22    17    17    13    17    18    17    13    18    17    17    14    16    17    24    17    21    21    17    21    20    17    16    12    16    17    17    20    12    17    17    17    18    13    17    13    14    17    18    17    11    21    12    21    17  
   0     0     0     0     0     0     0     0     0     0     0     0     0     0     0     0     0     0     0     0     0     0     0     0     0     0     0     0    17     7    25    21    17    17    18    17    17    27    17    17    27    24    28     3    17    17    17    35    17    17    21    17     9    13    17     5    17    27    17     9    17    17    17    17     9    25     7    18    17    17    17     9    17    17    17    13    17    25    17     7    25  
   0     0     0     0     0     0     0     0     0     0     0     0     0     0     0     0     0     0     0     0     0     0     0     0     0     0     0     0     0    30    28    17    17    17    17    17    22    12    14    17    17    17    23    17    17    17    14    17    20    17    11    20    21    11    17    25    11    20    17     9    13    17    11    23    11    17    17    17    17    13    23     3    23    17    17    17    12    27    13    21    17  
   0     0     0     0     0     0     0     0     0     0     0     0     0     0     0     0     0     0     0     0     0     0     0     0     0     0     0     0     0     0    17    17    17    17    17    17    23    29    14    20    20    17    15     1    17    20    23    27     8    23    20    14    13    29    23    11    23    24    17    20    27    27    23    11    14    17     7    11    11    21    15    27    11    10    17    17    14    10    21    10    26  
   0     0     0     0     0     0     0     0     0     0     0     0     0     0     0     0     0     0     0     0     0     0     0     0     0     0     0     0     0     0     0    17    15    17    16    24    13    16    12    20    17     9    22    23    17    21    11     9    26    11    13    20    25    19    10    19    17    14    18    27    24    20    19    16    27     8    17    23    23    17    16    36    17    17    15    18    15    12    17    17     6  
   0     0     0     0     0     0     0     0     0     0     0     0     0     0     0     0     0     0     0     0     0     0     0     0     0     0     0     0     0     0     0     0    17    17    17    17    18    17    17    17    17    18    16    22    18    17    17    17    17    17    13    17    17    13    17    21    17    17    17    17    17    17    17    17    17    17    16    16    18    17    17    17    17    17    17    21    17    17    17    17    17  
   0     0     0     0     0     0     0     0     0     0     0     0     0     0     0     0     0     0     0     0     0     0     0     0     0     0     0     0     0     0     0     0     0    17    17    20    19    17    15    20    17    17    17    17    17    17    17    20    17    17    14    17    17    17    17    14    14    17     8    17    17    17    19    14    17    17    17    17    17    17    19    17    20    17    15    14    17    17    17    17    17  
   0     0     0     0     0     0     0     0     0     0     0     0     0     0     0     0     0     0     0     0     0     0     0     0     0     0     0     0     0     0     0     0     0     0    17    15    17    17    17    17    17    19    17    17    17    17    17    19    17    17    17    17    17    17    17    23    17    17    17    17    15    11    19    15    17    17    17    17    17    17    11    17    17    17    19    15    17    17    15    17    15  
   0     0     0     0     0     0     0     0     0     0     0     0     0     0     0     0     0     0     0     0     0     0     0     0     0     0     0     0     0     0     0     0     0     0     0    18    17    17    26    18    17    17     6     8    16    18    22    17    35    21    16    17     8     8    12    17    30    17    19    25    18    17     3    16    18    16    17    16    28    17    26    27    21    17    12    17    15    17    18    17     4  
   0     0     0     0     0     0     0     0     0     0     0     0     0     0     0     0     0     0     0     0     0     0     0     0     0     0     0     0     0     0     0     0     0     0     0     0    23    17    23    14    17    21    12    11    15    21    23    14    11    23    21    17    17    23    24    20    23    17    21    18    17    15    20    23    16    18    17    11    13    12    17     4    14    19    17    17    14    19    15    17    23  
   0     0     0     0     0     0     0     0     0     0     0     0     0     0     0     0     0     0     0     0     0     0     0     0     0     0     0     0     0     0     0     0     0     0     0     0     0    17    19    17    17    16    24    22    16    17    11    17    23    11    17    17    17    11    11    12    17    17    17    15    17    17    15    17    22    17    25    24    22    17    15    16    10    17    19    17    22    17    17    17    11  
   0     0     0     0     0     0     0     0     0     0     0     0     0     0     0     0     0     0     0     0     0     0     0     0     0     0     0     0     0     0     0     0     0     0     0     0     0     0    14    17     0    17    13    27    17    17    14     7    20    17    11    20    17    11    17    20    11    10    17    14    28    24    11    23    24    17    27    17    17    17    30    11    23    10    17    17    17    23    17    34    17  
   0     0     0     0     0     0     0     0     0     0     0     0     0     0     0     0     0     0     0     0     0     0     0     0     0     0     0     0     0     0     0     0     0     0     0     0     0     0     0    17    17    17    32    26    25    17    11    17    17    17    11    26    26    20    26    14     2    14    17    11    17    25    22    23    14    17    17    17    17    17    16    17    23    17    15    17    17    23    17     9    17  
   0     0     0     0     0     0     0     0     0     0     0     0     0     0     0     0     0     0     0     0     0     0     0     0     0     0     0     0     0     0     0     0     0     0     0     0     0     0     0     0    17    18    17    17    18    14    20    14    16    17    23    17    17    17    17    23    20    17    16    17    13    14    17    20    17    17    17    21    18    17    20    17    14    17    18    21    15    14    16    17    14  
   0     0     0     0     0     0     0     0     0     0     0     0     0     0     0     0     0     0     0     0     0     0     0     0     0     0     0     0     0     0     0     0     0     0     0     0     0     0     0     0     0    17     7    27    17    17    17     7    17    17    17    17    17    17    17    17    17     7    17    17    24    24    17    17    17    17    27    17    17    17    24    17    17    10    17    17    17    17    17    34    17  
   0     0     0     0     0     0     0     0     0     0     0     0     0     0     0     0     0     0     0     0     0     0     0     0     0     0     0     0     0     0     0     0     0     0     0     0     0     0     0     0     0     0    19    16    17    17    17     9    18    22    22    17    25    25    17    25    17    17    18    25    18    19    17    15    25     9    18    19    13    17    17    25    17    15    16    18    20     7    20    17     9  
   0     0     0     0     0     0     0     0     0     0     0     0     0     0     0     0     0     0     0     0     0     0     0     0     0     0     0     0     0     0     0     0     0     0     0     0     0     0     0     0     0     0     0    13    17    18    32     7    14    23    22    11     8    20    13    16    32     6    18    24    18    17    14    10    18    16    26     9    13    17    20    18    11    17    17    18    18    11    17    27    23  
   0     0     0     0     0     0     0     0     0     0     0     0     0     0     0     0     0     0     0     0     0     0     0     0     0     0     0     0     0     0     0     0     0     0     0     0     0     0     0     0     0     0     0     0    16    17    32    27    20    23    21    17     8    18    14    13    26    27    17    26    17    17     8    17    17    17     8    12    10    17    26    11    17    17    17    13    17    17    17     7    23  
   0     0     0     0     0     0     0     0     0     0     0     0     0     0     0     0     0     0     0     0     0     0     0     0     0     0     0     0     0     0     0     0     0     0     0     0     0     0     0     0     0     0     0     0     0    17    17    17    18    17    17    17    17    17    17    16    17    16    18    16    19     7    17    19    17    17    18    18    18    17    17    17    17    19    16    14    16    19    18    25    17  
   0     0     0     0     0     0     0     0     0     0     0     0     0     0     0     0     0     0     0     0     0     0     0     0     0     0     0     0     0     0     0     0     0     0     0     0     0     0     0     0     0     0     0     0     0     0    20    17    17    17    21    17    17    17    18    20    17    17    11    18    14    14    17    18    16    18    17    17    17    22    20    16    17    17    17    16    19    14    17    17    14  
   0     0     0     0     0     0     0     0     0     0     0     0     0     0     0     0     0     0     0     0     0     0     0     0     0     0     0     0     0     0     0     0     0     0     0     0     0     0     0     0     0     0     0     0     0     0     0    17    11    15    14    14    26    20    20    17    12    20    17     5    20    20    26    17    20    17    17    23    27    17     5    27    21    17    13    17    18    20    17    17    14  
   0     0     0     0     0     0     0     0     0     0     0     0     0     0     0     0     0     0     0     0     0     0     0     0     0     0     0     0     0     0     0     0     0     0     0     0     0     0     0     0     0     0     0     0     0     0     0     0    17    17    20    17    25    25    17    28    20     7    17    25    19    17    15    22    25     9    27    17    17    17    17    25    14    17    15    22    17     9    17    27    11  
   0     0     0     0     0     0     0     0     0     0     0     0     0     0     0     0     0     0     0     0     0     0     0     0     0     0     0     0     0     0     0     0     0     0     0     0     0     0     0     0     0     0     0     0     0     0     0     0     0    23    23     8    26    38    32    20    14    20    16     5    16    17    32    11    20    17    17    11     4    17     2    17    11    17    18    18    24    11    16    17    31  
   0     0     0     0     0     0     0     0     0     0     0     0     0     0     0     0     0     0     0     0     0     0     0     0     0     0     0     0     0     0     0     0     0     0     0     0     0     0     0     0     0     0     0     0     0     0     0     0     0     0    12    17    17    11    11    17    13    17    17    17    17    17    17    17    17    17    17    23    19    17    17    19    13    17    21    17    13    17    17    17    11  
   0     0     0     0     0     0     0     0     0     0     0     0     0     0     0     0     0     0     0     0     0     0     0     0     0     0     0     0     0     0     0     0     0     0     0     0     0     0     0     0     0     0     0     0     0     0     0     0     0     0     0    23    17     7    16    15     8    17    18    16    20    20    11    19    18    16    17    17    17    17    20    12    26    17    17    19    15    26    17    17    20  
   0     0     0     0     0     0     0     0     0     0     0     0     0     0     0     0     0     0     0     0     0     0     0     0     0     0     0     0     0     0     0     0     0     0     0     0     0     0     0     0     0     0     0     0     0     0     0     0     0     0     0     0    17    23    17    20    23    20    17    14    17    17    23    11    20    17    17    17    17    17    11    23    11    17    17    17    17    11    17    17    17  
   0     0     0     0     0     0     0     0     0     0     0     0     0     0     0     0     0     0     0     0     0     0     0     0     0     0     0     0     0     0     0     0     0     0     0     0     0     0     0     0     0     0     0     0     0     0     0     0     0     0     0     0     0     0     8     9    26    17    17    18    17    17     8    17     9    25    17    17    17    21    26    13    17    17    17    17    17    21    21    13    25  
   0     0     0     0     0     0     0     0     0     0     0     0     0     0     0     0     0     0     0     0     0     0     0     0     0     0     0     0     0     0     0     0     0     0     0     0     0     0     0     0     0     0     0     0     0     0     0     0     0     0     0     0     0     0     2    13    20    17    17    18    17    17     2    23     9    25    19    23    23    17    32     9    23    17    17    21    17    31    17    17    19  
   0     0     0     0     0     0     0     0     0     0     0     0     0     0     0     0     0     0     0     0     0     0     0     0     0     0     0     0     0     0     0     0     0     0     0     0     0     0     0     0     0     0     0     0     0     0     0     0     0     0     0     0     0     0     0    17    26    17    18    25    17    17    13    16    18    16    17    23    23    17    26    19    17    17    17    18    18    17    17    17    16  
   0     0     0     0     0     0     0     0     0     0     0     0     0     0     0     0     0     0     0     0     0     0     0     0     0     0     0     0     0     0     0     0     0     0     0     0     0     0     0     0     0     0     0     0     0     0     0     0     0     0     0     0     0     0     0     0    14    13    17    16    21    26    17    14    11    25    17    17    18    17    20     9    20    17    17    10    19    28    17    17    28  
   0     0     0     0     0     0     0     0     0     0     0     0     0     0     0     0     0     0     0     0     0     0     0     0     0     0     0     0     0     0     0     0     0     0     0     0     0     0     0     0     0     0     0     0     0     0     0     0     0     0     0     0     0     0     0     0     0    17    17     8    17    17    17    20    17    17    17    17    13    17    14     7    22    17    21    14    13    23    17    17    17  
   0     0     0     0     0     0     0     0     0     0     0     0     0     0     0     0     0     0     0     0     0     0     0     0     0     0     0     0     0     0     0     0     0     0     0     0     0     0     0     0     0     0     0     0     0     0     0     0     0     0     0     0     0     0     0     0     0     0    17    19    18    17    17    17    14    17    27    17    18    17    17    17    17    17    17    17    17    17    17    27    17  
   0     0     0     0     0     0     0     0     0     0     0     0     0     0     0     0     0     0     0     0     0     0     0     0     0     0     0     0     0     0     0     0     0     0     0     0     0     0     0     0     0     0     0     0     0     0     0     0     0     0     0     0     0     0     0     0     0     0     0    18    16    17    17    18    16    18    17    17    18    22    17    16    17    17    18    17    15    17    16    17    20  
   0     0     0     0     0     0     0     0     0     0     0     0     0     0     0     0     0     0     0     0     0     0     0     0     0     0     0     0     0     0     0     0     0     0     0     0     0     0     0     0     0     0     0     0     0     0     0     0     0     0     0     0     0     0     0     0     0     0     0     0    18    17    26    16     8    24    24    17    18    17     8     3    10    17    17    18    13    25    17    17    25  
   0     0     0     0     0     0     0     0     0     0     0     0     0     0     0     0     0     0     0     0     0     0     0     0     0     0     0     0     0     0     0     0     0     0     0     0     0     0     0     0     0     0     0     0     0     0     0     0     0     0     0     0     0     0     0     0     0     0     0     0     0     7    19    15    13    17    17    17    17    17    13    17    17    24    20    16    19    14    16    10    12  
   0     0     0     0     0     0     0     0     0     0     0     0     0     0     0     0     0     0     0     0     0     0     0     0     0     0     0     0     0     0     0     0     0     0     0     0     0     0     0     0     0     0     0     0     0     0     0     0     0     0     0     0     0     0     0     0     0     0     0     0     0     0    17    19    17    17    17    17    19    17     7    17    17    26    17    15    18    16    17    18    14  
   0     0     0     0     0     0     0     0     0     0     0     0     0     0     0     0     0     0     0     0     0     0     0     0     0     0     0     0     0     0     0     0     0     0     0     0     0     0     0     0     0     0     0     0     0     0     0     0     0     0     0     0     0     0     0     0     0     0     0     0     0     0     0    25    17    17    17    17    17    17    30    16    23    17    17    19    17    23    17    17    14  
   0     0     0     0     0     0     0     0     0     0     0     0     0     0     0     0     0     0     0     0     0     0     0     0     0     0     0     0     0     0     0     0     0     0     0     0     0     0     0     0     0     0     0     0     0     0     0     0     0     0     0     0     0     0     0     0     0     0     0     0     0     0     0     0    18    16    17    17    15    17     2    33    14    15    19    15    20     9    17    17    15  
   0     0     0     0     0     0     0     0     0     0     0     0     0     0     0     0     0     0     0     0     0     0     0     0     0     0     0     0     0     0     0     0     0     0     0     0     0     0     0     0     0     0     0     0     0     0     0     0     0     0     0     0     0     0     0     0     0     0     0     0     0     0     0     0     0    26    17    17    17    17    17     8    17    17    17    16    11    25    17    17    25  
   0     0     0     0     0     0     0     0     0     0     0     0     0     0     0     0     0     0     0     0     0     0     0     0     0     0     0     0     0     0     0     0     0     0     0     0     0     0     0     0     0     0     0     0     0     0     0     0     0     0     0     0     0     0     0     0     0     0     0     0     0     0     0     0     0     0    17    17    17    17    17    26    17    17    17    18    18     9    17    17     9  
   0     0     0     0     0     0     0     0     0     0     0     0     0     0     0     0     0     0     0     0     0     0     0     0     0     0     0     0     0     0     0     0     0     0     0     0     0     0     0     0     0     0     0     0     0     0     0     0     0     0     0     0     0     0     0     0     0     0     0     0     0     0     0     0     0     0     0    16    18    17    17    24    24    17    17    17    17    17    17     7    17  
   0     0     0     0     0     0     0     0     0     0     0     0     0     0     0     0     0     0     0     0     0     0     0     0     0     0     0     0     0     0     0     0     0     0     0     0     0     0     0     0     0     0     0     0     0     0     0     0     0     0     0     0     0     0     0     0     0     0     0     0     0     0     0     0     0     0     0     0    12    17    17    11    17    17    17    17    21    17    17    17    23  
   0     0     0     0     0     0     0     0     0     0     0     0     0     0     0     0     0     0     0     0     0     0     0     0     0     0     0     0     0     0     0     0     0     0     0     0     0     0     0     0     0     0     0     0     0     0     0     0     0     0     0     0     0     0     0     0     0     0     0     0     0     0     0     0     0     0     0     0     0    17    17     7    13    15    20    18    24    15    18    17    31  
   0     0     0     0     0     0     0     0     0     0     0     0     0     0     0     0     0     0     0     0     0     0     0     0     0     0     0     0     0     0     0     0     0     0     0     0     0     0     0     0     0     0     0     0     0     0     0     0     0     0     0     0     0     0     0     0     0     0     0     0     0     0     0     0     0     0     0     0     0     0    17    13    17    17    17    17    17    21    13    21    17  
   0     0     0     0     0     0     0     0     0     0     0     0     0     0     0     0     0     0     0     0     0     0     0     0     0     0     0     0     0     0     0     0     0     0     0     0     0     0     0     0     0     0     0     0     0     0     0     0     0     0     0     0     0     0     0     0     0     0     0     0     0     0     0     0     0     0     0     0     0     0     0    32    11    24    19    17    14    14    17    10    20  
   0     0     0     0     0     0     0     0     0     0     0     0     0     0     0     0     0     0     0     0     0     0     0     0     0     0     0     0     0     0     0     0     0     0     0     0     0     0     0     0     0     0     0     0     0     0     0     0     0     0     0     0     0     0     0     0     0     0     0     0     0     0     0     0     0     0     0     0     0     0     0     0    12    17    21    16    12    35    13    21    36  
   0     0     0     0     0     0     0     0     0     0     0     0     0     0     0     0     0     0     0     0     0     0     0     0     0     0     0     0     0     0     0     0     0     0     0     0     0     0     0     0     0     0     0     0     0     0     0     0     0     0     0     0     0     0     0     0     0     0     0     0     0     0     0     0     0     0     0     0     0     0     0     0     0    17    21    20    13    11    17    17    17  
   0     0     0     0     0     0     0     0     0     0     0     0     0     0     0     0     0     0     0     0     0     0     0     0     0     0     0     0     0     0     0     0     0     0     0     0     0     0     0     0     0     0     0     0     0     0     0     0     0     0     0     0     0     0     0     0     0     0     0     0     0     0     0     0     0     0     0     0     0     0     0     0     0     0    17    19    19    15    17    24    17  
   0     0     0     0     0     0     0     0     0     0     0     0     0     0     0     0     0     0     0     0     0     0     0     0     0     0     0     0     0     0     0     0     0     0     0     0     0     0     0     0     0     0     0     0     0     0     0     0     0     0     0     0     0     0     0     0     0     0     0     0     0     0     0     0     0     0     0     0     0     0     0     0     0     0     0    18    22    17    18    17    19  
   0     0     0     0     0     0     0     0     0     0     0     0     0     0     0     0     0     0     0     0     0     0     0     0     0     0     0     0     0     0     0     0     0     0     0     0     0     0     0     0     0     0     0     0     0     0     0     0     0     0     0     0     0     0     0     0     0     0     0     0     0     0     0     0     0     0     0     0     0     0     0     0     0     0     0     0    15    19    18    17    15  
   0     0     0     0     0     0     0     0     0     0     0     0     0     0     0     0     0     0     0     0     0     0     0     0     0     0     0     0     0     0     0     0     0     0     0     0     0     0     0     0     0     0     0     0     0     0     0     0     0     0     0     0     0     0     0     0     0     0     0     0     0     0     0     0     0     0     0     0     0     0     0     0     0     0     0     0     0    22    16    17    12  
   0     0     0     0     0     0     0     0     0     0     0     0     0     0     0     0     0     0     0     0     0     0     0     0     0     0     0     0     0     0     0     0     0     0     0     0     0     0     0     0     0     0     0     0     0     0     0     0     0     0     0     0     0     0     0     0     0     0     0     0     0     0     0     0     0     0     0     0     0     0     0     0     0     0     0     0     0     0    21    13     6  
   0     0     0     0     0     0     0     0     0     0     0     0     0     0     0     0     0     0     0     0     0     0     0     0     0     0     0     0     0     0     0     0     0     0     0     0     0     0     0     0     0     0     0     0     0     0     0     0     0     0     0     0     0     0     0     0     0     0     0     0     0     0     0     0     0     0     0     0     0     0     0     0     0     0     0     0     0     0     0    21    17  
   0     0     0     0     0     0     0     0     0     0     0     0     0     0     0     0     0     0     0     0     0     0     0     0     0     0     0     0     0     0     0     0     0     0     0     0     0     0     0     0     0     0     0     0     0     0     0     0     0     0     0     0     0     0     0     0     0     0     0     0     0     0     0     0     0     0     0     0     0     0     0     0     0     0     0     0     0     0     0     0    17  
   0     0     0     0     0     0     0     0     0     0     0     0     0     0     0     0     0     0     0     0     0     0     0     0     0     0     0     0     0     0     0     0     0     0     0     0     0     0     0     0     0     0     0     0     0     0     0     0     0     0     0     0     0     0     0     0     0     0     0     0     0     0     0     0     0     0     0     0     0     0     0     0     0     0     0     0     0     0     0     0     0  
