81

 567   538   136   990   295   643   105   255   366   316    29   184   627   381   909   727    31   916   198   706   533   885   373   865   189   691   926   121   638   253   571   553   448   425   717   444   381   471   270   463   943   644   190   692   206   677   931   724   724     9   289   693   379   999   844   407   808   403   656   660   909   361   145   231   645   251   418   746   930   585   498   271   666   997   344   591    62    69   712   299   636  
 346   896   563   655   781   930    94   160   995   413   496   597   544   839   609   428   999   273   838   677   101   582   698   369   674    94   789   796   987   558   624    68   818   986   835   562   511   783   542   709   520   908   672   418   948   467   730    96   504   389    52    43   434    57    55   857    86   117    61   225   371   519   952    13   466   750   712   501   608   936    54   724   168   749   541   208   880   572   502   544   147  
 172   454   687    51   324   836   598   561   153    26   184   600   604    49   626     9   694   855   299   408   581   717   645   904   516    58   779   503   630   510   257   575   413   781   707   971   415   995    74   883   482   335   777   709   576   254   592   525   743   887   189   935   898   864   798   477   896   391   688   820    98   154   153   109   402   309   920   761   381    17   869   869   457    52   445   608   492   950   825   706   922  
 828   169   363   829   572   340   645   194   833   620   615   848   805   180   358   531   949    67   644   910   105   717    26   616   862   826   878   228   430   977   170   200   601   556   745    91   288   549   698   128   270   400   141   664   142   207   111    19   199   943   676   599   317   587    12   504   880   520   662   434   368   125    40   648   811    22   643   566    59   313   335   177   360    21    99   102   342   109   167    35   758  
 593   376   687   920   625    28    72    99   274   501   379   860   523   704   886   215   888   635   481   862   596   380   298   773   299    91   910   832   278   780   240   519    87   633   737    18   725   456   640   333   624   697    32    54   327   560   786   123   811   331   674   140   710   587   296   682   110   705    54   390   691   864   388   361    62   275   331   774   544   659   424   396   118   810   613   239   824   567   845   367   930  
 816   268   345    86   338   230   957   301   913   345   634   154   102   298   264   184   963   879    62   235   479   155   906   732   304   207   931   114   830   243    92   952   118    91    13   232   733   862   667   286   956   245   566   790   353   773   614    99   849   384   583   768   799   394   220   279    73    44   764   477   917   268   289   859    67   992   720   626   527   332     3   403   266   686   645   837   947   133   299   573   838  
 342   987   830   927   998   643   114   232   472     8   848   736   679   424   105   954   101   117   484   565   817   158   659   974   222   794   405  1000   930    89   855   119   992   671   584    65   470   737   604   229   438   317   695   291   572   570   353   145   156   488   133   616   971   486   981   821   438   229    35   270   562   330   340   481   951   379   217   805   897   340   410   523   747   924   581   915   650   112   584   336    14  
 902   899   661   888   715   545     5   606   987   688   752   864   819   534   325   745   901   922   639   501   574   463   302   792   140   682   290   759   955   804   880   969   654    31   696   505   361   366   371   556   873   708   751   111   694   508   624   323   696   616   691   578   532   497    93   998   890   830   898   589   591   283   659   157   578   993   319   546   735   786   694   175   610   842   435   115   978   804   973   252   324  
 117   631   356   243   607   281   631   479    88   351   376   950   377   772   526   246   530   605   386   948   211    36   581   461   960   470   769   519   167   704   692   861   637   558     7   234   841   940   533   470   702   530   687   885   459   936   475   802   624   114    19   507   402   802   722   752   580   474   708   970   350   712   372   324   993   262   165   250   598   228   428   416   335   580   679   176   506   896   860   564   291  
 592   311    82   400   355   365   852   929   604   983   689   384     1   239   181   107   820    46   262    17   432   727   371   765   681   898   944   477   181   926   237    57   867   991   522   985   162   680   312   265   478   981   498   582   296   437   626   975     1   308   112   832   841   429   806   933   973   377    90   881   319    25   750   593   189   651   193   896   856    63   223     5   351   769   191   928   905   291   722   807   116  
 646   559   601   105   194   597   447   432    39   817    53    94    17   626   541  1000   751    35   608   310   433   752   170   973   805   409   280   273   948   403   616   811   277   266   838   606   373    63   189   936   390   366   441   625   758   757   642   368   496   796   951   343   167   607   345   713   572   426   334   964    16     6   739   899   952   717   857   856   102   937   876   916   476   859   907   890   545   566   672   931   851  
  61   775   898   957   221   833   875   612   294   437   806   199   260   719   294   664   889   127   417   967   872   451    42   257   537   659   372   964   633   256   312   275   666   329    58   479   618   920   860   969   393   620   924   117   985   414   888   912   415   474   256   879   475   633   962   644   316   562   139   516   416    83   333   752   646   718   174   589   557    59   853   432   365   395   987   984   820    20   799   835   979  
 814    83   953   175    61   718   820    77   486   573   726   361   943   219   965   470   814   866   365   849   747   287   983   916   822   959   274   320   547   740   452    19    75   999   382   800   194   185   452   216   167   881   329   237   452   778    75   641    55   256   954   311   168   526   788   926   807   474   240   510   930   292   768   721   419   737   214    53   303    60   322   737   730   120   944   694   872   305   805   907   532  
 959   728   431   510   784   133   178    26   169   972    36   925   401   490   352    68   223   525    51   100   397   143   585   335   263   302   474   453   647   406   164   355    55   662   520   369   459   469   560   162   386   533   540   993   213   408   649    87   569   556   508   683   214   405   464   761   478   197   972   556   334   860   269   134   118   111   754   497   937   523   382   101   492   445   321   732   822   910   350   575   552  
 759   453   922   423   175   224   114   134   609   936   502   440   150   886   434   510   152   189   505    42   167   494   619   182   696   725   961   534   991   540   228   633   867   220   828   652   745   363   689   457   245   125   566   855   659   352   620   524   867   964   439     5   446   690   413   159   627   843   972   850   303    90   194   776   273   136   851   756   420   976   237    84    59   220    79   935   781   594    22   947   537  
 492   145   561   635   203   217   454   148   505   539   929   378   305  1000   846   553   764    84   621   910   542   366   281   435   852   752   102   784   814   159    44   362   889   569   927    73   803   481   788   255   811   811   349   911   161   889   431   128   956   163   247   338   490   426    11   848   212   572   807   840   137   911    40   596    56   586   323   898    26    48   936   783   984   120    14   718   884   582   557    42   327  
 593    88   936   547    68   258   933   477   786   918   248   475   166   787   341   313   968   277   947   554    21   781   903   761    88   186   541   413   914   970   299   514   982   352   540   126   689    24   800   266   318   443   966   669   703    51   208    49   525   570   868   458   973   239   382   982    43   375   924   129   618   145   394   991    23   515   441    85   236   453   166   924    73    68   716   477    32   868   238   723   553  
 373   897     1   130   787   891   649   411   141   762   922    85   375   163   652   363   906   101   747   843   121   140   440   917   966   569   308   910   560   566   474   999   899    44   470   178   352   168   935   991   562   430   498   782   578   485   641   223   782   701   390   290   647   775    45   487    92    96   683   253   546   675   743    16   610   636   797   508   750   793   628   230   395   499   901   590   983   835   364   635   180  
 149   455   433   496   214   736    31   780   345   979   152   478   665   627   528   750   195   892   886   314   635   747   243   502   701    62   152   121   313   131   344   719   128   903   512   300   535   779   701   560   293   146   882   913   285   810    56   215    38   692    91   770   963   200   843   933   604   379   645   336   925   213   730   834   936   914   934    17   895   835   141   453   741   380   631   714   879   145   423   199   534  
 292   889   606   501   228   511   995   590   146   420   230   772   732   327    68   802   152   866   451   521   485   621    44   375    76   684   423   873   444   532   829   875   156   249   942   823   301   522   725   848   807   222   492   198    35   445   719   572   138   870   332   136   773   334    61   533   636    77   497   731   212   325   486   142   720   359   440   199   731   182   157   208   695   166   271   112   648    54   635   707   236  
 637   406   791   428   730   465   572   220   489   185   836   150   135   600   303   601   469   289   578   196   995   908   122   772   943   669   325   652   266   238   143   427   814    35    68   688   978   702   195   326   185   379   714   717   246   545   691   432    29    32   777   853   905   347   174   700   411   193   992   682   833   505   131   946    48   429   160   375   288   412   863   107    12   803   191   815   707   878   847   889   452  
 450   552   974   604   713    29   816   889   470   888   783   304   249   749   494   297   910   122   623    14   659   718   498   190   963   135   557   432   143   861    88   465   521   138   163   947   443   692   887   236    21   629   380   214   657   468    62   220   813    61   828   789    25   440   989   685   696   947   725   328   384     4   688   343   862   797   800   727   794   901   198    86   545     2   983   483   949   420   872    73   244  
 867    87   847    88   230   425   316   918   841   974   700   985   977   863   669   678   191   733   240   947   973   118   701   477   389   894   185   138   768   920   907   135   793   251   774   732   284   788   470   727   382   694   887   710   253   125   626   486   326   526    56   682   932   841   343   962   216   808   380   361   772    46   265   605    51   297   231   640   228   394   961   993   400   512   411   684   433   148   949   941   856  
 694   778   998   216   400   262   113   645   533   854   848   397   704    62   997   401   669   242   131   534   881   871   324   582   577   170   215    19   610   586   904    92   609   381   722    41   677   354   908   138   129   347   745   732   468   251   783   283   910   365   306   389   241   799   534   715    77   125    80   330   217   883   366    68   814   597    30   981   547   588   365   441   310   283   622   894   912   226   892   625    51  
 604   129   648   363   588   368    59   389   818    49   130   664   428   608   636   547   450    70   254   101   705    66    13   858   818   545   566   366   218   341   235   482   768   938   715   946   472   210   542   590    26   713   868   445   814   446   451   481   925   535   822   868   162   666   941   743   236   967   733   467   884    70   968   796   308   834   740   389   330   327     5   255   486   306   926   692   984   308   118   316   193  
 391   115   157   231   496   170   879   943   755   203   162   772   144   416   772   646   802   355   233   452    84     2   651   672    77    35   909    18   470   995   508   931   942    35   686   945   753   668   150   686   423   216   249   866   312   189   159   685   943   702   521   182   962   254    39   283   160   604   514   872   448   595     4   277   877    88   328   124   673   276   856   730   999   652   632    10   441   764   717   562   895  
 472   566    28   141   958   733    77   612    40   831   202   614   459   415   259   689   611   424   251   749   442   307   190   194   866   815   700   472   795   682   551   448   665   379   363    91   291   654   868   941   853   615   933   773   185   647   925   199   454   339   736   213   464   350   175   871   718   677   523   954   895   341   422    34   522   588    93   872   700   360   848   387   956   457   154   303   250   314   644    87   777  
 289   969   948   718   892   315   506   847   105   324   533   178   601   374   199   656   424   497   206   533     1   397   521   934   182   596   886   132   587   179   639   311   737   179    34   137   760   944   748   791   178   476    25   195   560   233   952   160   193   977   415   963    82   456   170   123   999   243   815   565   360   915   766   819   479   792   233   793   575   632   541   589   816   624   232   548   630    21    69   247   135  
 975   424   105   285   724   657   172   178   291   889   878    20   755   243   239   210   463   725   790   929   679   286   927   599   835   406   744   845   914   236   573   245   252    35   899   366   702   607   771   147   114   341   784   430   221   139   387   876   139   650   234   434   863   707   778   392   394   935   835   945   695   664   333   775   452    54    58   854   700   445   476   778   967   389   939   619   599   831   777   348   357  
  82   499   562   568    92   663    92   913   545   133   588   198   187   508   520   955   938   922   466   395   775   650   468   654   842   645   445   958   753   737   532   941    97   876     2   134   590   544   241   759   134   745   155    77   196    52   871   648   481   946   146   596    27   500    34   773    21   534   947   833   589   274    10   132   340   304   800   828   903   663    85   712   340   279   493   536    11   992   314   865   547  
 429   787   766   102   316   526    83   163   122   954   326   550   823   979   619   479   913   692    80   161   912   261   868   376   509   367   119   197   810   556   920   343   776   972   919   503   291   600   137   408   153   670    74   173   312   773   739   578    65   640   279   755   890   349   491   835   630     9   487   271   819   394   884   123   395    55   449   984   490   481   380   948   884   147   486    22   537   980   357   100   136  
  82   585   540   946   181   571   255   132   606   232   686   311   229   458   100   462   606   797    57   847   355   987   422   329   521  1000   940   738   728    40    16   869   707   581   345   717    88   292   789   363   524   558   856   585   653   708   962   575   867    58   282   693   806   807   747   509   178   971   181   338   165   157   898   340   390   269    67   325   265   386   524   761   374   517   535   537   520   606   122   739   562  
 853   470   472   365   105   776   591   277   661    54    76   202   906   977   407   482   880   838   649   164   544   673   888    33   367   707   597    56   846   558   208   931   702   370   227   625   224   474   888   900   499   728   543   328   374   618   835   379   164   426   419   444   387   174   767   999   589   881   179   168   167   749    81   390   593   304   976   247   689   375   971   175   185   519   899    19   923   580   257   283   422  
 884   474   708   636   281   938   279   347   361   594   288   500   954    44   972   150   324    48   119   855   654   668   372   439   924   197   332   515   616   976   583   338   228   914   366   109   869   611   354   458   566   936   520   826   826   544   402   764   402   473    32   616   657   215   307   665   531   648   598   966   565    37   748   268    94   479   306   190   839   957   439   501   254   551   484   823   176   360   393   121   378  
 227   340   276   966   992   964   234    89   267   906   593   610   502   553   651   117   773   857   499   844   178   790   133   822   701   830   294   119   614   709   742   272   919   638   581   367   203   760   538   167   444   264   142   743   485    33   506    56   708   956   427   168   342   846   198    96   344    90   975   412   573   980    19    36   393   731   209    22   974   163   812   298   581   469    74   752   597   873   977   835   576  
 479   628   470   535   440    14   206   193   889   829   174   808   333   876   783   684   352   404   619   485   985    70   430   653   991   303   505   643    10   967   527   527   468   471   443    99    35   351   402   345   419   190    67     8   869   572   647   383   407   572    54   649   218   434   502   695   716   642   928   866   875   506    81   382   896   400   616   267   875   479   897   863   470   642   766   471     7   824   333   765   855  
 639   126   865    33   203    38   317   327   376   925   211   616   195   300    80   856   312   564   227   774     3   244   391   995   969   524   845   163   564   900   958   599   565   891   575   814   833   939    98    51   799   271   209   769   609   960   774   578   756    37   938   248   849   941    30   608   351    74   554   921   598   666   278   561   501   521   794   266   389   967   831   664   732   384   484   771   809   276   558   766   846  
 407   558   589   335   742   955   941   772   675   411   892   406    80    63   481   145   810    13   963   846   196   510   983   600    93   625   946    62   855   581   986   565   637   180   544  1000   120   143   792    94   388   149   345   160   846   830   914   693   859   804   944   516    87   783   429   372   544   300   289   788   502   541   678   292   914   125   673   917    69   928   491   687   824   206   169   580   587   475   770    95   790  
  91   918   987    84   977   374   368   908   324   563   878   472   164   594    67   444   525   786   751   400   469   866   980   519   371     5   849   559   452   714   799   125   688   801   631   639   753   352   249   164   578   165   572   585    37   393   704   569   839   337   572   567   903   829   583    20   469   626   226   345   304   440   320    22   161   661   216   485   589    14   768   117   793    39   294   320   284    67   551   711   151  
 702   338   941   789   505   585    37   352   810   662   186     8   633   191   435    18   364   486   389   560   557   998   308    73   531   776   545   145   339   844   728   568    72   913   890   306   727   554   462   632   356   800   834   986   436   812   624   412   677   311   771   722   667   276    71   932    14    29   767    70   363   399    42   279   294   425   679   999   666    20    14   610   355   899   275   365   231    12   289   464   617  
 784   328   948   403   959   576   293   389    90   159   302   437   759   296   547    92   640   332   294   518   255   610   932   663    81   213   521   369    86   689   157   473   980   791   542   855   441   950   286   744   456   227   949    10   894   911   969   289   521   521   291   332   177   389   683   221   132   159   219   764   828   228   669   626   837   858   105    28   269   438   349   363   146    51   293   168    97   840   483    95   176  
 686   577   568   131   925   413   850   159   341   863   350   161   487   236   858   681   195   525   899   293   995    24   800   411   705   204   527   202   895   163   849   270    62   813   977   937   367   680   101   780   397    67   547   431   303   811    79   720   953   582    94   991   612   934   873    91   697   729   445   595   523   325   574   239   787   959   695   889   634    53   215   406   154   293   942   366   532    98   666   585   464  
 700   689    13   709   515   530   474   847   501   408   178   470   268   631   393   943   732   797   386   922   447   906   938   260   347   795   626     1   445   141    52   984   282   610   393    67   204   220   586   521   149   201   893   450   338   323   196   790   745   641   872   319   995   446    49   547   400   533   352   565   563   644   179   185   923   245   811   471   776   857   630   192   362    63   409   862   138   505   952   821    45  
 331   627   313   662   353   371   513   214   132   802   180   817   622    38   830   464   263   669    13   404    56   788   620   764   113   270   279   811   894   346   645   213   461   901   331   730   832   656     6    23   160   918   803    72   500   658   753   879   723   553   350   172   334   264    71   434   221   197   421   685   747   726   529   777   212   758   966   156   646   823   332   831   494    95   418    45   768   836   908   146   844  
 674   930   873   279   636   840   215     1   966   184   782   548   840   450   259   959   239   815   134   910   697   509   368   881   942   831   522   904   528   813   442   250   818    28   503   804   558   681   238   600    21   301   144   490   303   110   531   669   126    24   663   792   449   738   371   530   112   919   807   627   659    27   950   843   357   971   830   651   647   481   200   946   496   959   466   963    47   654   849   867   536  
 821   332   168   494   275   578   924   962   409   988   677    42   199   214    51   499   523   940   633   484   238   755   410   549   208   998   331   441   454     5    14   952   176   232   772    79   922    70   994   339   467   520   410    88   190   828   903   315   589   438   360    52   504   556   183   896   432   216    31   742   991   353   952   657   693   688   882   351   290   653   863   903   429   531   313    18    13   621   766   970   923  
 885   417   865   742   340   120   166   977   972   860   540   280   787   388   914   784   810   605   552   410   300   612   720   452    10   396   276   366    15   238   149   744    27   945   588   469   756   109   748   785   531   983   176   730   639   572   485   369   217   221   165   792    55   508    64    71   299   353   234   726   689   372    96   223   932   599   571   102   789   256   718   601    87   856   862   488   825   676   133    96   732  
 783   336   661   470   800   718   287   793   638   824   622    53   539    34   709   669   424   441   253   700   257   423   634   936   869   900   373   365   268    32   618   512   943   641   689   688   809   504    90   896   547   522   517   333   647   274   977   452    35   694   613   862   553   347   327    78   640   159   908   337   596   119   772   582   433   474   920   357   291   677   331   425   768   618   557   382   835   830   662   388   394  
 467   238   110   888   238    88     5   185   461   406   263   352   510   945   684   375   628   740   397   841    88   247   574    84   679   531   987   288   799   677   934   456   389   510   135    85   617   605    70   426    43   568    26   457    31    96   227   915   999   647    82   107   448     5   861   198    83   371   842   257   758   173   427   959   610   126    98   663   961   267   947     9   507   766   553   687   175   439   596   770   615  
 789   401   974   360   191   268   437   150   252    69   313   141   557   460   761    68   181   255   175   191   568   207   815   369   172    83   754   836   206   852   639   309   133   622   986   945   679    73   794   999   812   224   783   476   588   225   716   688   378   420   948   174   185   283   596   641    83   738   832   233   574   440   387   324   688   474    93   149   422   860   591    50   930    92    81   558   789    55   432   295   609  
 275   954   205   760   874   100   385   259   178   611   854   360   320   791    31   648   658   401   763   867   267   324   147    34   177   419   446   976   643   770   920   714   826   498   840   122   987   623     5   831   654   371   638   477   659   138   614   790   960   889   626    15   116   846   421   321   803    30   156   933   799   215   920   131   795   685   703   731   447   437   433   520   553   408   353   889   308   221   725   876   897  
  68   194   543    75    11   398   993   617   590   991    60   203   412   107   621   444   297   784   794   617    33   357   267    47   896    19   846   215   694   577   741   909   858   612    35   705    15   289   216   629   593   506   531   378    71   188   515   667   424   575   280   286   136   315   503   104   741   561   306   447   924   361   531   741   867   419   128   497   356   900   205   483   225   976   334   570   932   882   961   153   970  
 985   609    20    11   813   651   263   945   160   437   337   292   905   761   517   151   990   715   479   443   641   408   375   641    81   902   502   667    98   269   379   445   769   111    72   808   231    39   274   788   721   457   134  1000   883   153   671    58   165   250   500     8   950   942   351   561   387   219   738   759   772   687   219   929   446   351   634   470   277   917   189    13   688    29   841   708   881   565    62   951   575  
 466   155   579   586   465   944   206   454   402   159   943   750   867   973   571    73   451   667    86   654   601   515   104   511    72   375   552   441   740   917   362   775   890   237    85   521   331   435   704   983   397   928   274   650   709   278   921    65   262   439   700   763   548   669   129   429   987   919   602   412   270   772   286   368   720   205   979   572   953   895    11   461   282   128   304   507   205   193   274   547   340  
 150   257   436   858   397   250    95   283   639   887   131   790   923    93   580   769   352   368   619   119   192   909   740   562    24    12   743   413   977   837   927   569   698    18   321   560   248   166   807   180   215   714   967    60   510   672   166   207   313   401   794   880    91    11   536   711   605   519   592   709   948   340   280   122   776   196   318   642   316   519   847    27   864    32   334   648   540    79   568   841   880  
 373   800   192   580   416   311   139    12   701   164   757   995   564   376   210   178   585   180   972   713   688   117   327   282   573   502   273   847   758   931   408   106   652   827   162   922   467   212   660   434   627   671   518   181   819   107   233   518   195   495   511   796   827   737   398   658   362   157   912   668   864    19   100   159   469   208   571   267   259   626   281   769   278   225   799   195   731   190   774   831   957  
 404   234   931   954   306   614   930   104   448     2    67   877   187   516   828   216   884   443   502   103   311   181   596   679   326   444   387   503   207   887    17   406   437   493    53   964   172   675   470   416   821   165   499   383    57   494   785    89   117   409    87   266   477   381   598   950   762   831   505   916   590   161   377   868   622   119   303   496    49   110   402   432   643   137   601   476   801   966   229   392   744  
 559   370   808   339   479   703   810   869   276   865   949   207   677     4   319   574   813   814   476   568   427   470   892   627   525   853   754   230   176   765    89   336   497   513   982    56   947   659   764   964   571   142   286   506   265    63   272   589   947   862   672   624   909   999   344   556   720   752   793   738   152   289   731   487   688   629   337   862   296    15   717   962   520   761    99   100   850   380   497   264   920  
 795   318   668   317   305   288   871   147    68   975   654   211   358   948   443   637   683   151  1000   738   382   313   288   709   402   501   494   713   911   608   706   260   473   227   696   294   363   540   590   108   705   342   321   896   240   535   720   652   441   909   305    53   195   203   192    95   519   344   805   319   747   420   414   201   166   964   631   694   114   494   851   568   716    48   746   952   471   732   214   774   674  
 267   886   301   739   303   188   862   702   520   722   104   943   181   452   184   220   995    21   718   919   625   932   742   616   630   113   666   433   270   748   900   466   584   183   711   985    86   492   743   812   724    15   927   285   792   550   582   361   997   677   952   738   436   150     6   430   110   622   652   889   587   310   241   254   271   974   866   517   746   406   446   874   490   211   347   368   865   123   973   834   938  
 364    28    57   149   831   529   225   647   556   721   401   667   414   984   265   447   221   809   470   880   785   878   477   450   632   792   902   416   190   299   830   576   722   922   235   291   968    20   616   460   640   546   816   579   194   836   894   667   415   384   542   338   689   802   134   310   109   612   600   291   757   457   556   704   505   885   223   760   264   997   714   574   226   975   271   857   635   612   297   270   140  
 121   631    71   996   498   279   688   209   809   550   571    90   801   234    74   710   920   353    20   371   595   990   415   728   343   935   335   932   436   722   486   855   524   946   786    78   258   882   286   626   546   373   832   993   852   457   614   428   513   872   141   682   883   966   537   730   203   609   298   919    64   334    63   767   207   741   381    99   842  1000   889   477   412   269   239   980   221   238   686   748   519  
 518   233   672   273   618   449   300   384   609   603   632   490   252   368   750    19   896   222   516   710   652   195   828   985   957   856   296   148   913   902   275    29   303   556   799   360    50   322   123   788   128   947   928   934  1000   655   835   846   152   178   914   322   466   922   158   198   705   597   966   988   414   144   107   486   453   759   217   466   760   297   632   594   279   387   847   308   141   781   371   617   484  
 796   713   546   151   674    40   770   794   508   107   270   155   665   263   391   558   891   812   698   381   590   820   525   535   334   156   619    20   191    45   465   735   403   625   170   330    97   649   479   925    17   744   764   542   562   976   765    16   454   106    58   214    82   770   428   158   688    30   923   465   890   276   376   924   805   841   443   743   256   509   987   938   339    61   566   838   145   309   387   407   459  
 904    76   486   748   198   938   830   773   543   689   741   876   177    14   624   549   283   105    75   446   160   615   477   780   672    82   183   425   710   343   704   232   339   626   382   630   442   810   504   928   575   115   712   734   373   722   290   751   963   146   313   663   681   434   922   228   848   388   651   852   877   521   952   622   673   267   495   899   693   845   174    13   693   206   234    47   775   294   381   656   744  
 141   971   565   167   414   119   793   782   454   826   374   885   433    71   147    10   313   254    82   232    43   236   861   992    27   629   213   947   764   239   764   781   268   293   374   414   614   922   228   991   405   325    12   908   995   647   769   820    25   329   229     2    92    53   827   210   618   944   176   335   940   805    88   225   265   324   764   101    96   578   629   282   726   844   273   869   502   887   556   457   499  
 227   405   809   799   595   524   611   510   272   789   773   660    96   379   373   453   517   806   624   584   138   793   131   637   862    97   807   731   273    71   992   679   439   902   798   579   157   802   580   921   918   613   376   932   639    44   202   112     2   817   867   752    57   961   987   398   789   660   179    84   336   989   906   822    18   964   154   303   717   514   685    76   591   618   892   336   331   329   330   750   156  
 307   831   796   764   387   783   144   257   830   101   743    28   301   560   148   337   926   305   414    15   283   434   125   274   336    34   109   312   296   449   720   163   104    21   361   478   455   379   261   432   117   481   939   281   451   598   868   961   532   661   872   738   988   156   857     4   628   932   326   997    94   680   503   170   625   331   889   126   644    27   168   670    66   734   513   302   831   132   256   104   672  
 504   286   113    87   611   326   922   600   473   916   944   959   720   237   356   348   535   703   419   409   757   130   133   604   921   324   678   156   962    71   457   251   145   169   557   704   554   809    53   778   553   182   512   737   745   492   603   420   788   238   863   555   234   141   202   645   116   886   634   272   497   198   255   921   673   845   962   500   885    14   150   629   239   141   807   896   731   529   866   161   809  
 221    15   502   983    17   619   424   565   644   362    98   646   384   591   483   437   680   679   541   384   416   571   653   637   247   646   195   990   214   905   514   976   861   543   409   923   857    40   281   420   246   211   377   392   248   183   434   537   244   705   235   997   813   716   327   555   231   709   284   614    95   139   299   776   401   846   948   762   367   674   143    94   141   986   904   520    36   214    76   557   642  
 374   577    70   674   517    76   129   355   597   325   320    91   439   894   567   386   113   282    75   144   146   128   979   912    78   585   372   853   381   452   356   772   565   106   969   306   239   205   766   664   177   179   582   783   813   894   345   467   917   767   360   382   142   946   843   920   314   443   304   923   870   573   606   921   886   445   395   667   165   855    93   669   804   672   701   261   798   906   866   416   441  
 382    58   867   287   541    40    74   162   136   957     1   283    10   651   570   628   607   195   571   740   735   218   589   616   284   673   540   674   668   528   485   848   101    40   698   537   362   682   367   196   928   990    78    22   461   154    54   281   579   538   502   852   789   745    68   535   314   814   892   261   108   104   144   226   483   931   781   622   180   858   918   109   805   893   492   941   758   423   837   332   260  
 737   605   879   270   938    75   570   524   249    91   498   767   173   504   802   707   280   270   831   325   670   468   418   944   303   793   252   270   375   972   712   370   631   323   755   675   451   621   172   174   124   512   424    85   739   460   319   745   841   157   548   957   538   562   798   156   921   856   979   351   640   830   120   438   481   161   839   190   440   757   854   634   672   245   412   808   694   487   468   215   587  
 811   618   892   507   940   851   139   155   329   754   969   196    84   645   818   240   116   160   297   383   636   490     9   256   623   381   720   903   684   799   819   677   482   921   144   816   890   863   497   957   803  1000   754   243   549   951   304    47     5   238   481   185   236   146   712   184    59   186   853   770   337   819   117   655   910    10   763   424   337   232   358   172   419   617   494   102   500    81   772   772   313  
 752   783   638   573   418   811   121   906    55   376    25    25   656   760   507   694   874   261   645   990   543   194   896   199   582    80   322   266   976   525   738   432   856   705   830   712   281   457   638   986   340   230   556   281   568   593   772   518   651   193   837   278   410   635   357   995   700   354   497   522   316   777    34   999   315   838   390   955   325   524    93   309   361   425   567   986   195   963   761   728   824  
 203   546   701   192   294   318   381   701   721    89   500   132   435   329   504   196   670   116   138   624   253   121   976   444   693   435    38   854   669   320   949   654   922   639   315   775   321   903   339   942   107   996   147   281   889   253   969   165   260   779   199   182   164   628   410   792   502   567   876   355   854   767    60    52   279   344   345   136    98   517   333   340   114   387   824   116   665   480   173   842   330  
  53   475   398   593     7   723   996   934   792   980   417   350   643   549   707   438   145   548   845   404    74   676   992   878   144   786   812   420   698   839   352   680   326    87   541   860   718   134   998   302   357   816   195   328   217   771   101   822   730   971   137   936   442   849    67   409   516   185   710   357   570   755   775   288   862   126   978   560   515   625    68   849    90   899   514   524   164   172   964   153   560  
 972   332   780   433   351   849   351   527   979   678   828   690   518   762   537   655   781   661   825   233   388   991   923   349   349   305    46    86   248    62   668   948   953   231    66   276   573   205   884   927   865   170   946   699   613   913   955   767   340   359    34   680   427   903   837   225   451   466   954   771   481   253   726   160   847   560   804    48    45   505    89   221   189   845   205   104   389    60   881   817   907  
  11   281   280   128   502    62   908   275   100   829   719    96   132   152   907   196   390   442   753   966   955   658   183   108   624   735   298   936   873   206   889   507   734   322   268   183   806   888   946   531   361   795   774   316   219   403   879   154   149   874   784   344   315   122   297   391   835   184   259   106   637   812   899   921   823   213    71   196   515   315   724   816   919   546   489    87   154   808   602    94    58  
 512   851   127   160    85   664   470   231   700   963    42   500   430   916   950   775   315   490   917   145    25   227   563   765   859   101   304   824   777   285   690   444    90   410   356   350   569   328   952   861   933   377   779   898   765   932   562   850   361   159   794   481   942    80   897   431   474   592   924    80   256   427   194   112   588   654   665   509    38    31   411   571   776   800    36   558    53    12    22   528   680  
 146   212   860   217   177   823   265   312   136   632   765   132   994   737   599    65   862   953   452   402   592   828   500   897   472   173   537   933   141   733   763    97   364   107    54   926   859   199    24   273   753   505   549   611   731   673   147   292    13   816   654   495   247   542   307    74   729   781   756   959   105   870   310    73   985   416   795   424   381    47   521   588   849    96    31   919   693   198   182   171   708  

   0    30     0    30     0     0     0     0     0    29     0     0     0     0     0     0     0     0     0     0     0     0     0     0     0     0     0    29     0     0     0     0     0     0     0     0     0     0     0     0     0     0     0     0     0     0     0     0     0     0     0     0     0     0     0     0     0     0     0     0     0     0     0     0     0     0     0     0     0     0     0     0     0     0     0     0     0     0     0     0     0  
  22     0    24     0    28     0     0     0     0     0    21     0     0     0     0     0     0     0     0     0     0     0     0     0     0     0     0     0    21     0     0     0     0     0     0     0     0     0     0     0     0     0     0     0     0     0     0     0     0     0     0     0     0     0     0     0     0     0     0     0     0     0     0     0     0     0     0     0     0     0     0     0     0     0     0     0     0     0     0     0     0  
   0    30     0     0     0    23     0     0     0     0     0    27     0     0     0     0     0     0     0     0     0     0     0     0     0     0     0     0     0    25     0     0     0     0     0     0     0     0     0     0     0     0     0     0     0     0     0     0     0     0     0     0     0     0     0     0     0     0     0     0     0     0     0     0     0     0     0     0     0     0     0     0     0     0     0     0     0     0     0     0     0  
  23     0     0     0    23     0    30     0     0     0     0     0    29     0     0     0     0     0     0     0     0     0     0     0     0     0     0     0     0     0    21     0     0     0     0     0     0     0     0     0     0     0     0     0     0     0     0     0     0     0     0     0     0     0     0     0     0     0     0     0     0     0     0     0     0     0     0     0     0     0     0     0     0     0     0     0     0     0     0     0     0  
   0    22     0    27     0    25     0    26     0     0     0     0     0    21     0     0     0     0     0     0     0     0     0     0     0     0     0     0     0     0     0    28     0     0     0     0     0     0     0     0     0     0     0     0     0     0     0     0     0     0     0     0     0     0     0     0     0     0     0     0     0     0     0     0     0     0     0     0     0     0     0     0     0     0     0     0     0     0     0     0     0  
   0     0    21     0    27     0     0     0    29     0     0     0     0     0    30     0     0     0     0     0     0     0     0     0     0     0     0     0     0     0     0     0    23     0     0     0     0     0     0     0     0     0     0     0     0     0     0     0     0     0     0     0     0     0     0     0     0     0     0     0     0     0     0     0     0     0     0     0     0     0     0     0     0     0     0     0     0     0     0     0     0  
   0     0     0    24     0     0     0    26     0     0     0     0     0     0     0    29     0     0     0     0     0     0     0     0     0     0     0     0     0     0     0     0     0    29     0     0     0     0     0     0     0     0     0     0     0     0     0     0     0     0     0     0     0     0     0     0     0     0     0     0     0     0     0     0     0     0     0     0     0     0     0     0     0     0     0     0     0     0     0     0     0  
   0     0     0     0    22     0    26     0    21     0     0     0     0     0     0     0    26     0     0     0     0     0     0     0     0     0     0     0     0     0     0     0     0     0    29     0     0     0     0     0     0     0     0     0     0     0     0     0     0     0     0     0     0     0     0     0     0     0     0     0     0     0     0     0     0     0     0     0     0     0     0     0     0     0     0     0     0     0     0     0     0  
   0     0     0     0     0    25     0    23     0     0     0     0     0     0     0     0     0    22     0     0     0     0     0     0     0     0     0     0     0     0     0     0     0     0     0    29     0     0     0     0     0     0     0     0     0     0     0     0     0     0     0     0     0     0     0     0     0     0     0     0     0     0     0     0     0     0     0     0     0     0     0     0     0     0     0     0     0     0     0     0     0  
  30     0     0     0     0     0     0     0     0     0    23     0    30     0     0     0     0     0    26     0     0     0     0     0     0     0     0     0     0     0     0     0     0     0     0     0    29     0     0     0     0     0     0     0     0     0     0     0     0     0     0     0     0     0     0     0     0     0     0     0     0     0     0     0     0     0     0     0     0     0     0     0     0     0     0     0     0     0     0     0     0  
   0    30     0     0     0     0     0     0     0    30     0    24     0    26     0     0     0     0     0    27     0     0     0     0     0     0     0     0     0     0     0     0     0     0     0     0     0    22     0     0     0     0     0     0     0     0     0     0     0     0     0     0     0     0     0     0     0     0     0     0     0     0     0     0     0     0     0     0     0     0     0     0     0     0     0     0     0     0     0     0     0  
   0     0    21     0     0     0     0     0     0     0    23     0     0     0    22     0     0     0     0     0    28     0     0     0     0     0     0     0     0     0     0     0     0     0     0     0     0     0    21     0     0     0     0     0     0     0     0     0     0     0     0     0     0     0     0     0     0     0     0     0     0     0     0     0     0     0     0     0     0     0     0     0     0     0     0     0     0     0     0     0     0  
   0     0     0    27     0     0     0     0     0    30     0     0     0    26     0    26     0     0     0     0     0    22     0     0     0     0     0     0     0     0     0     0     0     0     0     0     0     0     0    27     0     0     0     0     0     0     0     0     0     0     0     0     0     0     0     0     0     0     0     0     0     0     0     0     0     0     0     0     0     0     0     0     0     0     0     0     0     0     0     0     0  
   0     0     0     0    28     0     0     0     0     0    26     0    26     0    21     0    28     0     0     0     0     0    27     0     0     0     0     0     0     0     0     0     0     0     0     0     0     0     0     0    21     0     0     0     0     0     0     0     0     0     0     0     0     0     0     0     0     0     0     0     0     0     0     0     0     0     0     0     0     0     0     0     0     0     0     0     0     0     0     0     0  
   0     0     0     0     0    27     0     0     0     0     0    22     0    27     0     0     0    24     0     0     0     0     0    27     0     0     0     0     0     0     0     0     0     0     0     0     0     0     0     0     0    27     0     0     0     0     0     0     0     0     0     0     0     0     0     0     0     0     0     0     0     0     0     0     0     0     0     0     0     0     0     0     0     0     0     0     0     0     0     0     0  
   0     0     0     0     0     0    29     0     0     0     0     0    29     0     0     0    28     0     0     0     0     0     0     0    26     0     0     0     0     0     0     0     0     0     0     0     0     0     0     0     0     0    27     0     0     0     0     0     0     0     0     0     0     0     0     0     0     0     0     0     0     0     0     0     0     0     0     0     0     0     0     0     0     0     0     0     0     0     0     0     0  
   0     0     0     0     0     0     0    26     0     0     0     0     0    25     0    22     0    23     0     0     0     0     0     0     0    22     0     0     0     0     0     0     0     0     0     0     0     0     0     0     0     0     0    22     0     0     0     0     0     0     0     0     0     0     0     0     0     0     0     0     0     0     0     0     0     0     0     0     0     0     0     0     0     0     0     0     0     0     0     0     0  
   0     0     0     0     0     0     0     0    21     0     0     0     0     0    29     0    28     0     0     0     0     0     0     0     0     0    22     0     0     0     0     0     0     0     0     0     0     0     0     0     0     0     0     0    22     0     0     0     0     0     0     0     0     0     0     0     0     0     0     0     0     0     0     0     0     0     0     0     0     0     0     0     0     0     0     0     0     0     0     0     0  
   0     0     0     0     0     0     0     0     0    24     0     0     0     0     0     0     0     0     0    28     0    24     0     0     0     0     0     0     0     0     0     0     0     0     0     0     0     0     0     0     0     0     0     0     0    23     0     0     0     0     0     0     0     0     0     0     0     0     0     0     0     0     0     0     0     0     0     0     0     0     0     0     0     0     0     0     0     0     0     0     0  
   0     0     0     0     0     0     0     0     0     0    22     0     0     0     0     0     0     0    28     0    26     0    27     0     0     0     0     0     0     0     0     0     0     0     0     0     0     0     0     0     0     0     0     0     0     0    21     0     0     0     0     0     0     0     0     0     0     0     0     0     0     0     0     0     0     0     0     0     0     0     0     0     0     0     0     0     0     0     0     0     0  
   0     0     0     0     0     0     0     0     0     0     0    25     0     0     0     0     0     0     0    29     0     0     0    24     0     0     0     0     0     0     0     0     0     0     0     0     0     0     0     0     0     0     0     0     0     0     0    25     0     0     0     0     0     0     0     0     0     0     0     0     0     0     0     0     0     0     0     0     0     0     0     0     0     0     0     0     0     0     0     0     0  
   0     0     0     0     0     0     0     0     0     0     0     0    23     0     0     0     0     0    23     0     0     0    29     0    21     0     0     0     0     0     0     0     0     0     0     0     0     0     0     0     0     0     0     0     0     0     0     0    28     0     0     0     0     0     0     0     0     0     0     0     0     0     0     0     0     0     0     0     0     0     0     0     0     0     0     0     0     0     0     0     0  
   0     0     0     0     0     0     0     0     0     0     0     0     0    23     0     0     0     0     0    27     0    28     0    30     0    23     0     0     0     0     0     0     0     0     0     0     0     0     0     0     0     0     0     0     0     0     0     0     0    25     0     0     0     0     0     0     0     0     0     0     0     0     0     0     0     0     0     0     0     0     0     0     0     0     0     0     0     0     0     0     0  
   0     0     0     0     0     0     0     0     0     0     0     0     0     0    21     0     0     0     0     0    25     0    27     0     0     0    27     0     0     0     0     0     0     0     0     0     0     0     0     0     0     0     0     0     0     0     0     0     0     0    26     0     0     0     0     0     0     0     0     0     0     0     0     0     0     0     0     0     0     0     0     0     0     0     0     0     0     0     0     0     0  
   0     0     0     0     0     0     0     0     0     0     0     0     0     0     0    25     0     0     0     0     0    26     0     0     0    26     0     0     0     0     0     0     0     0     0     0     0     0     0     0     0     0     0     0     0     0     0     0     0     0     0    28     0     0     0     0     0     0     0     0     0     0     0     0     0     0     0     0     0     0     0     0     0     0     0     0     0     0     0     0     0  
   0     0     0     0     0     0     0     0     0     0     0     0     0     0     0     0    22     0     0     0     0     0    27     0    29     0    23     0     0     0     0     0     0     0     0     0     0     0     0     0     0     0     0     0     0     0     0     0     0     0     0     0    28     0     0     0     0     0     0     0     0     0     0     0     0     0     0     0     0     0     0     0     0     0     0     0     0     0     0     0     0  
   0     0     0     0     0     0     0     0     0     0     0     0     0     0     0     0     0    25     0     0     0     0     0    22     0    28     0     0     0     0     0     0     0     0     0     0     0     0     0     0     0     0     0     0     0     0     0     0     0     0     0     0     0    30     0     0     0     0     0     0     0     0     0     0     0     0     0     0     0     0     0     0     0     0     0     0     0     0     0     0     0  
  23     0     0     0     0     0     0     0     0     0     0     0     0     0     0     0     0     0     0     0     0     0     0     0     0     0     0     0    21     0    22     0     0     0     0     0    29     0     0     0     0     0     0     0     0     0     0     0     0     0     0     0     0     0    24     0     0     0     0     0     0     0     0     0     0     0     0     0     0     0     0     0     0     0     0     0     0     0     0     0     0  
   0    26     0     0     0     0     0     0     0     0     0     0     0     0     0     0     0     0     0     0     0     0     0     0     0     0     0    22     0    26     0    30     0     0     0     0     0    30     0     0     0     0     0     0     0     0     0     0     0     0     0     0     0     0     0    25     0     0     0     0     0     0     0     0     0     0     0     0     0     0     0     0     0     0     0     0     0     0     0     0     0  
   0     0    25     0     0     0     0     0     0     0     0     0     0     0     0     0     0     0     0     0     0     0     0     0     0     0     0     0    24     0     0     0    21     0     0     0     0     0    25     0     0     0     0     0     0     0     0     0     0     0     0     0     0     0     0     0    24     0     0     0     0     0     0     0     0     0     0     0     0     0     0     0     0     0     0     0     0     0     0     0     0  
   0     0     0    30     0     0     0     0     0     0     0     0     0     0     0     0     0     0     0     0     0     0     0     0     0     0     0    25     0     0     0    25     0    24     0     0     0     0     0    22     0     0     0     0     0     0     0     0     0     0     0     0     0     0     0     0     0    25     0     0     0     0     0     0     0     0     0     0     0     0     0     0     0     0     0     0     0     0     0     0     0  
   0     0     0     0    26     0     0     0     0     0     0     0     0     0     0     0     0     0     0     0     0     0     0     0     0     0     0     0    23     0    27     0    27     0    28     0     0     0     0     0    23     0     0     0     0     0     0     0     0     0     0     0     0     0     0     0     0     0    25     0     0     0     0     0     0     0     0     0     0     0     0     0     0     0     0     0     0     0     0     0     0  
   0     0     0     0     0    24     0     0     0     0     0     0     0     0     0     0     0     0     0     0     0     0     0     0     0     0     0     0     0    27     0    30     0     0     0    28     0     0     0     0     0    24     0     0     0     0     0     0     0     0     0     0     0     0     0     0     0     0     0    25     0     0     0     0     0     0     0     0     0     0     0     0     0     0     0     0     0     0     0     0     0  
   0     0     0     0     0     0    26     0     0     0     0     0     0     0     0     0     0     0     0     0     0     0     0     0     0     0     0     0     0     0    27     0     0     0    28     0     0     0     0     0     0     0    25     0     0     0     0     0     0     0     0     0     0     0     0     0     0     0     0     0    27     0     0     0     0     0     0     0     0     0     0     0     0     0     0     0     0     0     0     0     0  
   0     0     0     0     0     0     0    23     0     0     0     0     0     0     0     0     0     0     0     0     0     0     0     0     0     0     0     0     0     0     0    22     0    21     0    21     0     0     0     0     0     0     0    24     0     0     0     0     0     0     0     0     0     0     0     0     0     0     0     0     0    29     0     0     0     0     0     0     0     0     0     0     0     0     0     0     0     0     0     0     0  
   0     0     0     0     0     0     0     0    25     0     0     0     0     0     0     0     0     0     0     0     0     0     0     0     0     0     0     0     0     0     0     0    22     0    24     0     0     0     0     0     0     0     0     0    22     0     0     0     0     0     0     0     0     0     0     0     0     0     0     0     0     0    29     0     0     0     0     0     0     0     0     0     0     0     0     0     0     0     0     0     0  
   0     0     0     0     0     0     0     0     0    25     0     0     0     0     0     0     0     0     0     0     0     0     0     0     0     0     0    21     0     0     0     0     0     0     0     0     0    30     0    30     0     0     0     0     0    23     0     0     0     0     0     0     0     0     0     0     0     0     0     0     0     0     0    29     0     0     0     0     0     0     0     0     0     0     0     0     0     0     0     0     0  
   0     0     0     0     0     0     0     0     0     0    29     0     0     0     0     0     0     0     0     0     0     0     0     0     0     0     0     0    27     0     0     0     0     0     0     0    25     0    27     0    24     0     0     0     0     0    26     0     0     0     0     0     0     0     0     0     0     0     0     0     0     0     0     0    24     0     0     0     0     0     0     0     0     0     0     0     0     0     0     0     0  
   0     0     0     0     0     0     0     0     0     0     0    26     0     0     0     0     0     0     0     0     0     0     0     0     0     0     0     0     0    28     0     0     0     0     0     0     0    24     0     0     0    22     0     0     0     0     0    27     0     0     0     0     0     0     0     0     0     0     0     0     0     0     0     0     0    24     0     0     0     0     0     0     0     0     0     0     0     0     0     0     0  
   0     0     0     0     0     0     0     0     0     0     0     0    26     0     0     0     0     0     0     0     0     0     0     0     0     0     0     0     0     0    27     0     0     0     0     0    27     0     0     0    30     0    21     0     0     0     0     0    26     0     0     0     0     0     0     0     0     0     0     0     0     0     0     0     0     0    26     0     0     0     0     0     0     0     0     0     0     0     0     0     0  
   0     0     0     0     0     0     0     0     0     0     0     0     0    28     0     0     0     0     0     0     0     0     0     0     0     0     0     0     0     0     0    22     0     0     0     0     0    26     0    27     0    21     0    28     0     0     0     0     0    24     0     0     0     0     0     0     0     0     0     0     0     0     0     0     0     0     0    30     0     0     0     0     0     0     0     0     0     0     0     0     0  
   0     0     0     0     0     0     0     0     0     0     0     0     0     0    27     0     0     0     0     0     0     0     0     0     0     0     0     0     0     0     0     0    25     0     0     0     0     0    24     0    21     0     0     0    22     0     0     0     0     0    25     0     0     0     0     0     0     0     0     0     0     0     0     0     0     0     0     0    23     0     0     0     0     0     0     0     0     0     0     0     0  
   0     0     0     0     0     0     0     0     0     0     0     0     0     0     0    22     0     0     0     0     0     0     0     0     0     0     0     0     0     0     0     0     0    25     0     0     0     0     0    30     0     0     0    26     0     0     0     0     0     0     0    26     0     0     0     0     0     0     0     0     0     0     0     0     0     0     0     0     0    24     0     0     0     0     0     0     0     0     0     0     0  
   0     0     0     0     0     0     0     0     0     0     0     0     0     0     0     0    26     0     0     0     0     0     0     0     0     0     0     0     0     0     0     0     0     0    24     0     0     0     0     0    21     0    25     0    28     0     0     0     0     0     0     0    28     0     0     0     0     0     0     0     0     0     0     0     0     0     0     0     0     0    26     0     0     0     0     0     0     0     0     0     0  
   0     0     0     0     0     0     0     0     0     0     0     0     0     0     0     0     0    24     0     0     0     0     0     0     0     0     0     0     0     0     0     0     0     0     0    21     0     0     0     0     0    26     0    23     0     0     0     0     0     0     0     0     0    24     0     0     0     0     0     0     0     0     0     0     0     0     0     0     0     0     0    26     0     0     0     0     0     0     0     0     0  
   0     0     0     0     0     0     0     0     0     0     0     0     0     0     0     0     0     0    24     0     0     0     0     0     0     0     0     0     0     0     0     0     0     0     0     0    28     0     0     0     0     0     0     0     0     0    28     0    23     0     0     0     0     0     0     0     0     0     0     0     0     0     0     0     0     0     0     0     0     0     0     0    24     0     0     0     0     0     0     0     0  
   0     0     0     0     0     0     0     0     0     0     0     0     0     0     0     0     0     0     0    23     0     0     0     0     0     0     0     0     0     0     0     0     0     0     0     0     0    25     0     0     0     0     0     0     0    25     0    30     0    28     0     0     0     0     0     0     0     0     0     0     0     0     0     0     0     0     0     0     0     0     0     0     0    27     0     0     0     0     0     0     0  
   0     0     0     0     0     0     0     0     0     0     0     0     0     0     0     0     0     0     0     0    25     0     0     0     0     0     0     0     0     0     0     0     0     0     0     0     0     0    24     0     0     0     0     0     0     0    29     0     0     0    27     0     0     0     0     0     0     0     0     0     0     0     0     0     0     0     0     0     0     0     0     0     0     0    28     0     0     0     0     0     0  
   0     0     0     0     0     0     0     0     0     0     0     0     0     0     0     0     0     0     0     0     0    23     0     0     0     0     0     0     0     0     0     0     0     0     0     0     0     0     0    29     0     0     0     0     0    27     0     0     0    28     0    28     0     0     0     0     0     0     0     0     0     0     0     0     0     0     0     0     0     0     0     0     0     0     0    26     0     0     0     0     0  
   0     0     0     0     0     0     0     0     0     0     0     0     0     0     0     0     0     0     0     0     0     0    21     0     0     0     0     0     0     0     0     0     0     0     0     0     0     0     0     0    25     0     0     0     0     0    27     0    28     0    25     0    21     0     0     0     0     0     0     0     0     0     0     0     0     0     0     0     0     0     0     0     0     0     0     0    27     0     0     0     0  
   0     0     0     0     0     0     0     0     0     0     0     0     0     0     0     0     0     0     0     0     0     0     0    29     0     0     0     0     0     0     0     0     0     0     0     0     0     0     0     0     0    30     0     0     0     0     0    22     0    30     0     0     0    28     0     0     0     0     0     0     0     0     0     0     0     0     0     0     0     0     0     0     0     0     0     0     0    24     0     0     0  
   0     0     0     0     0     0     0     0     0     0     0     0     0     0     0     0     0     0     0     0     0     0     0     0    26     0     0     0     0     0     0     0     0     0     0     0     0     0     0     0     0     0    27     0     0     0     0     0    24     0     0     0    28     0     0     0     0     0     0     0     0     0     0     0     0     0     0     0     0     0     0     0     0     0     0     0     0     0    30     0     0  
   0     0     0     0     0     0     0     0     0     0     0     0     0     0     0     0     0     0     0     0     0     0     0     0     0    29     0     0     0     0     0     0     0     0     0     0     0     0     0     0     0     0     0    30     0     0     0     0     0    23     0    22     0    24     0     0     0     0     0     0     0     0     0     0     0     0     0     0     0     0     0     0     0     0     0     0     0     0     0    21     0  
   0     0     0     0     0     0     0     0     0     0     0     0     0     0     0     0     0     0     0     0     0     0     0     0     0     0    26     0     0     0     0     0     0     0     0     0     0     0     0     0     0     0     0     0    21     0     0     0     0     0    30     0    26     0     0     0     0     0     0     0     0     0     0     0     0     0     0     0     0     0     0     0     0     0     0     0     0     0     0     0    22  
   0     0     0     0     0     0     0     0     0     0     0     0     0     0     0     0     0     0     0     0     0     0     0     0     0     0     0    26     0     0     0     0     0     0     0     0     0     0     0     0     0     0     0     0     0     0     0     0     0     0     0     0     0     0     0    21     0    28     0     0     0     0     0    24     0     0     0     0     0     0     0     0     0     0     0     0     0     0     0     0     0  
   0     0     0     0     0     0     0     0     0     0     0     0     0     0     0     0     0     0     0     0     0     0     0     0     0     0     0     0    23     0     0     0     0     0     0     0     0     0     0     0     0     0     0     0     0     0     0     0     0     0     0     0     0     0    24     0    24     0    27     0     0     0     0     0    25     0     0     0     0     0     0     0     0     0     0     0     0     0     0     0     0  
   0     0     0     0     0     0     0     0     0     0     0     0     0     0     0     0     0     0     0     0     0     0     0     0     0     0     0     0     0    26     0     0     0     0     0     0     0     0     0     0     0     0     0     0     0     0     0     0     0     0     0     0     0     0     0    30     0     0     0    25     0     0     0     0     0    25     0     0     0     0     0     0     0     0     0     0     0     0     0     0     0  
   0     0     0     0     0     0     0     0     0     0     0     0     0     0     0     0     0     0     0     0     0     0     0     0     0     0     0     0     0     0    26     0     0     0     0     0     0     0     0     0     0     0     0     0     0     0     0     0     0     0     0     0     0     0    29     0     0     0    30     0    25     0     0     0     0     0    27     0     0     0     0     0     0     0     0     0     0     0     0     0     0  
   0     0     0     0     0     0     0     0     0     0     0     0     0     0     0     0     0     0     0     0     0     0     0     0     0     0     0     0     0     0     0    28     0     0     0     0     0     0     0     0     0     0     0     0     0     0     0     0     0     0     0     0     0     0     0    24     0    27     0    22     0    23     0     0     0     0     0    23     0     0     0     0     0     0     0     0     0     0     0     0     0  
   0     0     0     0     0     0     0     0     0     0     0     0     0     0     0     0     0     0     0     0     0     0     0     0     0     0     0     0     0     0     0     0    25     0     0     0     0     0     0     0     0     0     0     0     0     0     0     0     0     0     0     0     0     0     0     0    23     0    25     0     0     0    28     0     0     0     0     0    23     0     0     0     0     0     0     0     0     0     0     0     0  
   0     0     0     0     0     0     0     0     0     0     0     0     0     0     0     0     0     0     0     0     0     0     0     0     0     0     0     0     0     0     0     0     0    21     0     0     0     0     0     0     0     0     0     0     0     0     0     0     0     0     0     0     0     0     0     0     0    21     0     0     0    23     0     0     0     0     0     0     0    29     0     0     0     0     0     0     0     0     0     0     0  
   0     0     0     0     0     0     0     0     0     0     0     0     0     0     0     0     0     0     0     0     0     0     0     0     0     0     0     0     0     0     0     0     0     0    30     0     0     0     0     0     0     0     0     0     0     0     0     0     0     0     0     0     0     0     0     0     0     0    24     0    25     0    25     0     0     0     0     0     0     0    29     0     0     0     0     0     0     0     0     0     0  
   0     0     0     0     0     0     0     0     0     0     0     0     0     0     0     0     0     0     0     0     0     0     0     0     0     0     0     0     0     0     0     0     0     0     0    27     0     0     0     0     0     0     0     0     0     0     0     0     0     0     0     0     0     0     0     0     0     0     0    25     0    29     0     0     0     0     0     0     0     0     0    25     0     0     0     0     0     0     0     0     0  
   0     0     0     0     0     0     0     0     0     0     0     0     0     0     0     0     0     0     0     0     0     0     0     0     0     0     0     0     0     0     0     0     0     0     0     0    21     0     0     0     0     0     0     0     0     0     0     0     0     0     0     0     0     0    26     0     0     0     0     0     0     0     0     0    25     0    30     0     0     0     0     0    21     0     0     0     0     0     0     0     0  
   0     0     0     0     0     0     0     0     0     0     0     0     0     0     0     0     0     0     0     0     0     0     0     0     0     0     0     0     0     0     0     0     0     0     0     0     0    30     0     0     0     0     0     0     0     0     0     0     0     0     0     0     0     0     0    29     0     0     0     0     0     0     0    28     0    28     0    22     0     0     0     0     0    24     0     0     0     0     0     0     0  
   0     0     0     0     0     0     0     0     0     0     0     0     0     0     0     0     0     0     0     0     0     0     0     0     0     0     0     0     0     0     0     0     0     0     0     0     0     0    30     0     0     0     0     0     0     0     0     0     0     0     0     0     0     0     0     0    23     0     0     0     0     0     0     0    29     0     0     0    25     0     0     0     0     0    22     0     0     0     0     0     0  
   0     0     0     0     0     0     0     0     0     0     0     0     0     0     0     0     0     0     0     0     0     0     0     0     0     0     0     0     0     0     0     0     0     0     0     0     0     0     0    27     0     0     0     0     0     0     0     0     0     0     0     0     0     0     0     0     0    28     0     0     0     0     0    26     0     0     0    27     0    29     0     0     0     0     0    25     0     0     0     0     0  
   0     0     0     0     0     0     0     0     0     0     0     0     0     0     0     0     0     0     0     0     0     0     0     0     0     0     0     0     0     0     0     0     0     0     0     0     0     0     0     0    23     0     0     0     0     0     0     0     0     0     0     0     0     0     0     0     0     0    30     0     0     0     0     0    25     0    29     0    28     0    26     0     0     0     0     0    30     0     0     0     0  
   0     0     0     0     0     0     0     0     0     0     0     0     0     0     0     0     0     0     0     0     0     0     0     0     0     0     0     0     0     0     0     0     0     0     0     0     0     0     0     0     0    21     0     0     0     0     0     0     0     0     0     0     0     0     0     0     0     0     0    22     0     0     0     0     0    28     0    21     0     0     0    27     0     0     0     0     0    25     0     0     0  
   0     0     0     0     0     0     0     0     0     0     0     0     0     0     0     0     0     0     0     0     0     0     0     0     0     0     0     0     0     0     0     0     0     0     0     0     0     0     0     0     0     0    25     0     0     0     0     0     0     0     0     0     0     0     0     0     0     0     0     0    25     0     0     0     0     0    26     0     0     0    28     0     0     0     0     0     0     0    22     0     0  
   0     0     0     0     0     0     0     0     0     0     0     0     0     0     0     0     0     0     0     0     0     0     0     0     0     0     0     0     0     0     0     0     0     0     0     0     0     0     0     0     0     0     0    25     0     0     0     0     0     0     0     0     0     0     0     0     0     0     0     0     0    22     0     0     0     0     0    22     0    24     0    21     0     0     0     0     0     0     0    30     0  
   0     0     0     0     0     0     0     0     0     0     0     0     0     0     0     0     0     0     0     0     0     0     0     0     0     0     0     0     0     0     0     0     0     0     0     0     0     0     0     0     0     0     0     0    27     0     0     0     0     0     0     0     0     0     0     0     0     0     0     0     0     0    26     0     0     0     0     0    22     0    26     0     0     0     0     0     0     0     0     0    27  
   0     0     0     0     0     0     0     0     0     0     0     0     0     0     0     0     0     0     0     0     0     0     0     0     0     0     0     0     0     0     0     0     0     0     0     0     0     0     0     0     0     0     0     0     0    23     0     0     0     0     0     0     0     0     0     0     0     0     0     0     0     0     0    22     0     0     0     0     0     0     0     0     0    26     0    23     0     0     0     0     0  
   0     0     0     0     0     0     0     0     0     0     0     0     0     0     0     0     0     0     0     0     0     0     0     0     0     0     0     0     0     0     0     0     0     0     0     0     0     0     0     0     0     0     0     0     0     0    21     0     0     0     0     0     0     0     0     0     0     0     0     0     0     0     0     0    21     0     0     0     0     0     0     0    21     0    25     0    26     0     0     0     0  
   0     0     0     0     0     0     0     0     0     0     0     0     0     0     0     0     0     0     0     0     0     0     0     0     0     0     0     0     0     0     0     0     0     0     0     0     0     0     0     0     0     0     0     0     0     0     0    29     0     0     0     0     0     0     0     0     0     0     0     0     0     0     0     0     0    23     0     0     0     0     0     0     0    21     0     0     0    26     0     0     0  
   0     0     0     0     0     0     0     0     0     0     0     0     0     0     0     0     0     0     0     0     0     0     0     0     0     0     0     0     0     0     0     0     0     0     0     0     0     0     0     0     0     0     0     0     0     0     0     0    27     0     0     0     0     0     0     0     0     0     0     0     0     0     0     0     0     0    24     0     0     0     0     0    25     0     0     0    29     0    21     0     0  
   0     0     0     0     0     0     0     0     0     0     0     0     0     0     0     0     0     0     0     0     0     0     0     0     0     0     0     0     0     0     0     0     0     0     0     0     0     0     0     0     0     0     0     0     0     0     0     0     0    21     0     0     0     0     0     0     0     0     0     0     0     0     0     0     0     0     0    29     0     0     0     0     0    23     0    23     0    24     0    21     0  
   0     0     0     0     0     0     0     0     0     0     0     0     0     0     0     0     0     0     0     0     0     0     0     0     0     0     0     0     0     0     0     0     0     0     0     0     0     0     0     0     0     0     0     0     0     0     0     0     0     0    24     0     0     0     0     0     0     0     0     0     0     0     0     0     0     0     0     0    29     0     0     0     0     0    28     0    24     0     0     0    29  
   0     0     0     0     0     0     0     0     0     0     0     0     0     0     0     0     0     0     0     0     0     0     0     0     0     0     0     0     0     0     0     0     0     0     0     0     0     0     0     0     0     0     0     0     0     0     0     0     0     0     0    25     0     0     0     0     0     0     0     0     0     0     0     0     0     0     0     0     0    23     0     0     0     0     0    28     0     0     0    25     0  
   0     0     0     0     0     0     0     0     0     0     0     0     0     0     0     0     0     0     0     0     0     0     0     0     0     0     0     0     0     0     0     0     0     0     0     0     0     0     0     0     0     0     0     0     0     0     0     0     0     0     0     0    21     0     0     0     0     0     0     0     0     0     0     0     0     0     0     0     0     0    24     0     0     0     0     0    25     0    25     0    23  
   0     0     0     0     0     0     0     0     0     0     0     0     0     0     0     0     0     0     0     0     0     0     0     0     0     0     0     0     0     0     0     0     0     0     0     0     0     0     0     0     0     0     0     0     0     0     0     0     0     0     0     0     0    25     0     0     0     0     0     0     0     0     0     0     0     0     0     0     0     0     0    25     0     0     0     0     0    30     0    26     0  
