80

  0    1    4    8    2    3    5    9   10    8    1    9    3    5    2    4    7   10   10    8   10    5    6    6    6    6    6    8    9    9    2   10    8    6    7    3    3    5    9    2    4    5   10    7    6    6    4    5    7    4    8   10   10    4    8    9    7   10    9    5    9   10    7    9    7    8    2    9    5    2    3    6    5    7    9    6    6   10    6    9  
  1    0    1    4    6    2    4    9    5    3    3    1    6   10    2   10    6    9   10   10    5    9    6    5    2    3    6    8    4    7    6    8    5    3    3    7    2    9    2    7    8    2    5    5    8    3   10    3    7    3    3    9    3    9    7    3   10    5    2   10    9   10    4    5    3    8    9    3    4    4    4    6    4    4    9    2    7    9    3    6  
  3    1    0    1    2    6    8    8    6    7    8   10    1    6    4    6    5    5   10    9    6    7    3    7    5    3    6    2    8    2    3    5    5    9    8    8    5    8    7    8    7    7    7    2   10    9    9    2    9    5    9    5    2    2   10    3   10    4    4    7    5    9    4   10   10    3    7    9    9    7    7    3   10    4   10    2    2    6    2    3  
  2    2    1    0    1    9    4    6    8    3    3    9    4    1    7    9    9    9    4    5    5    4    6    5    2    6    5    8   10    4    9    5   10    9    7    6    4    2    9    6    8   10    5    9    6    5   10    4    2    4    9    3    7    9    3    3    6   10    8    4    6    3    2    6    9    3    6    9    6    9    6   10    4    9    4    2   10    9    4    5  
  7    6   10    1    0    1    7    9   10    9    2    7   10    7    1    9    5    6    8    4    7   10    4    4    4    5    6    5    8    3   10   10    4    6    2    3    9    8    9    5    5    2   10    6    6    5    5   10    7    3    7    8    5    6   10    6    8    9    4    8    6    8    4    6   10    4    8    6    3    8    7    9   10    2    9    8    6    4    6    6  
  6    3    2    8    1    0    1    4    8    7    5    9    4    5    8    1    3    7    5    6    6    9    6    6    4    9   10    4    9    3    8    4    9    7    6    4    3   10    4    5    7    3    5    9    7    7    4    3    2    9    3   10    6    2    7    8    2    8   10    8    9    9    8    6    6    8    4    5    3    2    2    7    7    6    6    6    8    9    5   10  
  4    8   10    4    9    1    0    1    5    5    9    2    8    2    2    9    1    9    2    4   10   10    8    4    6    2    7    6    3    3    4    9    5    2    4    2    2    8    8    3   10   10    8    4    9    7    2    3    4    7    8    2    6   10   10    2   10    4    9    3    9    5    7    3    5    7    2    4    4    7    8    2    8    2    3    5    5    4    9    4  
  6    6    5    2    2    2    1    0    1    9    9   10    2    8    6    4    3    1    8    3    2    6    5    2    8    6    7    2   10    2    7    7    8    5    2    3   10    2    9    6    7    3    7    6    7    3    5    2    3    6    5    3    3    4    7    9    8    3   10    5    8    9   10   10    7    2    4    8   10    7    3    5   10    9    2    2    9    6    4   10  
  7    3    5    3    6    7    5    1    0    1   10   10    5    5    6    5    6    2    1    5    9    4    9    2    7    2    5    8    8    5    2    5    5    9    2    9    7    9    9    4    3    6    7    9    5   10    3    5    7    7    5    6    7    6   10    8    8   10   10    5    6   10    3    9    3    9   10    6    4   10    8    5    7    2    4    6    6    9    7    7  
  3    3    8    2    9    6    4    5    1    0    8    6    5    7    9    5    3    8    8    1    3    5    8   10    8    8    6    6    2    2    4    4    6   10    8    9    9    5    6    8    7    7    2    4    6    9    2    8    5    9    2    6    4    6    7    5   10    8    2    5   10    6    8    3    8   10    6    8   10   10    3    3    4    2    5    6    9    2    5    8  
  1    4    4    2    6    6    6    8    6    9    0    1    7   10    3    8    8    3    2    4    1    8    5    5    9    3    4    5    6    8    8    6    3    2    2   10    8    8    8    2    8    7    6    4    6    7    6    3    2    2    7    8    2    5    2   10    2    2    3    4    9    5    9    7    6   10    2    6    8    7    9    9    6    7    7   10    6    2    4    9  
  5    1    2    2    6    6    6    5    9    8    1    0    1    3    5    7   10    7    2    6    5    1    2   10    3    2   10    4    4    6   10    3    9    7    4    9    6    6    8    8    6    6   10    5    3    5    3    3    7   10    8    7    3    5    5    4    9    8    8    4   10    8    8    5    9    5    2   10   10    7   10    5    6    7    5    4    7    6    9    9  
  6    6    1    3    4    6    7    9   10    6    3    1    0    1    9    8    4    4    5    8    5    9    1    5    5    8    6    2    3    9    3    5    4    6    3   10    2    9    8    9    4    2    3    9    6    6    4    9    4    7    5   10    5   10    6   10    6    5    3    9    9    7    9    7    8    2    9    5    8    2   10    8    7    4    5   10   10    4    6    5  
  4    7    9    1    9    3   10    7   10    6    2    2    1    0    1    3    7    8   10    7    5    5    4    1    3    7   10    3    9    7    2    2   10   10    5   10    5    7    6    6   10   10    4   10    6    9   10    3    6   10    9    2    5   10    4    8    4    4    7    7    4    9    7    7    7    4    3    8    2    2    4    2   10   10   10    5    3    7    5   10  
  5    3   10   10    1    3    4    8    9    4    3    5    4    1    0    1    3    7    9    6    6   10    2    2    1    3    6    7    6    6    2    2    3    9    3    3    8    5    5    9    4    9    7    7    7    9    7    2    9    9    2    8    8    8    6    7    3    5    3    4    2    6    4   10    6    7    8   10    4    2   10    8    3    2    8   10    7    9    5    5  
  9    7    3    4    6    1    4    5    9    7    3    7    4    6    1    0    1    7    3    6    4    6    5    6    5    1    5    8    3    5    3   10    6    5    9    5    5    3    4   10    5    3    6    5    7    5   10   10    8    8    6    4    5    5    6   10    4    2    6   10    5    2    4    4    9    4   10    9    9    3    7    9    6    3    6    4    8    4    9    4  
  3    5   10    2   10    3    1    7    2    7    8    2    7    2    8    1    0    1   10    6    6    8    3    3    5    2    1    2    3    2    7    8    9    4    7    2   10    7    9   10    9    2    7   10    9    5    8    2    5    6    3    8    2    9    4    2    9    4    7    2    4   10    7    7    7    9    5   10    2    7    4    4    8    5    2    3    6    8    9    3  
  5    6    2   10    7    9    8    1    4   10    9    5    3    5    7    6    1    0    1   10    4    2    2    2    8    4    8    1   10    2    4    6    8    5   10    5    4    9    4    9    4    7    3    7    8    5    2    4    7    5    2    4    5    4    5   10    6   10    4    4    9    6    7    2    8    9    7    5    2    7    7    9    6    6    2    8    5    4    8    2  
  3    9    9    4   10    9    9    3    1    9    6    4    4    4    5    2    8    1    0    1    3    9    2    2    6    5    4    4    1    4    5    9    2   10    7    9    5   10    7    5    2    6    4    7    7    4    4    6    9    4    5    8    5    5    9    2    7    4    9    6    8    2    6    9    4    6    8    7    4    5    2    8   10    5    3    2    5    7    7    6  
  4    9    8    7    5    9    7    9    3    1    2    6    3    9    5   10    6    5    1    0    4    2    9    2    3    5    2    7    7    1    3    7    3    3   10    2   10    8    7   10    6   10    5    2    4    4    4    8    2    6    6    2    9    7   10    5    2    6    4    9    6    9   10   10    7    6    3    5    6    9    4    3    5    5    7    3    9    6    5    5  
  3    6    2    5    7    5    6    3    6    7    1   10    4    5   10    5    7    5    4    9    0    1    6    8    6    5    7    8    8    6    1    2    4    4    5    9    2    8    3    2    6    2    8    3    7    4    2    3    4    3    8    7    4    2    6    2    3    2    9    9    4    5    3    2    7    8    4    5    9    5    6    5    9    8    6    2    3    2    8   10  
  4    3    5    5    6    3    9    3   10    7   10    1    9    3    2    3    5    9   10    4    1    0    1    3    8    3    8    4    2    7    7    1    5    2    5    2    8    8    3   10    3    8    9    2    8   10   10    5    8    3    9    8    7    5    5    3    9    9    8    3   10    2    3    5   10    4    8    3    5    3    6    9    7    4    7    5    8    5    8   10  
  2    8   10    6    6    9    5    4    4    9   10    7    1    5    9    2    8   10    4    5    3    1    0    1    5   10    6    2    5    4    3    7    1    4    5    3    4    4    4   10    6    7    5    4    3    8    9    5    8    3    7    8    9    4    8    4    2   10    5    5    6    5    4    4    9    6    5    7    5   10    6    3    4    7    8    6    4   10    9    7  
  7    9    9    7    4    7    8    9    8    8    8    6    9    1    6    5    4    4    5    3    3    7    1    0    1    8    9    7    4    8    3   10    3    1    7    3    3    7    5    7    3    5    9    8    4    5   10    4    7    4    9    5    9    6    7    6    9    4    5    7    2    6   10    9    9   10    9    6    3    7    3    2    4   10    5    7    4    2    7    3  
  4    3    5   10    7   10   10    2    2    4    9    8    4   10    1   10    3    6    6    2    8    3    3    1    0    1    9    4    7    7    7   10   10    2    1    9    5    8    4    5    8    3    6    7   10    7    3    9    7    2    6    7    6    4    5    4   10    5    8    8    2    3    6    4    7    2    2    3    9    4    5   10   10    4    6    6    7    3    9    6  
  2    6    5    9    7   10    7    2    7    8    3    7    4    9    7    1    9    3    9    8    4    4    6    3    1    0    1    9    4    5    5    4    6    4    5    1    9    8    4    2    7    5    9    8    3    6    6    5    5    4    5    2    5   10    2    8    6    6    9    4    4    3    5    7    6    2    6   10   10    7    4    6    8    8    3    4    2    3   10    2  
  7    2   10    6    7    2    6    6    5    5    4    5    5    4    2    4    1    9    5    6    5    4    9    4    3    1    0    1    6    7    5    4    2    2   10    4    1    2    9    3    8   10    8    6   10   10    7    8    3    3    5    6    7    4    2   10    3    3    8    5   10    4    2    2    3    7    9    8    8    2    7    6    2   10    5    3    7   10    8    2  
  7    7    6    8    2    6    9    9    3    2    5    3    3   10    4    3    9    1    3    5    7    9    7    4    3    2    1    0    1    6    2    4   10    6    5    9    9    1    6    2    4    7    7    9    4    4    8    3    9    5    4    4    6    4    8    9    9    9    5    6    9    9    9    3    5    4    8    9    7   10    3    7    3    3    6    9    4    5   10    3  
 10    6    4    3    6    8    7    5    9    5    5    9    2    4    9    7    3    3    1    7    6    4    8    7    2    3    7    1    0    1    2    8    6    4    3    5   10    9    1    4   10    2   10    2    7   10    3    3    9   10    8    5    8    6    2    6   10    7    4   10    9    2    6    4    8   10    4    2    2   10    4    5    9    4    2    9    2    8    3    6  
  8    5    2    7    7    2    5    6    9    4    4    3   10    2    2   10    8    7    7    1    8    8   10    6    6    2    6    5    1    0    7    9    7    9    7    2    4   10    8    1    8    5    3    6    4    9    2    9    2    9    8    3    6    3    8    6    2    3    8    7    3    5    9    7   10   10    3    5    2    6    6    6    4    3    5    4    6    2    4    7  
  5    5   10   10    8    5    4    7    4   10    2    6    6    9    3    2    2    8   10    8    1    9   10   10   10    3   10    2    4    5    0    1    9    2    4    3    8    4    9    9    1    4    2    6    2    6   10    7    2   10    6    5    5    3    4    2    6    9    6    9    4    6    5    3    4    8    6    9    7   10    7    8    6    2   10    6    7    6    8    6  
  2    8    2    2    4    7    7    5   10    8    6    4   10   10    3    5    7    8    8    5    2    1    8    5    3   10    9    2    6    8    1    0    1    8    2    5   10    8    5    5    9    1    4   10   10   10    6    9    7    7    6    9    6    7    6    6    3    2    5    8    4   10    4    8    3    2   10   10    6   10    8    6    5    4    3    4    2    2   10    3  
  6    4    3    7    8    3    3    5    5    5    8    8    4    2    9    3    4   10    3   10   10    4    1   10    2    8    4    6    7    5    7    1    0    1    3    9    3   10    3    3    8    2    1    7    3    3    3    6    9    2    2    8    2    9    6    7    7    8    5    5   10    8    7   10    8    2    5    3    4   10    7    6    8    6    4    4    2    6    6    8  
  9    6   10    7   10    9    3   10    8    5    3    8    7    8    7    4   10    2    6    6    5   10    4    1    6    3    3    4    4    9    5    9    1    0    1    6    9    3    9    7    6    8    5    1    3    3    4    7   10    9    8    4    8    9    5    7    3    8    3    3   10    3    6   10    7    3    7    4    5    5    8    9    4    2   10    2    4    3    5   10  
  4    9    2    7    8    6    8    7    4   10   10    5    7    9   10    2    4    7    2    2    6    5    2   10    1   10    6    3    7    6    3    8    6    1    0    1    3    3    7    8    2    8    3    8    1    7    8    8    2    9    3    4    7    3   10    7    3    6    8   10    6    3    6    2   10    9   10    6    4    5    5    9    5    9   10    4    5    5    3    2  
  5    4    6    3    3    2    3   10    5    8    3    8    5    2    8    4   10    3    7    9   10    5    6    2    5    1   10    8   10   10    9    8   10    3    1    0    1   10    6    8    5    6    5    3    9    1    7   10    6    2    7    8    4    7    9   10   10    4   10   10    4    4    6    6    8   10    4    4    9    6    5    6    2    4   10    8    5    8    6    7  
  4    9    7    2    8    7    5    7    2    9    5    3    5    2    9   10    5    2    6    9    8    9    2    3    3    6    1   10    5    3    5    2    3    3   10    1    0    1    7    7    9   10   10   10    3    3    1    2    9    3    8    6    8    6   10    6   10    6    8    6    6    8    5    6    9    5    3    9    4    9   10    3    7    3    3    5    6    8    3    6  
  9    9    8    5    5    4    4    5    5   10   10    6    4    7    7    8    5    2    7    3    2    8    9    6    5    9    6    1    6   10    8   10    6    8    6    3    1    0    1    2    4    7    7   10    3    8    4    1    4    2    3    3    5    8    6    3    5    9    2    4    8   10    6    9    5    8    2    3    2   10    3    2    6    5    4    9   10    8    5   10  
  5    7    6    2    2   10    8    4    6    4   10    8    3    6    7    9    8    8   10   10    2    9    4    9    5    4    9    6    1    6    6    5    9    3   10    3   10    1    0    1    5    6    7    2    5   10    4    2    1    9    6    8    9   10    4   10    4    3    3    3    4    3    5    5    8   10    5   10    8    3    7    7    7    4    7   10    6    6    3    9  
  3    6    4    2    6    8    9    9    3    5    4    4    6    3    6    6    9    7    8    8    8    8    5    7    7    7    6    8   10    1    4   10    6    8    8    8    8    2    1    0    6    5    5    5    8    8    5    3    4    1    5    4    7   10    4    5    3    7    5    3    8    5    8    6    2    2    2    9    8    7    6    6    8    8    8    5   10    4    8   10  
  6    3    4    4   10   10    9   10    4    3    2    9    4    2    4    2    7   10   10    3    9    9    6    5    3    8   10   10    6    6    1    7    3    5    9    5    8    5    2    5    0    1    3    9   10   10    8   10    2   10    1    3    9    2    6    9    5    3   10    5    9    3    8   10    7    8    2   10    2    2    8    4    5    3   10    6    4    4    3    6  
  3   10    7    5    8    5    6    8    4    9    7    2    2    5    8    5    7    4    2    9    2    6    6    2    5    5    2    8    3    2    7    1   10    5    8    6    3    9    6    3    1    0    1   10    8    8    2    5    9    4    2    1   10    7    2    9    2    7   10    5    5    9   10    5    4    7    4    3    3    5    8    8    8    9    8    2    4   10    5    7  
  4    9    6   10    4    6    7    5   10    8    5    3    6    8    9   10    9    3    7   10    2   10   10    6    8    6    8    2    4    7    8    3    1    8   10    5    4    4   10    9   10    1    0    1    6    4   10    3    5   10    5    7    1    4    9    8   10    4    8    7    6    5    8    7    6    3    4    6    7    7    9    8    6    3    7    9    2    3    9    4  
  5    3    4    2    3    9    3    6    6    4    3    6    2    7   10    8    2    3   10    4    2    6    7    6   10    4   10    6    3    4    8   10    3    1   10    5    6    8    6    5    8    5    1    0    1    6    6    4   10    2    6    3   10    1   10    7    9   10    5    5    7    8    9    4    8    8    9    4    8    8    3    4    8    8   10    5    9    6    2    8  
  8    2    9    3    7    4    5    3    9    7    2    5    7    2    7   10    2    6    6    5    7    2    8    7    7    9   10    8    7    3    8   10    6    8    1    2    6    9    3    8   10    4    3    1    0    1    8    3    4    8    2    4    9    7    1    5    4    9    2    6    7   10    3    7    4    8    5    7    4    3    9    9    2    2    5    9    9    2    6    3  
  7    5    9    8    5    3    3    6    8    6    5    7    7    2    8    4    7    6    9    7    3    3   10    6    8    2    5    7    9    3    9    4    8    4    2    1   10    9    3    5    2    2    6    6    1    0    1    6    3    8    5   10    9    5    9    1    2    4    7    7    9    7    7    4    7    7    7    9    8    2    6    4    2    4   10    6    6    9    4    4  
  5    6    4    8   10    3    7    9    5    2    7   10    6    4   10    5    2    4    6   10    3    5    2    8    3    9    5    4    2   10    9    7    8    9    9    4    1    3    3    4    6    6    2    9    2    1    0    1    5    5    5    9    5    5    2    3    1    7    2    9    5    5    3    8   10    4    2    3    8    2    3   10    3    2    5    7   10    5   10   10  
  8    9    9    3    9    3    8    7    8    3    7    6    7    4    6    3   10    4    3    5    8    6    2    8    7    6    8   10    8    3    8    4    3    3    3   10   10    1    7    9    3    3    6   10    2    2    1    0    1    6    9    4    9    6    8    2    4    1    4    4    6    9    8    9    3    3    8    9    4   10    2    6    6   10    7    3    5    8    4    9  
  3    5    7   10    3    4    5   10    7    4    7    3   10    5   10    6    8    3    8   10    6    2    7    7    7    8   10    8    9    5    4   10    4    2    9    3    9    3    1   10    7    3    7    3    6    2    3    1    0    1   10    5    7    2   10    8    2    4    1    8    9    5   10    9    8    5   10   10    2    5    9    4    4    7    9    5    9    4    2    2  
  8    4    4    7    3    8    4    5   10    9    3    3    5    4    3    3    3    8    8    8    3    8    3    4    5    5   10    2    2   10    6    3    6    3    3    6    6    4    7    1   10    4    8   10    5    9    6    5    1    0    8    7    2    9   10   10   10    4    4    1    7    2    5    2    2    5    7    4    4    3    4    2   10    7    9   10    6    4   10    3  
  5    8    7    9    9    5    4    8    4    9    9    2    3    2    2    6    4    4    6    5    4    6    3    5    7    2    6    9    5    8   10    3    7    9    3    9   10    5    7    5    1    8    2    3    9    3    6    7    3    6    0    1    6    4    5    3   10    2   10    6    1    5    9    8    3    9   10    2    5    6    9    3   10   10    7    3   10    5    3    4  
  9    2    5    2    5    5    7    8    2    3    4    3    5    5    3    3   10    2    5    4    3    9    2    8    2    3    9    3    4    6    8    5    9    5    2   10    7    4    2    8    8    1    3    9    2    5    9    8    5   10    1    0    1    6    2    4    8    2    6    2    3    1    3    6    9   10    4   10    7    8    3    9    4   10    3    6    6    8    5    2  
  3   10    8    6    6   10   10    2    7    8   10    8    7    6    9    6    4    7   10    6    4   10    3    3   10   10    6    2   10    4    7    8   10    9    4    4    4    4   10    6   10    4    1    8    8    6    4    4    3    5    3    1    0    1    6    6    3    5    2    8    7    2    1    6    3   10    2    4    6    9    9    3    4    5    4    7    5    8    5   10  
  9    3    3    2    7   10    8    2    8    7   10    9    7    2    4    8    3    5    7    8    6    5    3    5    5    7    6    7    6    2    2    2   10   10    6    6    2    9    9    7    4    6    5    1    7    9   10    4    3    7   10    9    1    0    1    9    3    6   10    3    6    3    3    1    2    9    6    8    4   10    9    5    3    4    4    3    7    8    4    7  
  3    9   10    5   10    3    4    6    9    7    4    9   10   10    8    3    8    8    7    6    8    3   10    6   10    7    6   10    9    2    7   10    5    2    3    6    4    8    7    5    4    5    5    6    1    7    2    2   10    3    2    8    8    1    0    1    9   10    3    2    5    3   10    3    1    3    6    6    6    2    7   10    4   10    4   10   10    5    6   10  
 10    3    2    4    8    9    2   10    2    3    9    9    2    8    9    8    3    6    6   10    2    8    5    4   10   10    7    5   10    6    6    2    6    3    5    4    8    5    2    3   10    2    8    8    3    1    5   10    7    8    5    5   10    5    1    0    1    8   10    5    9    9    6    9    4    1    9    7    3    2    8    8    5    6    7    5    6    8    2    5  
  3    9    7    4    4    9   10    6    6    4    8    7    2   10    6    3    3    6   10    2    6    8    5    9    2    9    5    9    6    2    4    3    9    8    8    5    5    2    5    2    9    7    2    6    2    7    1    4    3    6    4    2    5    7    4    1    0    1    2    5    7    7   10    4    8    5    1    6    7    5    3    8    8    7    6    4    7    8    6    5  
  7    4    8    3   10    3   10    6    6    6    4    3    6    7    9    8    9    9    4    2    2    5    5   10    8    2    4    3    4    8    7    9    4    3    3    6   10    8    9    3    3   10    5    2    7   10    7    1    3    2    9    3    3    2    2    6    1    0    1    9    7    8    9    8   10    3    9    1    2    7    5    9    9    2    7    7    4    6    6    5  
 10    5   10    8    6    6   10    4    6    8    4    9    3    4    5   10    2    6    5    8    2    2    6    5    5    3    5    8    9    5   10   10    5    5    7   10    7    3    3    5   10    5    9   10    9    5   10    4    1    3    4    2    2    9    6   10    4    1    0    1   10    2    4    9    6    7    8    3    1    3    2    4    2    5    5    4   10    5    6    8  
  4    8    2    2    5    9    8    7    7    2    5    8    5    2    6    4    8    4    8    7    9    2   10    9    6    7    9    6    5    3    5    4    9    3   10    7    3    6    7    9    8    5    3    3    4    6   10    9    5    1    5    5    3    5    2    4    2    9    1    0    7    3    4    8   10    2    3    4   10    1    5    6   10   10    3    8    4    5    4    2  
  8    3   10    7    4    7   10   10    7    7   10    2    6    5   10    4    7   10    7   10    2    4    7    8    6    2   10    7    9    6    3    7    5   10    8    5    5    2    2    4    8   10    5    8    9    6    3    2    4    2    1    3   10    4    6   10    6    7    4   10    0    1    4    3    7    9    7    2    4    9    1    2    3   10   10    5    7    5    4   10  
  8   10    5    8   10    3    4    5    3    2    5    7    4    2    2   10    7    6    7    4   10    4    7    9   10    8    4   10    2    2    3    4    8    7    4    2    4    7    3    7    2    7    5    3    9    8    9    4    7    7    4    1    5    9    3   10    6    6    7   10    1    0    1   10    3    6   10   10    8    5    4    1    6    4    7    9    7   10    4    4  
  4    3    8    8    6    6    3    7    2   10    5    4    2    7    2    6    4    6   10    7    6    4    3    6   10    5    7    6    9    3    9   10    5    6   10    4    3    2    6    5    9    8   10    5    7    4    2    4    9    3    4    7    1    4    5   10    3    4    9   10    3    1    0    1    5    3    4    8    2    9    3    2    1    9    5    8    4    5    9    2  
  6    7    3    6    6    5    7    5    8    7    4    3    6    9    8   10    3    7    2    2    6    2    3    4    8    7    5    7    7    6    4    2    5    6    5    5    3    9    6    5    7    5    2    9    9    8    9    4    5    8    8    9    3    1   10    6    9    7    7    8    6    8    1    0    1    8    7    8    2    3    6    8    4    1    6    9    3    2    2    9  
  7    9    3    3    2    8    4    5    5    3    3    8    2    8   10    9    2    2   10    4    9    9    2    7    6    5   10    9    7    7    3   10    7    7    4    2    8    9   10    2    7    6    5    6    9    5    7    3    3    5   10    6    3    7    1    4    8    9    4   10    9    3    3    1    0    1    8    8    9    6    2    4    9    7    1    2    5    7   10    6  
  9    9    4    9    2    6    3    7    9    3    8    3    6    3    4    4    8    8    5   10    2    9    9    2    9    4    4    3   10    6    6    5    5    9    3    9    9    7    5    2    8    4    2    5    6   10    2    7    2    8    9   10    8    3   10    1    9    3   10    5    3    5   10    9    1    0    1    4    8    8    8    3    7    9    5    1    8    7    2    2  
  3    2    7    5    8    8    4    6    9    8    9    4    4   10    7    2    9    4    6    6    5    4    3    9    4    6    5    8    3    8    5    6    2    8    4    4    5    3    9    5   10    4    2    5    3    9    5    6    3    9    2   10   10    6   10    7    1    2    3    7    4    5    6    5    7    1    0    1    3    9   10    9    7    9    4    3    1    4    4    9  
  7    7    3    7   10    3    4    9    5    3    5    6   10   10    7    7    9    8    5    8   10    4    6   10    2    8    4    8    4    8   10    3    6    9    4    5    8   10    2    2    2    6    2    3    8    9    3    3    5    4    9    2   10   10    2    9    3    1    4   10    7    6    3    8    3    9    1    0    1   10    6    8   10    9    3    4   10    1    3    9  
  7    7    5    6    7    2    4    8    7   10    9    9    2    5    3    3    9   10    7   10    8   10    4    7   10    3    9    4    8   10   10    2    8    6    4    3    2    9    5    4    4    7   10   10    7    2    8   10    2    3    6    2    6    9    4    7   10    5    1    5    6    9    8    6    8    5    3    1    0    1    6    2    6    4   10   10   10    9    1    3  
  5    7    5    4    6    9    4   10    5    3    7    8    8    8    2    5    3    3    9    5    4    5    2    9    7    2    8    6    4    3    6    5   10    8    2    4    7    3   10    7    8   10    7    4    6    2    8    9    6    7    4    2    4   10    4    4    2    3    2    1    5    4    7    8    2    4    6    8    1    0    6    6    9    5    9    7    5    4    3    1  
  3    4   10    6    2    4    6    6    6    5    6   10    7    2    5    4   10   10    5    9    6    4    8    2    8    2   10    4    5    5    4    5    7    4    3    6    7    2    4   10    3    6    9   10    4    3    7    7    3    6    4    7    6    9    4    4    4    6    5    6    1    6    3    3    9    4    4    8    2    3    0    1    8    3    3    8    4    5    2    9  
  8    4    5    3    4    3    6    6    9   10    6    8    9    5    2    2    7    7   10   10    7    3    8    4    4    5    7    4    3    3    3    4    9    2    7    2    5    5    4    3    5    5    7    7    2    3    9    9    2   10    9    5    8    7    5    8    2    6    9    9    5    1    3    5    8    2    9    9    5    4    1    0    1   10    7    6    4   10    5    3  
  3    3    4    4    8    5    7    5    9    2   10    5    5    8    8    7    8    9    3    9    9    9    9    9    8   10    5    5    7   10    5    3    9    6    2   10    2    4    6   10    6    6   10    4    7    2    3    9    7    4    6    8    6    9   10    8    5   10    3    9    8    6    1    9    9    2    6    9   10    5    4    1    0    1    4    7    9    7    4    9  
  8    9    5    3    4   10    4    4   10    8   10    2    7    5    4    5    9    3    6    7    5    3    9    8    6    6    9    5    3    6    4    9    4    4    3    5    6    9    7    9    5   10    9    9    7    3    7    3   10    4    3    7    9    7    6    4    5    4   10    5    6    6    6    1    7    3    8    2    7    3    5   10    1    0    1    6    8    5    3    6  
  2    6   10    7    2    4    3   10    3    3    9    6   10    5    2    8    2    6    8    2    9   10    7    8    2    2    8    5    6    8    2    8    3    7    5    9    9    6    5    9   10    5    7    7    8    3    4    9    6    7    8    7    5    8    5    3    4    8    3    2    2    7    2    3    1    9   10    9    4    7    7    9    4    1    0    1    9    8   10    6  
  8   10    5    8    7    2   10    9    6    4    2    5    6    5    6    9    3    8    6    2    6    6    9    6    3    8    6    6   10    8    7    5    9    8    6    2    5    3    9    2    2    5    6    6   10    4    9    7    6    3    8    7    2    5    3    5    9   10    4    7    4    7    3   10    3    1    9    2   10    5    9   10    2    2    1    0    1    2    5    7  
  6    7    5    5    6    6    7    5    6    6    5    6    5    2    9    4    2    5    7    2    3    4    7   10    2    7    5    6    4    6    9    4    2    3    2    5    5    5    6    3    8    3    4   10    8    7    5    4    9    2    3    8    6    6    9    7    3    7    2    9    4    2    4    2   10    2    1    4    9    4    6    9    5   10    8    1    0    1    3    2  
 10    2    6    5    6    3    8    8    8    9    3    6    7    2    4    2    5   10    3    9    6   10    4    4   10    8    2    4    5    7    9    5    8    7   10    6    8    4   10    7    6    7    5   10    4    9    7    6    8    9    5    6    9    3    3    7    4    9    6    2    2    6    3    5    2    3    3    1    3    6    2    5    8    2    8    9    1    0    1   10  
  3    8    9    6    6    6    5    6   10    9    6    2    7    8    2    4    8   10    2    7    9    5    3   10    6    6    8   10    9    6    6   10    6    7    5    8    7   10   10    6    5    5    5    8    4    7    3   10    7    9    9    4    9    4    7    6    4    6   10    6    4    5    6    8    8    9    2    2    1    2    8    6    2    7   10    7    9    1    0    1  
  3    2    5    3    2    9    7    6    8    5    5    8    4    3    7    8   10    3    8    3    8   10    8    5    4    3    8   10    4    4    7    6   10    9    4    3    5    3    6    3    3   10    7    9    5    8    2    7    3    9    4    6    8   10    9    2    5    2    6    5    4    5    5    8    4    2    3    8    6    1    7    6    8    4    3    2    9    3    1    0  

  0   14    0   15    0    0    0   28    0    0   27    0    0   70    5    1   98   74   87   66    0    7   37   93   45    0   28    0    0    0    0    0    0   16    0    0    1    0   45   57    0    0    0   25    0   55    0    2   86    0   23    0   20   86   70    0    0   44    0    0    0   97    7    0    0    1   67    0   26    0   43    0   41   18    0    0    0   86    0   60  
  1    0    0   39    0    0    0   10    0    0   99    0    0    1   53   32   12    9   27    1    0   20    4    0    0    0    0    0   63    0   30    0   66    5    0   35    3    0   15    3   71    0   41   48    0    0    0   12    0    0    0    0   65    0   19    0    1    0    0   43    0   46    0    6    0   65    0    0    7    9    0    0   42   95    0    9   21    3    0    9  
  0    0    0    0    6   31    4    0   37   33    0    0   66    0    0   57    0    0    0    0    0    0    0    0    2   38    0    1    0   25    0   71   89    0   85    0    0   17   24    0    0   66    0   18    1   41    0    0   90    4    0    0    0    2    0    2   31   65   78   42    0    1    0    0    8    0    0   33    0    0    0   13    0    0   16    0    0    0   34    0  
 44   42    0    0    0    0    0   58    0    0    0   30    0    4   51   55   92   49   38   54    0   38   43    0    0    0   67    0   94    0   99    0    0   12    0    3   44    0   33   36    7    0   51    0    0    0    0   21    0    0    0    0   66    0   50    0    2    0    0    0    0   60    0   16    0    3    0    0    7   71    0    0   27    3    0    2   73    1    0   75  
  0    0   64    0    0   59    0    5   88   18   80    0    1    0    0   24    0    0    0    0    8    0    0    0   36   38   19   48    0    0    0    0   17    0    1    0    0   23    0    0    0   47    0   93    7   29    0    0    2   25    0    0    0    6    0   92    0   97    0    0    0    0    2    0   38    0   23   40    0    0   63   27    0    0   58    0    0    0    4    0  
  0    0  100    0   60    0   27   47    0   86    0   14   31    0    6   20    0    0    0    0    0    0    0    0    2   45   54   22    0   28    0   76   16    0   87    0   52    2   25    0    0   12    0   44    1    8   80   89   28   80    0   37    0   64    4   65    0   37   50   24    0   22    0    0   47    0    0    5    0    0    4   58    0    0    0    5    0   20    0    0  
  0    0   58    0    0    8    0    0    0    0    0   97   12    0    0    0    0    0    0    0    0    0    0    0    0    0    0    0    0   63    0   25    0    0    0   56    0   10   47    0    0    0    0   25    0   12    7    0   14   21    0   74    0    0   32   36    1    0    4   44   78    1   15   47   43    0    0    0    0    0    0    0    0    0    0   95    0   72    0    0  
  9   46    0   23    0   69    0    0    0    0    0    0    0    8    3   39    2   58   20   48   28    5    6    0    2    0   64    0   47    0   62   58    0   38    0   94   12    0   11   44   42    0   92   93    0   43   35   67   30    0    0   81   60    0    3    0   57   26    0   32    0    3    0   93   63   34    0    0   44   10   10    0   34   93    0    3   32    7    0   61  
  0    0   23    0    3    0    0    0    0   14   84    0   26    0    0    0    1    0    0    0   13    0    0    0    1   43   88    8    0    0    0    0    4    0    1    0    0   33    0    0    0   14    0   86   12    3    0    0   45    0    0    0    0   82    0   35    0   52    0    0    0    0   18    0   85    0   35   54    0    0    1   16    0    0   15    0    0    0    9    0  
  0    0   91    0    2   95    0    0    1    0   95    0    3   53   70   35    0    0    0    0   44    0    0    0   11    1   14   20    0   20    0   41   42    0   75    0    6   28   80    0    0   49    0   40   48   91    0    0   61   36    0    0    9    5    0    8    0   23   52    0    0   59    1    0    1    0    4    2    0    0    9   69    0    0    3    0    0    1   93   16  
  0    0    0    0   75    0    0    0   54    2    0    0    0    0   34    1    0    0   96    0   59    0    0   93    8   46   41   12    0    0    0    0   90    0   49    0   46   49   28    0    0   45    0   52    7   62    0    4   10    0    7    0   53   78    0   31    0    7    0    0    0    2   15    0   11    2   74    7    0    0   17   49    0    0   36    0    0    0   76   29  
  0    0    0    0   14    5   32    0    0    0    0    0    0    0    0    0    0    0    0   12    0    0    0    0    0    0    0    0    0   13    0   84    0    0    0   19    0    0    0    0    3    0    0    0    0    0   16    0    0    0    0   87    0    0   30    0   36    0   16    1   43    0    0   61    0    0    0    0    0   99    0    0    0    0    0   27    0   15    0    0  
 12    0    4    0   45    2   74    0   23   74    0    0    0    0   71    2    0    0    0    0   97    0    0    0    0   46   14   51    0   75    0   60   25    0   13    0   59   58    3    0    0   76    0    2   10   10    0    0    3   12    0    0    0   95    0    1   78   51   91   30    0    3    0    0   31    0    0    8    0    0   34   80    0    0    1    2    0    6   35    0  
 73   37    0   38    0    0    0   79    0   14    0    0   81    0   16   58   25   52   77   31    0   88   92   43    2    0   10    0    0    0    0    0    0   74    0   21    4    0   56   90   83    0    0    1    0   49    0   86   20    0   95    0   41   66    5    0    0   48    0    0    0   66   15    0   11   33    1    0    8    0   39    0   15    1    0   66    0   13    0   17  
  1    8    0   19    0   38    0   72    0   17   20    0    4    3    0   66    1   32    2   84   68   65   65   25   19    7   35    0    0    0    0    0   29    0    0    0    4    0   47   60    0   59    0   75   11    4    0   37   20    0   38    0   70   61   55   12    0   93    0    0    0    2    2    0   26   38   20   22   55    0   76    3   63    3    0   84    0   49    0    1  
 46   61    0   63    0   30    0    3    0   22   87    0   68    2   91    0   14   80   38   25   59   29    0    1    4   20    6    0    0    0    0   60   57    0    0    1   12    0   16    1   51    0    0   36   67    8    0   40   40    0   61    0   73   26   20   85    0   23    7   82    0   31   69   53   46    5   19   20   17   21   55   89    7    4    0   28    0   76    0    2  
 14   20    0    4    0    0    0   43    0    0    0    0    0    8   14   50    0   61   14    1    0   55    1   38   11    0   36    0    1    0   84    0    0   11    0   74   95    0    4   16   49    0   66   13    0   33    0   66   75    0   44    0   38    0   41    0    0    1    0    0    0   51    0   73    0   52   46    0   31   27   85    0   13   25    0   13   15   51    0    5  
 26    3    1   44    0    0    0   97    0    0    0    0    0   37    2   25    4    0   25    0    0   29   78    1   80    0   65    0    0    0    0    0    0    0    0    0   35   11    0   43    0    0    0    0    0    0    0   25    0    1   40    0   12    0    0    0    0    0    0    0    0    0   21    0    0   15   62    0    7    6   49    0   41    3   90   55    0    0    0   50  
  1    6    0   10    0    0    0   47    0    0    0    0    0    4    9   70   29   89    0   39    0   79   49    0    0    0    0    0    1    1   98    3    0   36    0    1    2    0    7   24   14    0   73    0    0    0    0   83    0    0    0    0    5    0   96    0   74    0    0    0    0   40    0   88    0   38    0    0   12   21    0    0   61   61    0   43    3   78    0   15  
 19   81    0   23   11    0    0   24    0   26    0   40    0    1   44   93   18    0   80    0    0    6    4    0   16    0    0    0   17    0   78    0    0   49    0   70    2    0   46   41   14    0   20    2    0   17    0   42    0    0    0   57    1    0   81    0   25   55    0    0    0   32    0   98    0    0    0    0   96   27    0    0   45   73    0   12   11   26    0    0  
  0    0    0    0    9    0   42    0   46   62   68    0   88    0   51    3    0    0    0    0    0    0    0   73    9   21   43   97    0    0    0    0   91    0   11    0   39   15   49    0    0    9    0   22   33   48    0    0   67    0   11    0    0    5    0   16    0   28    0    7    0   71    5    0   82   38   14   60    0    0   21   42   75    0    1    0    0    0   80    3  
 29    3    0   21    0    0    0   98    0    0    0    0    0    3   83   57   51   21    6    3    0    0   83    2   82    0   71    0    0    0    0    0    0   74    0    0   12    0    4   44    0    0    0    0    0    0    0    3    0    0   10    0    1    0    0    0    0    0    0    0    0    0    0    0    0    4    0    0    5    0    0    0   10   88    0    0    9    0    0   31  
 61   85    0   42    0    0    0   50    0    0   88    0    0   26    0    0   85   38   92   28    0   42    0    0    0    0   65   75   18    0   83    0    0   31    0    0    0    0    0   60   18    0   74    0    0    0    0    2    0    0    0    0   46    0   25    0    0    0    0    0    0    0    0    0    0    0    0    0   95   98    0    0    1    2    0   26   68    0    0    0  
100    0    0   55    0    0    0    0   46    0   12    0    0   17    2    1   42   90    0    0    8    7    0    0   35    0   48    0    0    0    0    0    0    0    0    0   28    0    0    0    0    0    0    0   61    0    0    0    0    0   87    0    1   64    0    0    0   92    0    0    0    0   34   40    0   11   64    0    0    0  100   10    1   44    0    0    0    0    0   65  
  6    0    0    0    8    0    0   16    3   35    9    0    0   60   13   23   45   64    0    0   80   34    0   67    0    4   30    0    0    0    0    0   14    0    7    0   17    0   51    0    0   24    0   21    1   30    0    0    1    0   10    0   12   78    0   12    0   47    0    0    0    2    3    0   13   76   33   18    0    0   49   90   76  100    0    0    0    0   54   99  
  0    0   12    0   87   79    0    0    3    3   27    0   69    0   67   28    0    0   13    1   38    0    0    0   55    0   23    2    0    0    0   37   38    0   27    0   21   27   59    0    0   36    0    4   85    4    0    0    8    6    0    0    0   88    0   11    0   77    8    0    0   40    6    0   38    6   43    7    0    0   18   77    0    0   54    0    0    0   19    0  
  1    0    0   50    2    2    0   51    8   20   14    0   71    4   21    5   50    9    0    0    2   93    0   36    9   75    0    0    0    0    0    0   79    0   18    0   93   24   58   10    0   86    0    1   76   40    0    0   28    0   52    0    1   54    0   21    0   71    0    0    0    4   61    0    1    1   13    1    0    0   31   94    2   48    0    0    0    0   51    8  
  0    0   11    0   67   13    0    0   86   72    4    0    3    0    0    0    0    0    0    0    1    0    0    0    0   42    0    0    0    0    0   43    1    0   68    0    1   55   11    0    0    7    0    3   36   32    0    0   40    7    0    0    0   22    0    3    0    2   35    0    0    0    0    0   24    0    0   93    0    0    1    4   31    0   75    0    0    0   37    0  
  0   62    0   57    0    0    0   60    0    0    0    0    0    0    0   57   86    0   10   77    0    0    3    0    0    0    0    0    0    0    1    0    0    1    0   33    0    0    0   80   32    0    4    0   64    0    0    6    0    0    0    3    0    0   30    0    2    0    0    0    0   89    0   22    0    0    0    0   74    4    0    0   31    0    0   60    6    3    0    0  
  0    0   83    0   23   68   11    0    0    0    0   20   75    0    0    0    0    0    0    0    0    0    0    0    0    0    0    0    0    0    0   25    0    0    0    5    0    8    5    0    0    0    0   73    0   13   54    0    3   13    0    3    0    0   90    5   13    0    4   57   23   65    0   18   41    0    1    0    0    0    0    0    0    0    0    4    0   38    0    0  
  0   41    0   74    0    0    0   69    0    0    0    0    0   78    0    0    1    0   42   68    0    0   94    0    0    0    0    0    4    0    0    0    0    1    0    9    0    0    0   63   12    0    1    0    0    0    0   80    0   10    0    0    0    0   87    0    1    0    0    0    0    0    0   72    0    0    0    0    2   17    0    0    5    0    0    0   78    0    0    0  
  0    0   76    0    0   11   85   27    0   17    0    2   60    0    0   87    0    0    0    0    0    0    0    0    0   12    0   70    0   39    0    0   91    0    2   12    0   11   52    0    0   64    0   94    0    1    1    0   43    3    0   16    0    0   78    4    0   46   40    4   30   13    0   59   78    0    0   69    0    0    0    0    0    0    0   68    0   88    0    0  
  0    0   43    0   28   27    0    0   94   21   25    0   38    0   20   69    0    0    0    0   64    0    0    0   82    6    3    5    0    0    0   16    0    0   92    0   29   22    1    0    0    2    0    3   82    8    0    0   21    3    0    0    0   87    0    1    0   31   78    0    0   69   43    0   42    2   14   45    0    0   73   70    0    0   42    0    0    0   75    0  
 63    1    0  100    0    0    0   81    0    0    0    0    0    4   79    0   48    0   47   13    0   13   44    0    0    0    0    0   49    0   90    0    0    0    0   70    0    0    0   70   33    0   22   30   90    0    0    1    0    0    0    0   95    0   34    0   30    0    0    0    0    0    0    1    0    0    0    0   27   15    0    0   86   76    0   45   88   41    0    0  
  0    0   37    0    3    3    0    0    3   17    9    3   60    0    0   59   42    0    0    0   19    0    0    0   57   69   96   26    0    0    0   51    4    0    0    0    3   53   46    0    0   29   83   43   45   65    0    0   20   52   56    0    0   26    0   38    0   16   61    0    0    9   38    0    2    0   11    4    0    1   16   44    0    0   28    0    0   11   93    0  
  0   79    0   88    0    0   82   91    0    0    0   13    0    6    0   65   85    0   19   35    0   22    0    0    0    0    0   53   50   10    2   24    0   67    0    0    0    0   89    8   86    0   15    0    0    0   59    1    0    0    0   28    0    0    9    0   36    0    0   18   22   17    0   81    0    0    0    0   92   26    0    0   28    0   78   28    2    7    0    0  
 63    1    0    5    0   35    0   93    0    8    1    0   48   26    1   79   55    1    1   24   20   62    0   19   80   26   30    0    0    0    4    0   24    0    1    0    0   84   94   46    0    3    0   32   34   58    0   30   53    0   96    0   12   52   49   82    0   65   29    0    0   67    5    0   28   33   95   15   11    0   19   65    1   13    0    5    0   15    0   26  
  0    0   11    0    2    4   57    0   38    9   50    0   39    0    0    0    0    0    0    0   15    0    0    0    0   42   98   21    0    2    0   16   53    0   82    0    7    0   23    0    0   13    0    3   18   13    0    0    7   51    0    0    0    1    0   22    0   37   89   42    0    8    0    0   37    0    0   39    0    0   52    1    0    0    4    0    0    0   11    0  
  8   86   45   38    0    4    9   33    0   42   42    0   29   32   27   12    6    0   84   62    4    0    0    0   43   59   61   74    0   22    0    4    1    0    5   31   25   55    0   47    0   78    0   54   33   27    0   39    7   45    0   80    7   18   90   61    0   34   29    1    0   71    1   30    3   23   73   39    0    0   38   55   51    0    0    3    0    1    0   10  
 22    1    0   22    0   78    0   29    0    0    0    0    0   48    6   22   34   38   60   43    0   29   94    0    0   98    2    0   70    0   38    0    0   11    0    2   11    0   64    0   49    0   29    0    0    0    0   93    0    0    0    0   67    0   34    0   17    0   21    0    0   14    0   12    0   83   86    0   65   49    0    0   22   63    0   80   79    4    0   20  
  0    4    0    3    0    4    0   28    1    0    0    3    0   44    0    1   82    0    2   62    0    0   26    0    0    0    1    0   19    1    1    0    0    4    0   50    0    0    0   14    0    0   70    0    0    0    0    2    0    0    0   58    1    0   51    0   40    0    0    0    0    0    0   68    0    0    0    0   76   35    0    0   12    0    0   73   89    6    0    0  
  0    0    7    0   41   29    0    0   36    1   10    0   26    0   42    0    0    0    0    0   66    0    0    0   16   65    6   69    0    8    0    4    3    0   35    0    2   66   14    0    0    0    0   78    9   23    0    0   15   49    0    0    0   52    0   15    0   82   10   27    0   73    2    0    1    0    0   17    0    0   19   14    0    0    7    0   26    0   69    0  
  0   16    0   11    0    0    0   61    0    0    0    0    0    0    0    0   97    1   14   12    0    0   12    0    0    0    0    0   76    0   37    0    0   83    0   16    0   53    0    8    1    0    0    0    0    0    0    3    0    0    0    0    0    0   49    0   60    0    0    0    0    0    0   79    0    0    0    0   19   98    0    0    1    0    0    5   13   93    0    0  
 52    0    2    0   58   88    3   89   43   11   33    0   87   12   87    1   43    0    0    0   45    0    0    0   36   24    2    1    0   15    0   76   26    0    3    0   13    3   23    0    1   73   24    0   47   16    0   51    7   29    0    0   47   98   15    2    0   38    2    8    0   38   81    0    1    1   26   95    0    0   62   13    0    0   16   95    0   35   15   91  
  0    0   21    0   37   42    0    0   88   20    2    0    3    0   27   27    0    0    0    0   47    0    0    0    9   13   19    2    0    0    0    0    2   95    1    0   22   41   26    0    0   32    0   75    0  100    0    0   59   97    0    0    0   69    0    4    0   78   25    0    0    1   91    0    9    0   66   63    0    0   72   94    0    0   92    0    0    0   35    0  
 81    0   75    0   31   40   34    9   48    8    2    0   43   68   32   21   23    0    0   23   11    0    0    0   56   32   12   70    0   27    0   28    7    0   66    0   14   34   98    0    0   14    0   24   24    0    0    0   71   37    0   73   15    2   96   21    0   16   57    9    0   18    3    0   10   85   32    1    0    0    1    9    0    0   17   20    0    4    0   17  
  0    0    0    0   95   10   94    0    0    0    0   35    0    0    0    0    0    0    0    0    0    0    0    0    0    0    0    0    0    6    0   35    0    0    0    5    0    0    0   25    0    0    0    0    0    0    0    0    0    0    0    3    0    0    5    0   11    0   86   71   35    0    0   63    0    0    0    0    0    0    0    0    0    0    0   35    0   38    0    0  
 38   43    0   81    0    0    0   40    0    0    0    0    0    4    9   70   73   32   79   17    0   92   59    0   57   26    0    0   56    0   96   12    0   28    0    7   11    0   30   85   97    0   84    0    0    0    0    0    0    0    0    0   34    0   71    0   10    0    0    0    0   31    0   43    0   14    0    0   44   35    0    0   95   23    0    7   22   93    0    1  
  8    0   95    0   84   60   35   36   24    6   20    0   41    5   14    7   93    0    0    0    4    0    0    0   96   87   18   70    0   32   19   10   32    0   10    0    3    6   12    0    0   89    0   71    4   93    0   15    0   19    0   58   21    4   27    8    0    1   43   37    0   68    2    0    2    0   33   86    0    0   83   30    0    0   95   27    0   12    0    0  
  0    0   15    0   16    6    2    0    0   84    0    0   19    0    0    0    0    0    0    0    0    0    0    0    0  100    0   14    0   16    0   14   28    0   22    0    0    6   65    0    0   29    0   54    1   12    0    0   89    0    0   14    0   91    0   40    0    3   11    7    2   26    0    0    8    0    0   90    0    0   61    1    0    0    0   73    0    0   23    0  
  8    0    0    0    0    0    0    0    0    0   24    0    0   80   14    6   21   93    0    0    3   32    0   95   47    0   52    0    0    0    0    0    0   24    0    0    2    0    0    0    0    0    0    0    0    0    0    0    0    0    0    0   75   44    0    0   86   83    0    0    0    0   69    0    0   94    6    0    0    0   31   54    0   54    0    0   60    0    0   13  
  2    0    0    0    0    1    1    2    0    0    0    6    0    0    0    0   18    0   65   22    0    0   64    0    0    0    0    0   30    8    0   57    0    0    0   71    0    0   13    0   65    0    0    0    0   70   21    0    1    0    0    0    0    0   44    0   51    0   28   20   82    4   65   94    0    0    0    0    0   49    0    0    0    0    0    4    0   78    0    0  
 42    1    0   13    0    0    0    5    0   38   20    0    0    3    1   22   84   50   90   21    0   59   68    6   70    0   91    0    0    0    0    0    0   31    0    0   77    0   23   58   14    0    0    5    0   47    0   29    3    0   11    0    0    1   62    0    0   24    0   27    0    2   36    0   29   61   19    1    4    0  100    0   66   17    0   46    0    7    0   70  
 69    0   31   23   80   54    0   18   99    4   46    0    4   53   74   73    0    0    0    0   85    0    0   81   66   79   16   31    0    0    0   82   25    0   42    0   27    1   19   42    0   21    0   24    3    1    0    0   96    7   11    0   63    0    0    1    0   91   95    0    0   31    8    1   41   89   24    2    0    0   11   16    0    0   77    0    0    0    6   91  
 25   47    0   84    0   38   75   86    0    0    0   95    0   13    4   80   57    0    1    2    0    0   77    3    0    0    0    0   24   39   28    4    0   29    0   25    6    0    2    6   87    0   48   74    0    4   21    8   39    0    0   83   23    0    0    0   20    0   23   33    0   13    0   60    0    0    0    0   12   76    0    0   57   41    0   77   51   46    0    0  
  0    0   90    0   34    1   52    0   16    8   76    0   21    0   69    1    0    0    0    0   28    0    0    0   69   50   62   64    0   64    0    3   43    0   87    0   17   27    7    0    0   11    0    1   16   67    0    0   17   15    0    0    0   14    0    0    0   49    6   49    0   31   56   27   35    0    0   82    0    0    4   10    0    0   45   48    0    0   14    0  
  0   39    0   82    0    0   46   97    1    0    0    3    0    0    0    0   67    0   34   84    0    2    0    0    4    0   81    0   65   26    1    0    0   32    0   39    0    0    0   24   43    0   92    0    0    0   92   50    0    0    0   47    0    0   60    0    0   30    0    1   17    0    0   38    0    0    0    0    0   16    0    0    0    0    0   48   91   17    0    0  
 23    0   59    0   52    7    0   87   93   81   48    0   76   17   48   45   18    0    0    0    1    0    0   30   32    1    7   60    0    0    0    1   65    0   54    0    2   58   41    0    0    5    0   21   58    8    0    0   12   14    6    0   83   51    0   76    0    0   69    0    0   32   32    0    8    4   27   82    0    0   23   38    0    0    5    0    0    0   82    9  
  0    0   11    0    0   47    2    0    0   15    0   49   39    0   10   69    0    0    0    0    0    0    0    0    0    4   89    4    0    1    0   37   57    0    3   49    6   10   15    0    0   90    0    4    2    1   87    0    6   42    0   55    0   27    1   20    0   59    0   87   59   19    0    0   81    1    0   97    0    0    0    0    0    0    0   27    0    1    0    0  
  0    0   90    0    0    2    3   71    0    0    0   63   25    0    0    0    0    0    0    0    0    0    4    0    1    0    0    0    0   66    0   21    0    0    0   52    0    9   69    0    0    0    0    3    0    5   30    0   21    2    0    2    0    0    2    3   15    0   49    0    5   10    0   73    6    0    0    0    0    0    0    0    0    0    0    2    0   22   17    0  
  0    0    0    5    0    0    1    0    0    0    0   36    0    0    0    0    0    0    0    0    0    0    0    0    0    0    0    0    0   26    0   30    0    0    0   20    0    0    0    0    0    0    0    0    2    0   74    0    0    0    0   26    0    0    0    0    1    0    4   27    0    0    0    9    0    0    0    0    0    0    0    0    0    0    0   86    0   44    0    0  
  1    2   14    5    0   12   54    4    0   98    1    3   28    4   20   13    3    0    9   36    6    0    0    0   24   45    2    0    0   79    0   26   84    0   48    5   37    1   17    1    0   15    0   67   60   86    0   14   33   10    0    6    1   39    2   71    0   34    1   47    0    0   69   56    1   17   44   79    0    0   77    1   38    0    0   17    0   62    0    1  
 64    0    4    0   12    0    0    0   22    3   38    0    0   75   73   46    0    0    0    0   80    0    0   72   72   84   82    0    0    0    0    0   16    0   45    0   13    0   65    0    0   53    0    2    4    9    0    0   14    0   34    0   24    2    0   80   10   19    0    0    0   79    0    0   14   67   95   49    0    0   68   13    0    0   13    9    0    0    6    9  
  0    9    0   44    0    0   48   41    0    0    0   82    0    0    0   32   32    0    7   14    0    0    0    0    0    0    0    0   99   41   41   30    0   75    0    7    0    0   59    1   27    0    8    0    0    0    4    1    0    0    0   97    0    0   15    0   44    0    0   84   69   45    0    0    0    0    0    0    1   34    0    0    0    0    0   42   42   73    0    0  
  0    0   13   97   30   82   84   35   71    1   16    0    6   24   17    2    0    0    0    0    2    0    0    0   50   91   83   86    0   86    0   94   12    0    2    0   76   24   73    0    0   11    0   64   87   54    0    0   40    3    0    0   35    3    0    4    0    3   48    8    0   81    6    0    0    0   26   15    0    0   83   78    0    0   90   12    0    5   69    0  
 10    2    0   61    0    0    0    1    0    0    1    0    0    1   31   21   91   10    7    0    1    6    0   71    3    0   33    0    0    0    0    0    0    0    0    0   16    0   27   52    0    0    0    7    0   10    0   17    6    0    3    0   75   66    0    0    0   18    0    0    0    5   18    0    0    0   36    0   32    0   92    0    8   24    0    0    0    0    0    1  
 43    0    0    0    1    0    0    0   45   39   97    0    0   82   90   31   42    1    0    0   54    0    0    1   33    1   45    0    0    0   61    0   15    0    2    0    7    0   44   42    0    0    0   83    9  100    0    0   89    0   28    0   77   10    2    0    0   60    0    0    0   97   13    0   66   84    0   17    0    0   76   64    0    0   44    0    0    0    0   59  
  0    0    1    0   23   43    0    0   65   95   35    0    1    0    1   69    0    0    0    0   35    0    0    0    6   58   19    6    0    0    0    4   79    0   96    0   27  100   80    0    0   17    0   94   12   37    0    0    5   12    0    0    0   10    0    9    0    4   53    0    0   62    4    0    3    0   17    0    0    0   27   19    0    0   17    0    0    0    7    0  
  1   21    0   21    0    0    0   18    0    0    0    0    0   43   59   19    8   38   50   85    0   78   53    0    0    0   57    0   60    0   43    0    0   64    0   34   92    0    0   94   28    0   43    0    0    0    0   67    0    0    0    0    2    0   68    0    0    0    0    0    9    0    0   62    0    7    0    0    0   78    0    0   64   23    0    0   16   51    1   92  
  0   56    0   58    0    0    0   61    0    0   18   36    0    0    5    0   15    0   40   75    0    0   46    0   17    0    0    0   33    0   25    0    0   20    0   78    0    0    0    1    8    0   38    0    0    0    0    7    0    0    0   11    0    0   83    0    2    0    0    0   70    0    0    5    0    0    0    0   87    0    0    0    0    0    0   92   75    3    0    0  
  1    0    0    0   22   35    0   53   52    8   22    0   81   24   20   52   70    3    0    0   10    0    0   98   98    2   14    6    0    0    0    0   86    0   95    0   24   13  100    0    0   86    0   91    5   18    0    0   61    0   21    0   84   75    0   79    0   18    0    0    0   75   24    0   32   19    3    2    0    0    0   27    0    0    1    0    0    0    8   10  
  0    0   27    0   30   99    0    0   22   10   23    0   40    0   26   42    0    0    0    0   87    0    0   73   14    7    1   97    0    0    0    0   25    0   54    0   46    9   69    0    0   15    0   22   36   60    0    0   35   46   47    0    0    1    0   10    0   47    0    0    0   57   88    0   55    0   50   87    0    0    6    0    0    0   32    0    0    0   82   34  
 56    3    0   40    0    0    0   72    0    0    0    0    0    5   85   86    6   57    2   49    0   13   29   19   53   13   72    0    3    0   43    0    0   70    0   82   18    0   92   72    3    0    2   67    0    0    0   10    0    0    0    0   76    0   18    0    0    0    0    0    0   50    0    0    0    3    0    0    1    8    0    0    0    1    0    0   31   47    0   53  
  1   73    0   30    0    0    0   92    0    0    0    0    0   40   99   26    3   79   16   63    0   16   48   71   13    0   67   11    0    0    0    0    0    1    0   48   16    0    0   68    0    0    0    0    0    0    0    1    0   49   48    0   26    0    0    0    0    0    0    0    0    0    0    0    0   66    0    8   30    0    0    0   53    0    0    0    2    0    0    5  
 46    0   69    0   39    0    0    0   60   59   38    0    2    0    0    0    0    0    0    0   23    0    0    0    0    1    0   64    0    0    0    0   95    0   52    0    0   25    0    0    0   12    0   61    1   52    0    0   77    0    0    0    0   22    0   11    0   92    0    0    0    0   78    0   37    0   45   14    0    0   13    3    0    0    0    0    0    0    1    0  
  0    2    0   60    0    1   39    8    0    0    0    6   33   29   23   46   53    0   44   12    0    0    0    0    0    0    0    0    7   17    0   20    0   24    0   92   47    0    5   84   41    0    1    1    0   17    4   18    1   92    0   64   36    0    3    0   89    0   49   60   74   73    0   96   61    0    1    0    0   95    0    0    0    0    0    0    0   41    0    0  
  0   19    0   92    0    0    0   53    0    0    0    0    0    0    0    0   16    0   27   71    0    2   31    0   38    0    0    0    7    0   23    0    0   67    0   85    0    0    0   63    7    0   27    0    0    0    0   63   69    0    0    0    0    0   99    0   58    0    0    0    0    0    0   80    0    0    0    0    3   40    0    0    4   22    0    0    0   51    0    6  
 93  100    0   13    0   39   88    8    0    0    0   80   33   23   64   13   28    0   62   20    0    0    0   93    0    0    0    0   60    3    0   34    0   21    0   74   83    0    9    2    7    0   26   19    0   14    1   69    6    0    0   37    9    0   12    0   77    0   85   51    9   44    0   20   95    0    0    0    2   11    0    0    2    0    0   18   15    0    0    0  
  0    0   82    0    8    0    0    0   15   20   33    0   90    0    0    0    0    0    0    0    2    0    0    0    0   57    0    9    0    0    0    0   15    0   98    3    0    4    0    0    0   35    0   53   65    0    0    0    0   75    0    0    0   29    0    9    0    2    0    0    0    0   87    0   77    0    0   47    0    0   15   91    0    1   55    0    0    0    0    0  
  1   36    0   68    0    0    0   68    0    3    5    0    0    2   69    8    2   89   61    0   12   31    0    4   26    0   10    0    0    0    0    0    0    0    0    0   55    0   64   57    0    0    0   16    0   53    0   53    0    0    5    0   94   21    0    0    0    6    0   28    0   12    4    0    0   24   45    0   86    0   50   91   27    1    0    0    0    0    0    0  
