80

   0     1    10     9     4     2     8     8     9     7     1     8     6     2     8    10    10    10     9     7     4    10     3     3     7    10     9     3     4    10     7     6     9     8     9     5     8     6     5     3    10     4     9    10     5     9     4     4     2     3     3    10     8     5     7    10     7     2     6     7     5     5     5     3     5    10     9     2     8     8     2     9    10     4     9     3     2     4     9     6  
   1     0     1     7     3     8     4     6     3    10     8     1     7     4     6     9     9     3     3     4     6     7     3     8     2     2     2     2     2     4     2     6     4     6     3     5     6     8     3     5     5     4     9    10     7     9    10     8    10     3     9     9     9     7     2     2     3     9     9     2     8     6     8     3     5     4     7     7     6     3     9     9     9     4     2     6    10     3     7     3  
   4     1     0     1     8     4     9     2     6     9     6     9     1     8     3     2     8    10     3     7     7     8     9     4     3     9     5     5     3     8     9     6     3    10     6    10     6     3     4     6     4     6    10     4     8     2     2     5     6     2     4     3     9     2    10     4     2     3     4     6     3     3     9     8     5     8     8     4     2     7     8     2     4     8     2     2     9     6     4     8  
   2     2     1     0     1     2     3     4     8     5     5     3     9     1     7    10     3     3     6     2    10     9     3     7     2     5     3     4     2     3     3    10     8     4     6     6     2     9     9     4     6     8     7     3     9    10     5     2     6     3    10     2     7     9     3     4     4     3     9     6     4     2    10     8     8     4     4     2     3    10     9     7     4     5     2     2     7     9     4     3  
   3     4     7     1     0     1     8    10    10    10     5     5     4     6     1     7     7     2     3     3     6     2     3    10     5     9     9    10    10     2     4     6    10     5     5     9    10     3     2     5     8     2     6     6    10     5     2    10     3     9     2     5     3     2    10     5     6     3     5     2     8     7     9     6     9     7     9     9     9    10     9     7     5     3     8     9     4     9     2    10  
   7     9    10     2     1     0     1     9     4     5     8     3    10     6     2     1     8     2    10     5     5     7    10     6     4     9     8     3     5     5     8     3    10     9     8     8     4     5     5     8     5     3     5     6     2     6     7     5     3    10     2     9     5     5     3     4     7     5     5     4     5     9     8    10     8     8     3     4     3    10     4     5     4     2     2     9     8    10     9     5  
   3     5     2     7     8     1     0     1     2     6     4     5     3     9     2     9     1     6     4     9    10     4     3    10     2     6     3     2    10     4     5     6    10     8     9     6     3     2     9     9     3     7     8    10     4     7     9     2     3     9    10     5     5    10     5     9     9     5     9     2     4     8     4     7     6     4     9     4     5     7     9    10     9     5     4     3     5     5     2     5  
   7     7     3    10     8     6     1     0     1     2     6     3    10    10     4     2     5     1     5     8     4     8     4     2     2     7     5     2     3     9     4     4     5     7     4     3     3     9     4     9     2     6     6     6     2     7     8     8     7     3     5     5     3     6     2     2     6     9     4    10     8    10     9     2     6     6     3     3     3     5     4     3     6     9     4     8     9     4     6     4  
   7     3     4     5     7     7    10     1     0     1     3     4     6     5     3     9     6    10     1     9     8     5     2     4     6     5     7     2     4     6     3     2     5     3     5     3     8     7     5     4    10     3     8     7     4     5    10    10     9     4     8    10     8     9     6     2     9     3     9     2     7     6     9     6     3     7     8     9     3     6     8     2     5     2     9     2     6     2     5     2  
   6    10    10     6     4     8     3     4     1     0     9    10     9     5     3     9     7     4     8     1     4     2     2     8     2     4     6     4    10     4     3     2     2     6     4    10    10     6     9     5     8     7     8     9     4     4     6     3     2     5     3     7     3     4     9     7     4     6     8     9     7     3     4     8    10     4     9     8     5     4     7     5     5     3     7     7    10     2     8     9  
   1     7     8    10     7     5     2    10     9     6     0     1     7    10     2     2    10     4     8     7     1     3     6     6     8     7     5     3     9     2    10    10     4     2     9     5     7     2     8     4     5     8     8     6     6     3     9     4     6     9     4     3     6     4    10     5     7     4     7     8     2     7     3     6     8    10     4     8     2     7     9     5    10     9     4     6     3    10     9     9  
   2     1     7     2     3     4     7     4     3     6     1     0     1     5    10     6     9    10     4     9     5     1     4    10     4    10     4     2     3     4     7     2     3     8     3     5     3     9     8     7     8     8     3     3     3     6     6     4     4     8     3     8     5    10     2     2     2     9     8     8     5    10     5     7     6     4     2     8     9     4    10     6     4     6     9    10     7     7     8     7  
   3     9     1    10     9    10     8     6     2     4     8     1     0     1     7     7     8     2     9     4     7     3     1     3     2     3     6     9     6    10     2     4     3    10     8     9     8     9    10     6     9     5     9     4     9     7     7     2     5     2     6     3     2     7     8    10     9     5     6     7     7     7     5     7     2     6     7     4     6     8     7     6     6     8     8     3     7     2     2     4  
   2    10     3     1     4     6    10     7     9     6     2     5     1     0     1    10     7     2    10     5    10     3     2     1     4     2     5     7     4     9    10     8     5     2    10    10     4     3     4     9     4     6     2     2     3     7     6     4     7     4     5     6     6     3     8     9     6     2     6     5    10     5     5     5     2     9     9     3     2     5     3     2    10     7     3     8     5     9     9     4  
   5     5     6     4     1    10     2     6     5     7     3     6     6     1     0     1     8     9     9     6     8     8     3     6     1     5    10    10     7     4     9     5     2    10     9     3     5     2     8     9     2     2     2    10     5     5     3     2     4     5     3    10    10     3     9     8     2     9     7     2     5     3     3     9     3     8     5     5     3     3     7     9     3     2    10     4    10     2     2     9  
   6     3     2     2     6     1     9     3     9     8     4     8     3    10     1     0     1     5     8     6     4     2     6     4     2     1     6     4     2     8     6    10    10    10     3     7     4     5     9     2     5    10     2     6     4     8     6     7     3     7     8     6     7     8     2     3    10     3     2     7     7    10     9     2     7     4    10     2     5     2     7     9     7     2    10     2     9    10     6     8  
  10    10     7     4     2     3     1     2     6     3     7    10     6     7     4     1     0     1     3     9     5     8     2     7     8     2     1     9     5     4     6     8     2     6     4     2    10     3     9     9     7     4     7     2    10     3    10     4     5     4     2     6     2     8     3     8     4     2     3     2     4     4     5    10    10     8     7     9     5     4     4     6     7     4     7     4     9    10     3    10  
   3     5     7     5     9    10     2     1     4     4     7     3     6     3     2    10     1     0     1     6     4     9     8     5     2     6     3     1     3    10     7     3    10     8     4     7     7     2     3     8     9     5     2     5     6     2     6     6     5     6     4     7     5     3     6     5     8     9    10     2     4    10     5     9     2    10    10    10     5     5     4     5     3     4     4     2     2    10     8     4  
   2     3     9     5     9     6     5     6     1     3    10     2     6     8     6     2    10     1     0     1     5     6     6    10     2     4     5     5     1     4    10    10     5     4     5     9    10     8    10     2     8     4     8     9     3     6     5     7     5     7     9     6     4     3     5     5     6     6     6     2     2     3     2    10     7     2     6     6     4     2     5     9     4     3     8     2     3     9     4     2  
   2     3     6     9     3     3    10     7     2     1     4     9     5     4     3     6     7     9     1     0     5     6     5     7     7     8     5     9    10     1     8     3     5     3     8     8    10     7    10     6     2     9     4    10     5     4     5     8     4     5    10     8     5     8     2     3     6     6     7     3     9     4     8     2     6     2     9     2     2     8     2    10     3     3     3     3     8     5     7     3  
   2     6     2    10     8     3     4    10     3     4     1     5     6     8     3     5     8     6     6     7     0     1    10     4     5     2     4     7    10     8     1     8     3     4     9     7     2     2     3     5     3     9    10     5     2     3     4     9     6     6     8     7    10     3     9     5     6     6     3    10     8     8     6     8     7     4    10     5     3     6     2     8     8     5     9     6     7     3     8     2  
   3    10     2     8     4     7     8     3     6     4     3     1     5    10     3    10     7     4     9     6     1     0     1     2     8     9     7     5     6     9     9     1     2     5     9     5     6     9     2     7    10     3     3     6     6     4     8     2     4     6     9     8     4     7     3     9     3     2     9    10     6     4     7     3    10     4    10     4     2     2    10     7     7     8     9     7     3     3     2     7  
   9    10     3     3     6     8     4     3     5     3     7     7     1     3     6     6     3     4     2     8    10     1     0     1     6     2     6    10     3     9     2     3     1     5     3     4     2     5     7     8     4     5     7     3     6    10     3     8     9     4     7     7     4    10     9     6     6     4     8     2    10     9     8     9     7    10     4     2     3     4     9     4    10     8     3     4     2    10     4     2  
   3     9     9     3     8     8     9     4     2     2     7     6     5     1     4     5    10     7     9     8     2     6     1     0     1     4     3     7     6     4    10     9     6     1     9     5     2    10    10     4     9     7     4     9     2     6     2     8     9     9     3     3     7     6     6     5     4     3     4     5     4     5     2     4     9    10     9     5     9     4     9    10     5     9     8     6     6     4     4     5  
   3     4     3     6     8     3     5     9    10     3     8     7     3     8     1     5     3     2     5     6     7     4     7     1     0     1     7     5     2     6     7     4     7     8     1     4     2     9     4    10     6     4     2     8     7     3     7     7    10     7     5     7     4     4     7     3    10     7     9     2     6     9     6    10     7     5     4     8     5     3     4     5    10    10     9    10     5     9    10     6  
   5     3     5     5     8    10     8     2     7     2     9     5     2    10     4     1     4     3     5     5     8     7     8     2     1     0     1     8     3    10     7     6     9     3     8     1     4     7     5     2     2     9     7     5    10     8     4     8     6     9     4     2    10     6     7     9     8     6     2     4     6     4     7     6     8     5     6    10     2     9     7    10     9     6     4    10     2     7     4     4  
   8     4     8     2     8     6     3     4     4     8    10     2     8     2     3     7     1     7     8    10     3     8    10     2     4     1     0     1     9     2     8     9     5     4     5     3     1     8     2    10     5     7    10     4     5     7     9     7    10     2     2    10     2     2     3     5     2     5     9     7     9     8     6     8     5     8     9     5     5     7     3     5     5     2     3     6     7     6     2     7  
   7     8     8     6     7     4     3     2     2    10    10     9     6     8     8     4     8     1     2     9     6     7     8     7     9     9     1     0     1     7     8    10     7     3     5     5     7     1     2     9     6     2     8     2     5     8     8     4     8     8     5     2     3     2     6     7     3     3     7     4     9     6     7     8     4     5     6     4     7     7    10     9     9     9     4     3     3    10     5     2  
   3     4     6     7     5     2     6     2     3     6    10     5     7     8     8     6     4     7     1     3     5    10     6     7     5     6     4     1     0     1    10     6     6     2     9     7     7     4     1     4     4     7     6     5     9    10     3     6     8     8     5     8     6     2     5     5     4     2     3    10     8     5    10     7     5     5     3     6     2     6    10     2     4     3     5     9     8    10     6     7  
   4     7     3     3     3    10     5     8     7    10     6     2     5     6     2     2     9    10    10     1     8     5     3     6     5     7     8     9     1     0     2    10     9     4     9     2     8     8     9     1     4     8    10     4     7     8     8    10     6     9     7     7     4     5     6     4     6     4     8     8    10    10     6     8     7    10     6     7     4     7     4     5     5     8     8     3     5     2     3     2  
  10     7     8     6     3     5     7     5     8     9    10     8     3    10     7     5     4     4     4     3     1     9    10     3     9     4     5     3     6     2     0     1     7     3     4    10    10     3    10     4     1     5     7    10     3     9     6     3     2     6     2    10     2     6     4     4    10    10     4     8     7    10     2     4     9     3     5     3     7     8     7     3     3     7     4     7     7     5     2     4  
  10    10     2     2     5    10     7     5    10     6     9     2     6     2     4     9    10     9     6     6     6     1     7     8     6     6     7     3     6     7     1     0     1     5    10    10     7     2     4     8     8     1     5    10     3    10     4     9     7     3     7     3     7    10     6     9     2     8     4     7     8     7     4     7     6     8     5     6     8     5     3     3    10     8     6     5     3     6     2     7  
   5     5     5     9     9     2     6     2     4     7     4     4     5     2     8     6     5     6    10     8     3     4     1    10     9     8     4    10     2     6    10     1     0     1     7     7     8     3     5     5    10     5     1     4     7     9     9     2     8     6     7     3    10     6    10     8     6     7     7    10     9     3     9     6     3     5     9    10     3     4     4     9     6     3     9    10     4     6    10     4  
   8    10     4     2     8     7     5     7     3     8     6     3    10     2    10     6     7     4     4     2    10     5     7     1     5     6     2     2     3     2    10     4     1     0     1     3     9     2     7     2     2     3     7     1     2     8     5     5     2     2    10     2     6    10     4     2     2     3     4     4     9     5     3     7     7    10     7     8    10     2     9     5     7     3     7     2     6     5    10     6  
   8     7     4    10     4     3     3     3     9     4     6     5     2     9     6     8     9    10     7    10     7     2     7     9     1     4     8     3     9     7     9     5     8     1     0     1     7     6    10     2     5    10     3     3     1    10     6     7     4     9     3     4     4     7     6     4     3     3     7     2     8     2     5     5     9     6     5     2     3    10     2     8     2     5     9     9     6     8     9     5  
   5    10     8     8     9     5    10     3     8    10     5     6     4     7     4     5     3     2     9     4    10     4     4     7    10     1     6     3     7     3     2     9     5     3     1     0     1     4     3     7     3     2     7     9     8     1     9     9     8     9     2     2     7     2    10     9     5     2    10     6     8     5     4     3    10     3     7     2    10     8     4     5     7     9     5     3     2     6     5     8  
   5     9     9     4     3     9     9     8     2     9     4     7     6     9     4     2     2    10    10     5     5     6     5     9     6     4     1     4     7     6    10     9     8     4    10     1     0     1     7     7     9     7     3    10    10     8     1    10    10     6     2     5     5     9     2     6     7     2     4     7     7    10     9     8     4     6     9     2     4    10     2     8     5     2     7     9     9     7     7     5  
   6     2     3     6     5     7     6     4     5     9     9     6     6     8     6     5     7     6    10     7     3     8     4     8     2     9     5     1     9     7     9     3     9     8     8     7     1     0     1     2     6     5     4     2     8     4     7     1     8     7     4     9     9     3     5     7     9     6     3     3     3     4     4     4     9     8     4     9     8     2    10     5     5     8     8     2     5     3     6     5  
   8     3    10    10    10     3     8     3     3     7     7     9     3     6     5     2     2     4     6     8     5     3     7     2     5     3     8     5     1     9    10     7     3     7     7     3     4     1     0     1     4     4     8     4     2     6     9     2     1     2     7     2     7     8     3     5     8     2     3     9     6     3    10     4     9    10     7     3     2     2     3     3     4    10     2     2     5    10     2     4  
   9    10     9     4     4     3     4     8     3     3     3     5     8     2     7     6     5     2     7     2     8     4     3     8     2    10     6     4     4     1     8     9     8     8     6     3     6     2     1     0     4     8     8     8     4     4     8     7     3     1    10     5     3     6     4     9     7     6     4     5     5     4     9     4     2     5     2     3     8     4    10     9     3    10     9     7     9     3     7    10  
   6    10     9     5     9     9     9     8     8    10     7     2     3     9     4     8     6     3     3     4     5     2    10     5     9    10     3     5     3     4     1    10     4     2     8     2     5     5     8     2     0     1     3     5     6     8     2     2     4     6     1     4     7     9     3     6     6     8     9     6     7     6     4     5    10     8     2     3     9     7     2     9     5     2     3     7     3     3     9     9  
   2     8     4    10     6     7     9     8    10     3    10     4     8     3     9     4     7    10    10     3     2    10     3     3     4     6     3     7     3     6     2     1     2     5     7     5     2     8     3     2     1     0     1     5     9    10     6     5     6     8     6     1     9    10     6    10     9     3     9     2     7     3     5     4    10    10     6     4     3     6     3     6     7     7     2     7     5     3     7     2  
  10    10     5    10     5     5     6     2    10     7     8     9     7     8     2    10     6    10     7     8     7     5     5     7     9     6     2     9     9     8     4     8     1     7    10     9     2     3     8     9     5     1     0     1     9     9     6     9     4     9     8     6     1     3     3     8     5     4     6     5     5     6     7     3     6     3     9     7     9     4     5     8    10     8     5     9     7     4     7     6  
   3     4    10     9     4     4     5     6    10    10     6    10     5     2    10    10    10     6     4     2    10     4     6     5     2    10    10     7     9     8     8     4     2     1     9     3    10     7     8     8     5     8     1     0     1     8     2     6     6    10     4     5     7     1     3     3     7     2     9     7     3     5     9     7     9    10     8     6     5     4     9     8     4     6     2    10     3    10     2     6  
   8     4     7     4     8     2     8     3     6     7     6    10     9    10     3     8     3     5     7     8     4     7     3     6    10    10     8     3     3     3     6     8     4     8     1     5     7    10     2     7     5    10     8     1     0     1     5     5     5     8     3     2     5     8     1     4    10     9     8     4     6     8     2     7     7     5     5     9     8     7     3    10     7    10     6     6     3     3    10     5  
   3     7     6     2     8     9     9     8     5     7     7     9    10     4     6     7     6     9     7    10     4     5     6     2     5     8    10     8     7     3     2     3     4     8    10     1     4     7     9     5     7     3    10     2     1     0     1     4     9     5     3     7     6     5     2     1     5     7    10     5     7     3     8     3     5     9     2     8     8     3     5     2     3     8     8     2     7    10     3     3  
   5     4     7    10    10     2    10     6     4     7     4     9     5     7     2     2     4     3     8     9     7     2     2     9    10     8     2     3     8     9     5     3     9     7     4     5     1     5     5     2     6     8     9     4     7     1     0     1     2     3     9     8     7     8     3    10     1     3     9     9     7     9     3     8     6     7     9     6     7     9     2     4     7    10     2     3     3     3     6     9  
   3    10     2    10     5    10     8     5     2     3     4     2    10     4     7     5     5     2     8     4     4     3    10     4     9     5     2     3     4     8    10     2     7     4     3     2     4     1     4     4     5    10     5    10     9     7     1     0     1     4    10    10     6     7     7     2     9     1     5     6     7     4    10     7     6     8    10     3     2     4     3     3     9     9     2     5     6     7     7     3  
   8     3     5     9     4     3    10     7     3     9    10     5     5     6     4     3     9     8     8     2     6     8     3     4     3     7     9    10     2     2    10    10     3     2     4     5     9    10     1     5     4    10     9     5     2     5     8     1     0     1     6     8     3     6     6    10     3    10     1     3     7     4     8     6    10     3     4     4     2     7     4     4    10     2     6     6     8    10     2     9  
   7    10     9     2     2     4     6     9     2     6    10     4     5     5    10     6     3     5     7     2    10     9     7     3     4     6     2     7     6     6     8     4     8    10     4     8     2     5     5     1     8     5    10     5     2    10     2     3     1     0     4     5     4     2    10     8     5     2     7     1     8     7     9     8     9     9     4     2     7     3     8     8     9     4    10     5    10     6     4     6  
   9     3     5     4     3     9     3     8     6     2     2     2     3     5     4     7    10     9     6     5     7     5     5     2     7     3     7    10     9     7     6    10     2     4    10     9     4    10     2     3     1     5     4    10     5     5     9     4     6     7     0     1     6     2     3     9     3     4     3     4     1     8     7     8     5     5     3     9     5     4     6     9     6     2     6     3     5     7     9     3  
   9     5     7     9     9     3     4     5     3     7     5     5     5     6     5     8     2     4     9     5    10     7     6    10     8     8    10     2     4     6     4     2     8     8    10     4     9    10     7     6     9     1     6     4     4     6     6    10     4     5     1     0     1     6     9    10     2     6     4     3     2     1     2     4     9     3     9     4     6     6    10    10     9    10     8     5     7     4    10     9  
   8     7     3     5    10     2     8    10     3     6     5     3    10     7     7     4     8     9     4     6     6     9    10     4     4    10     7     7     4     5    10     5     2    10     8    10     4     4     9     7     2     5     1     2     6     5     3     5     2     6    10     1     0     1     5    10     4     7     8     6    10    10     1     5     9     4     3     3     4     7     9     9     3     6     5     2     2    10     9     7  
   6     5     4     4     3     4     2     7     2     6     7     4     8     9     3     5     5     9     4     4     6     8     5    10    10    10     6     7    10     5     9     6     5     3     9     2     4     9     6     3     9     2     2     1     9     4     7     8     5     7     5     5     1     0     1     4     7    10     2     4     7     9     6     1     9    10     9     4     2     8     9     7    10     8     8    10     3     5     4     4  
   9     9     7     5     8     4    10     5     5     3     5     9    10     5     6     6     4     9     8     5     5     3     4     4     6    10     4     8     6     9     6     7     2     9     8     2     8     6     6     5     3     2     7    10     1     9     8    10     4     8    10     5    10     1     0     1     5     6     6     9     7     2     9     5     1     3     4     9     6     7    10     6     4    10     8     7    10     6     9    10  
   4     6     6     7     9     9     5     4     4    10     9     9     6     2     7     3     7     9     6    10     5     6     7     8     4     9     4     8     5     9     5     9     8     9     8     3     5    10     4     6    10     4     3     3     5     1     5     4     6     8     9     5    10     8     1     0     1     4     3     9     8    10     5    10     2     1    10    10     5     6     7     7     2     8     4     7     7    10     3     8  
   9    10     4    10    10     3     8     5     5     9     9     9     5     8     8     8    10     4     6     8     7     5     6     8     2     5     3     7     6     6     4     2     9     3     4     7     7     7     8     9     9     2     7     2     5     6     1     9    10     7     6    10     7     2     7     1     0     1     4     6     4     2     5     6     9     7     1     8     6    10     7     8     6     8     3     2     9     7    10     3  
   2     5     3     8     6     9    10     9     4    10    10    10     8     7     2     4    10     3     5     3     6     3     2     2    10     8     9     2     2     9     6    10     5     9    10     3     2     5     4     8     4     5     3     3     9     4     3     1     8     3     3     3     9     6     5     8     1     0     1     8     7     6     2     7     9     7     9     1     5     3    10    10     3     9     7     4     3     7     9     3  
   8     7     8     8     8    10     8     4     2    10     5     3     9     6     5    10     4     5     5     2     3     4     9    10    10     5     5     6     2     9     5     6     5     6    10     8    10     8     9     9     7     3    10     5     9     2     8     4     1     9     7     3     4    10     7     4     5     1     0     1     9     5     5     8     5     4     5    10     1    10     2     8    10     2     5     8     7     9     3     3  
   3     5     4     2     3    10     5     8     6     9     7     3     5     5     6     3     2     5     9    10     6     3     4     5    10     6     8    10     7     4     2     7     7     3     6     2     3     9     9     4     6     5     5     8     3     4     7    10     3     1     5     8     7     9     2     6     6    10     1     0     5    10     6     2     8    10     4     6     5     1     7    10     5     6     6     2     5     5     6     9  
   9     4     4     2     2     4     4    10     4     8     9     6     4     4     5     2     6     4     4    10     3     5     8     8     9     9     6     3     8     3     8     5     9     5     9     9     5    10     5     9     7     2     3     9     8     2    10     7     3     7     1     9     4     3     6    10     7    10     7     3     0     1     5     4     2     7     9     4     7     6     1     3     7     2     5     9     3     7     9     4  
   4     6     8     6    10     7     4     6     4     8     4     4     4     8     7     2     6     5     2     5    10     4     9     6     9     7     9     8     3     3     2     5     9     5     9     3     2     3     8     4     3     5     2     3     8    10     5     3     5     8     4     1     8     2     4     4     9     4     5     3     1     0     1     3    10     8     3     2     9     8     8     1     3     9    10     8     2     6     7     5  
   7     4     3     6     7     3     7     2     5     2     6     8    10    10     5     8     4     5     5     4     9     5     4     7     6     9     4     5     6     8     9     2     6    10    10     2     9     8     7     6    10    10     9     3     7     5     4     3     6    10     8    10     1     8     3     3     4     7     5     9     5     1     0     1    10     9     3     4     8     4     6     2     1     4    10     8     7     6     4     7  
   8     4    10     7     8     6     5     2     2     5     6     6    10     8     2     2     4     4     5     2     9     8     3     8     4     9     2    10     2     7     8     5     9     3     7     5     8     4     7     2     7     7     6     3    10     2     4    10    10     7     3     3     2     1    10     8     4     9     7     7     6     6     1     0     1     7     9     4     8     8     6     3     8     1     8     8     5     4     7     6  
  10     9     6     9     5     5     4     3     8     5     5     7     8     8    10     4     9     2     7     7     8    10     8     3     7     7     5     8     9    10    10     3     7     3     2     3     7     8     6     6     4     6     2     9     5     2     8     9     2     9     4     3     6     6     1     2     6     3    10     5     8     4     7     1     0     1     2     2     2     3    10     3     3     6     1     2     6    10     9     2  
   8     6     9    10     5     2     9    10     5     6     9     7     7     9     3     2     8     2     6     9     6     4    10     7     3     9     5     2     9     5     2     3     7     5     2     4     4     3     9     6     5     2     2     8     3     4     5     7     2     6     7     9     8     5     6     1     9    10     8     4     7     2    10    10     1     0     1     9     7     6     4     7     4     2     2     1     6     5     3     8  
   9     3     4     6     5     4     8     3     9     8     4     2    10     3     8     3     6    10     2    10     8     7     4     2     9     5     6     9     2    10     6     3     7     5     4     9     9     5     8    10     7     9     8     7     7     6     3    10     8     7     4     7     6    10     5     5     1     5     9     9     6    10     6     7     2     1     0     1     7     6     5     8     9     9     2     9     1     8     8     4  
   3     6     7     6     7     7     3     2     8     2    10     4     8     7     3     5     7     5     5     6     5    10     4     8     4     8     9     5     8     6     7     9     6     7    10     9     3     6     6     5     8     6     5     9     9     7     8     5     8     4     7     7     2    10     4     8     5     1     3     6     8    10     8     9     5     6     1     0     1     7     2     2     4     9     5     3     4     1     2     7  
   9     2    10     7     9    10     5     5     4     7     6     9     3     2     2     8     8     6     9     6     4     6     7     4    10    10     6    10     2     8     9     7     8     8     4     4     6     9    10     6     9     5    10     7     6    10     4     2     2     9    10     8     5     4     3     5     6     7     1    10     8    10     8     4     9     4    10     1     0     1     3     2     6     5     2     8     6     2     1     6  
   5     2     7     6     4     5     7     5    10     7     2     8     8    10     7     8     2     9     8     6     8     5    10    10     5     7     3     9    10     3     8     9     8     2    10     2     7    10     4     4     3    10     5    10     7    10     4     7     4     7     9     4     3     4     5    10     7     7    10     1     3     9     8     7     2     4     7     3     1     0     6     8     4     3     7     3     6     9     9     1  
   7    10     4     4     4     2     9     5     3     6     2     4     2     7     8     6     2     5     6     9     2     6     2     6    10     8     5     7     6     4    10     2     8     6     6     4     3     4     3     8     4     7     2     9     2     3     8     9     7     6    10    10    10     5     9     5     9     4     4     5     1     7     9     8    10     2     8     3    10     4     0     1     5     6     3     4     6     7     8     5  
   3     4     8     7     6     4     7    10     8     2     2     3     9     9     9     7     9     5     5     8     5     3     9     6    10     4     9     7     3     7     2     3     9     3    10     7     7     3     9    10     2     5     7     6    10     2     3     5    10     5     9     5     9    10     2     8     7     6    10     7     6     1     6     7     4     8     9     4     3     9     1     0     1     6     4     2     3     9    10     3  
   9     3     5     7     3     8     9     3     2    10     4     4     4     8     8     7     7     8     7     9     4     9     4    10     4     3     9     3     5     3     4     3     8     6     5    10     8     7    10     2     3     7     4     3     8    10     5     9     8    10     7     9     9     3     5     6     9     8     7     3     4    10     1     6     3     9     2     5     3     7     8     1     0     1     5     5     6     3     7     5  
   9     6     6     7     8     3     3     8     4     9     5    10     7     8     6     5     8     8     3     7     8     6     7     9     4     4     9     9     4     3     2     3     9     2     3     5    10     3     8     9    10     8     9     4    10     7    10     2     9     4     3     4     3     9     7     9     4     4     6    10     6    10     2     1     5     4     3     7     3     2    10     6     1     0     1    10     6     7     5     6  
   7     7     8     9    10     8     8     5     3    10     5     9     2     9     3     6     9     5     9     6     3     4     4    10     8     2     6     9     7     6     5     4    10     5     7     3     5     8     3     7     3     5     7     4     5     8     7     2    10     7     7     3     6     9     2     3     7     3     3     3     3     4    10     8     1     2     6     5     7     4     6     5     2     1     0     1    10     3     8     4  
   8     5     7     9     7     6     5     7     7     4     9    10     4     5    10     9     4    10     3     9     5     4     6     2     7     4     6     8     5     3     2     9     8     5     2     7     8     8     8     8     4     6    10     5     7     4     6     5     3     8     3     6     8     2     7     7     6    10     3     3     6     8     2     5     5     1    10     3     2     6     6     4     7     4     1     0     1     6     9     4  
   5     8     8    10     3     6     4     2     8     7     4     4     2     3     6    10     9     4     2     6     6     5     2     2     2     8     9     4     8     5     8     8     6     8     5     9     8     6     4     2     7     5     3     3     7     3     5     8     9     3     8     3    10     3     2    10     4     6     7     9     9     8     5     6     5    10     1     8    10    10    10     5     9     6     4     1     0     1     9     7  
   9     4     7     6     5     9     5     6     8    10    10     3     7     5     7     7     8     3     2     8     9     4     4    10     9     7     2    10     5     3     2     3     9     8    10     8     7     5     8     9     7     8     4     2     8     3     8     6     5     8    10     2     6     5     2    10     3     2     2     2     9     2     4     2     5     8    10     1     8     9     7     6     8     4     9     5     1     0     1     2  
   7     5     3     5     6     2     6     5    10     9     6     3     6     5     7     9     3     2     7     5     6     4     3     5     4    10     8     7     8     3     7     3     8    10     9     9    10     9     7    10     2     9     4    10     6     3     5     6     7     8     6     4    10     7    10     3    10     2     7     6    10     8     7     5     2     9     3    10     1     7     9     8    10     2     7     9     4     1     0     1  
   6     9     6     8     3    10     6     7     4     4     9     9     9     9     5     7     3     6     6     5     4     8     8     2     8     8     2     5     4     5     9     7     8     5     6     8     4     3     8     7     2     3    10     7     4     7     5     9     6     7     4     7    10     3     9     4     6    10     3     6     4     5     5     4    10     8     5     3    10     1     9     9     2     5     3     9     3     9     1     0  

 151   313   519   734   870   684   178   716   832   535   610   954   806   156   856   794   776   869   431   564   968   329    22   598   709   548    66   258   920   497   167   139   539   814   130   768    14   740   700   832   317   324   144   435   820   969   156   456   922    25   744   700   110   203   592   455   729   472    58   856   814   314   619   306   785   623   815   172   805   886   451    87   171   138   346   882   617   286   714   453  
 541   741   457   799   215     9   775   788   157   358   895   703   880   576   778   649   334   588   986   496   732    33   217   331    89   290   104   494   550   712    59   858   894   290   987   465   138   360    57   857   788   955   400   672   564   969   766    53   504   617   463   682   127   320   410   803   894   371   962   393   721   121   101   981   499   711   508   488   651   966   900   822   469   605   853   487   581     5   478   965  
 445   314   533   720   522   286   599   770   318   799    22   598   970    59   311   346    67    34   949   570   810   234   199   223    35   559   269   753   837   372   710   599   871     9   440   929   311   714   790    21   392   669   748   292   274   745   484   749   942    44   725   643   327   136   527   400   479   582   126    19   274   843    53   117   533   328    40   593   846   126   451   475   127   681   945   513   948   937     3   491  
 495   155   737   213   428   873   271   747   492   848   673    29   912   522   181   437   244   593   664   864   617   499   179   473   524    62   498    57   310   117   660    50   331   353   191    62   536   964   174   555   309   614   608   757   978   921   727   961   903   136   355   288    96  1000   571   749   749   808   462    43    85   250   280   640   639   331   778   722   249   395   358   227   695   212   961   806   631   214   240   357  
 661   857   144   367   877    22   336   378   315   995   625   179   869   252   913   496    65   655   890   176   436   866   602   981   212   219   915   200   567   217   501   755   804   221   637   756   820   361   466   513   213   778   927   320   946   619   943   559   331   435   928   368   219   883   639   882    94   155    10   963   155   216   742   665   197   450   414   747   209   379   413   745   859   306   910    80   250   158   664    89  
 298   486   907    50   175   963   781   696   697   170   167   880   152   562   734   861   651   866   415   776   376   555    37   746   865   889   825   269   613   517   273   983    63   619   292   537   346   350   762   708   252   143   520   383   657   429   669   593   361   367   397   881   472   767   391   983   855   126   611   655   967   261   800   868    90   158   561   130   956   842   695   930    14   792   115    65   183    82   678   744  
 922   180   120   576   297   367   313   505   701   156   296   804   275   610   515   541   501    69   425   143   349    24   452   859   636    42   704   137   107   506   546   672   403   743   947    85   651   443   690   926   309   437   621   674   708    27   978   685   800   957   956   621    51   567   585   888   113   171   875   570   290   428   545   397   320   288   351   751     9   201   622   446   427    27   234   744   115    87   462    58  
 606   980   191   896   281   240   789   553   659   959   186   293   849   820   313   350   382   757   713   713   773    16   235    23   131   960   390   751    99   686   797   999   985   858   936   169   666   668   324   891    92   236   497   250   415   489   746   192   132   262   865   691   794   319   307   280   458   732   166   568   384   337   566   950   740   605   898   352   633   698   401   868   473   441   682    78    94   368   448   171  
 537   352   510   359   522   894   204   808   955   146   369   659   599   656   151    76   585   553   518   100   566   689   821   728   602   440   971   600   359   747   143   175   155   364   106   248   130    22   823   855   532   744   550   210   982   545   756   807   409   864   136   178   602   560   278   337   994   342    99   267   926   373   191   880   311   519   401   161   765   595   826   881   563    95   892   448   518   117   586   158  
 555   105   211   983    19   271   134   688   345   411   133   713   158   898   886   609   888    84   538    86   726   255   538   350   702   393   172   576   775   533   120   580   386   701   203   124   455   365   958   335   388   319   696   786   131   951   149    40   191   247   305   703   794    33   616   788   989   245   545   341   411   845   582   334   392   890   282   945   582   337   107   513   106   418   885   838   670   976   344   100  
 881   512   731   373    10   215   693   479   946   118   706   555   619   424   825   722   736   197    21   412   887   302   173   253   518   507     3   188    33   296   272   734   563   733   664   301   345   103   428   808   558   169   833   444   270   828   331   142   860    40   447   383   910   105   556   207   350   467    39   164   395   949   491    85   734   810   867   506     6   597   586   347   296   713   192   774    42   165   176   387  
 355   264   368    94   551    45   213   193   627   519   123   521   149   797   961   258   432   156   904   210    84   993   110   590   255   441   713   444    18   165   120   571   128   954   355   436   503   452   677   658   659   112   123   447    75   726   613   719   481   570   443   304   623   402   759   997   843   381   718   239   272   437   158   537   223   122   960   212    98   378   250   851   894   601   824   836   232   877   724   699  
 528   706   413   197   860   205   105   589   642   695   765   314   483   699   195    11    80   575    85   190   461   841   150   414   444   296   854   585   224   923   597   127   753   543   275   652    20   151   517   383   782   245   203   978   995   568   914   956   750   626   826   447   980   720   163   644   752   874    96   403   585   265   996     3   132   198   960    35    59   952   833   788   167   706   112    58    58   577   224   945  
  99   235   303   337   345   860   372   540   769   635   431   580   587   529   328    32   633   506   622   910   134   941   110   202   683   661   183   716   450   516   630   258   200   802   566   863   495   833   620   115   734   619   719   479   976   208   281    71   956    55   488   426   426   661   716   823   736   632   362   669   571   435   776   518   788    15   688   909   429   554   692   428   480    81   597   508   100   766   350   575  
 312   237    70   566   305    96   626   802   621   692   831   812   950   371   160   645     8   101   274   478   413    58   653   442   957   404    21    34   961   438   499   558   564   493   375   883   625   114   536   414   472   783    76   258   569   778   670   358   877   878    16   586   619    80   584   132   409    86   987   874   824   784   392   519   490   224   436   556   334   746   774   988    54   355   579   219   582   117   472   293  
  17    69   591   644   110   570   478   941    93   282   804   375   614   807   530   471   421   455   100   646   451   317   603   549   668   577   841   953    94   125   352   126    37    20   328   552   536    52   782   815   824   341   858   403    50   229   540   437   562   660   556   173   960   647   917   935   241   950   455   781   954   457   762   117   408   849   515   174   888    88   676   739   435    35    45   321   534   550    17   442  
 554   703    71   470   890   477   536   364   165   314   389   902   173   417   582   936   626   675   980   120    45   464     8   537   540   354   608    80   146   343   905   922   176   816   443   282   658   624   194   780   422   775   860   868   938   113   752   382   478    28   614   300   337    93   381   331   858    73   878   229   372   515   343   516  1000   886   548   874   879    23   437    72   419   395   984   498   363   223   922   465  
 874   473   746   742   854   898   155   761   979   114   516   152   297   861   305   263   885   585   271   335   535     6   255   850   385   652   445   300   958   308   186   381   575    13   264   418   407  1000   590   521   706   922   485   102   863   703   967   102   570   606   639   458   559   141   598   754   790    51   753   729   228   170   910   716   831   667   520   743   174   103    12   592   443   645   442   919   835    99   161   844  
 720   923   171   362   771   439   973   129   416   408   752   980   866   764   697   125   906   560   983   207   787   928   417   600   147   215   162   847    72   944   672   502   629    48   212   470   199   742   423   301   395   764   225   244   845   553   941   418   557   926    84   198   970   396   716    47   339   756   225   572   395   514   891   521   144   496   279   277   826   564   764   530   156   192   334   716   720   624   852   602  
 557   176   655   731   516   331   286   287   501   347    17   102   816   209   427    55   338   743   323   873   172   483   922   252   322   662   419   452   173   234   890   686   986   347   617   633   630   200   282   249   580   951   517   475   976   933   736   160   590    24   398   156   350   367    36   265   627   265   136   859   747   955   501   721   352   800   994   843   236   715   431   702   981   871   544   891   527    37   474   974  
 159   474   981   498   232    40   920   357   739   766   350   440   881   831   827   351    70   645    37   459   475   297   128   385   779   365   538   403   419   792    32   219   229   405   550   158   351   885   965    22   568   849   525   615   495   257   148   988   291   266   977     3   564   691   958   236   341   912   428   613   411   260   439   141   126    75    88   243   531   459   640    51   786   279   455   935   850   486   171    31  
 733   637   539   966   739   751   963   432   162   568   926   206   210   117    62    44   725   585   208   451   514    66   532   866   803   862   898   159   635   890    39     7   976   122   691   971   952   789   726   649   857   381   705   792   462   515   622   939   323   593   180    99   104    32   973   589   943   873   555   235    47   561   707   654   372   692   296   220   704   130   956   291   248   182   808   160   679    26   929   891  
 100   738   919   594   776   417   309   841   207   444    97   570   314   922   772   799   691   214   161   521   313   894   904   660   731   881   490   908   556   408   911    11   364   876   881   840   389   541     3    81    40   909    28   701   591   895     3   813   521   192   329   492   743   360   629   995   816   281   781    31   784   432   131   754   396   795   121   349   669   584   403   880   278   571   883    63   574   584   213   552  
 497   425   490   391   188   757   825   569    12   924   196   687   268    33   138   250    75   413   945   123   398   811   983   348   249   976   559   719   468   153   107   907   721   237   573   335   835   204   896   145   452   150   820    60   630   726   987   409   584   627   315   454   823   366   867   428   399   845   118   606   649   795   470    22   743   347   878   263   873   645   656   992   266   228   243   630   679   272   253   832  
 966   317   681   450   211    49   821   630   984   580   566   396   511   136   705   788   986    19   926   563   581   762    90   339   576   663   886   114   292    71   170   410   473   731   229   181   327   706    93   546   241   211   361   986   602   682   324   700   526   951    75     7   506   187   407   265   278    65   568   769   481   137   696   690   527   864   735   885   518   563   413   350   483   601   332   532   482   246   768   494  
 901   177   781   799   153   623   113   337   806   582   145   412   321   613   165   546    23   173   827   659   591    22   699   631   320   804   162   937   865   457   115   161   837    59   677   547   202   989    35   301   718   389   675   862   544   303   855   678   553   296   361   454   731   531   697   770   321   987   258   809   247   698   829    52   808   528   723    24   254   746   523   898   884   953   270   986   968    79   485   646  
 911   349   604   960   434   876     6   929   424   702   284   164   407   706   351   943   461   823   433   728    18   829   796   373   818   574   885   333   562   803   998   397   698   552   652   380   272   567   243   496   310   962   364   959   190   215   118   247    20   296   583   319   977   103   554    23   779   707   291   124   923   756   236   278    62   948   678   792   326   646   653   232   763   114   353   622   838   370   447   253  
 777   349   823   976   542   991    71   509   578   814   449   175   390   584    85   114   414   996   222   527   164   196   462   899   918   244   166   617   413   511   872   485   508   832    70   239   819    78   483   549   405   287   781   916   200   207   897   491   830   855   149   273   124   213   505   937   559   878   597   319   592   636   327   969   323   734   754   804   313   890   872   213   959     5   867   808   807   759   975   428  
 879   836   884   238   642   231   810   889   937    98    12   245   559   110    58   404   919   484   937   312   649   138    55   523    68    25   922   806   731   219   117   745   369   564   309   345    60   634   393   476   896   298   658    51   521   597   600   352   366   739   468   184   266   930   144   545    52   565    79   474   933   762   556   981   968    35   225   239   585    88   977    64   581   686   874   872   449   376   911   592  
 277    84   438   638   816   367    28   737   774   726   234   581   221   576   466   990   245   318    23   270   575   836   839   903    93    79   900   896   107   453   658   523   430   121   693   516   402   351   189   185   735   565   164   164   352   180   613    69    36   789   714    34   891   915   882   207   807   627   305   180   311   866   625   693   996   143   764   568   668   906    21   763   298   908   903   708     4   159   242   191  
 925   746   862   494   302   513   206    63   649   212   999   642   786   420   191   660   698   200   647   411   472   383   117   171   312   777   256   458     3    96   839   551   734   273   727   867   106   200   534   283   623   493   724   208   695   844    54   485   311   896   982   469   767    60   290   728   863   710    62   770   455   462   275   112   402   568   940   351   212   718   638   696   237    92   317   650   886   662   685   884  
  29   378   935   704   457    57   470   905   790   789   927   219   218   605   180   469   804   944    10   380   727   496   229    86   160   743   185   615   594   544   639   148   504    99   948   854   963   431   848   345   614   396   335    25   542   523   146   398   645   607   882   382   524   687   586   953   315   550   718   411   374   397   873   895   441   912   511   856   306    58   948   543   551   717   997   241   932   248   350   692  
 593   336   682   268   280   497   306   323   455   978   144   718   426   198    13   760   966   860   112    51   296   289   143    64   968   718   765   462   975   864   733   788   626   309   248   190   892   548   764   941   112   273   421   734   209   141   415   562   221   610   308    16   202   883   866   835   814   865   101   268   788   675   616   953   103    94   192   368    77   700   433   608   694   216   792   241   457   260   748   856  
 849   934   702   179   580   478   676   224   512   437   304   519   663   206   191   273   948    27   563   911    95   797   221   338   794   842   611   735   201   722   323   174   141   631   652    75   625   940    84   152   143    11    61   930   625   197   617   715     6   848   119   991   728   927   470   294   200    77   334   215   162   370   519    11   427   302    12   250   998   513   492   501   140   993   653   119   760    17   699    72  
 183   541   393   370   594   427   344   365   920   107   414   596   929   188   585   845   340    42   185   944   847   581   697     7   837   712   110   703   853   807   398   627    84   913   654   662   733   463   928   779   616   686   803    54    44   286   949   760   976   924   693   931   766   535   884   272   799   880   208   945   279   621   181   665   940   599   104   661   947   540   519   280    92   710   185   814   194   228   451   952  
 295   800   654   620   879   331   489   214   829   468   906   223   410   518   279   601   426   248   273   437   804    57   425   882    74   311   409     4    95   666   656   685   862    22   152   931   710   416   200   295   244   440   233   935   392   970    57   742   553   823    55   191   130   766   270    22   643   602   709   540   110   455   241    71   311   270   191   740   575   668   704   140   301   374   689   132   148   345   467   686  
  23   271   364   825   771   575   259   879   619   712   409   894   523    89   817   268   542   657   233   132   549   306     3   467   423   448   437   864   841   166   295   126   569   444    32   988   682   701   346   879   314   273   337   757   682   516    42   663   228   892   946   725   746   875   629    97   769   307   322   272   834   582   148   802   188   256   568   791   530   739   832   118   454   662   317   869    80   502   726   197  
  87   979   719   157   323    99   819   476   365   884   180    34   686    93   203   810   903   968   953   226   736   783   256   434   826   116   763   192   982   380   684   561   301   994   981   329   280   360   771    72   662   427   865   539   296   869   823   806   963   779   280   659   941   904   896   825   392   661   860   681   803   358   540   859   901   943   912   816   250   704   244   860   197   366   777   692   675    89   962   886  
 354   403   777   951   438   559   986   844   645   681   444   398   443   232   123   596   551   847   174   126   144    68   479   816   672   846   123   361   933    44   292    91   319     7   594    53   283   450   130   939   495   911   809   989   312    49   718   554   328   978   574   322   115   336   649   705   879     1   796   864   185    48   649   979   161   250   785   836   631   630   643   398    82   337   892   178   292   547   846   864  
 201   431   157   345   695   142   831   771   957   377   686   747    23    65   761   684   117   437   851    58   877   762   258   902   467   443   432   680   155   952   175   263   670   333    24   757   425   682   722   343   743   724    47   394   236   375   584   796   552   842   572    70   884   687   697   752   448   882   439   284   226   745   228   384   551   797   700   843   926    93   563   223   544   913   903   439   333   530   389   947  
 487   438   899   224   664   988   362   973   745   587   422   816   500   950   917   505   824    72   976   453   997   742   940   334   117   805   781   951   702   877   445   476   817   240   366   143   615   248   906    29   262   734   725   683   957   258   818   394   956   536    19   763   343   457   143    24   207   949   297   181   860   789   147   573   339   188   242   304   219   630   456   547   197   857   506   756   946   189   556   702  
 188   162   216   856   656    47   562   276   274   191   157   679   707   534   456   735   766   675   832   717   424   173   299   459   609   518   738   697   632   668    13   481    32    38   489   281   903    50   217   968   434   950   276   744    17   905   316   122   282   159   344   256    84   120    57   903    65   473   714   345   919    82   192   219   124    89    98   516     5   686   518   256   553   841   128   728   605   115   808    35  
 938   754   346   440   102   813   757   898   594   119   185   221   550   110   829    85   886   582   594   786   323   731   170   291   777   993   274   246   521   234   140   384   156   896   994   158   527   536   463   766   954   561   982   672   260   536    80   345   136   304   700   586   497   458   540   884   848   335   730   723   402     7   748   994   251   668   292   742   496   766   719   165    97   389   956   444   353   535   368    54  
 636   116   381   315   617   978   784   658   505   874   685   115   194   345    92    25   312     2   110   837   169   570   889   507   509   476   409   553   810   225   859   443   619   146   588   779   712    23   365    69   853   772   256   503   256   468   115   883    24   534   227   411   398    40   149   769   200   600   911   856   631   925   845   341   532   232    83   218    15   172   694   568     4   731   855   711   209   524   258   961  
  89   269   927   231   752   150   445   107   804    76   456   296   124   771   927   544   234   229   294   316    51   221   287   730   341   920   308   812   292   793   846   448   999   504   403   118    89   357   844   575   655   408   349   105   976   587   783   629   520   225   833   621   851   456   403   879    45   428   744   479   663   609   481   763    18   429   849   631   520   961   924   226   278   348   594   274   549   217   467   256  
 515   167   777    40   223   199   242   394   223   864   674   538   623   326   978   809    25   441   402   218   516   121   479   900   302   172   608   575   684   854   354   919   893   614   624   407   611   510   780   198   517   425   802   304   399   259   606   533   214   148   629   322   795    94   487    85   122   208    38   872   612   835   795   288   465   663   149   660    24   437   300   760   601   504   778   856   576   981   309   777  
 356   814   973   823   979   831   723   914   916   295   853   689    66   154   779   657   237   450   750   512   841   834   418   955   122   299   782   939   482   126   694   193   255   378    73    51   757     8   752   964   852   743   434   897    28    22   821   204   156   749   712   554   901   679   540   563    29   408   447   283    40   488   486   995   810    50    52   141   325   417    97    68   981   878   971   130   772   679    89   818  
 641   465   206   384   953   474   217   945   597   234   931   650   820    61   323   169   207   298  1000   657   767    29   910   174   563   434   695    21   472   566   407   863   155   954   719   616   400   934   852   810   451   220   255    27   398   505   651   867   819   708   661   807   870   349    62   313   608   109   888   443   362   900   651   380   840   511   947   442   809    57   687   834   409   401   253   897   907    10   786   112  
 587   329   782   513   953   446   642   319   884   586   351   112   324   579   324   764   596   448   926   821   977   659   549   958   371   374   146   255   120   489   642   416   939   685   815   960   151   842   302   680   205   585    72   850   844   636   756   953   663   502   336    71   423    99   816   272   800    26   963   183   281    80   977   369    89   293   820   161   528   726   928   728   295   863   895   883   122   499   907   901  
 831   982   814     1    24   598   588   689    46   207   515   238   793   243   641   897   380   128    38   672   690   995   423   255    23   397   193   619   573   323   791   141   209   103   137    33   120   793   633   220   312   904   252   142   632   795   232   395   924   733   823   143   839   605   747   895   574    67   451    73   697   458   645   541   742    19    59   575   480   865   265   989   311   106    35   922   169   694   227   256  
 309   266   961   528   435   687     5   329   327   494   330   501   523   550   999   949   520   726   640   711   975   988   739   462   880   508   217   367   319   718   669   684   272   111   288   912   264   533   511   351   504   665   575   425   441   224   825   265   836   785   558   468   161   838    41    71   656   746   103    57   636   701   997   702   567   763   284    27   264   429   645   677   431   648   767     9   221   651   156   950  
 567   596   383   610   464   972   497   450   974   714   549   726   929   744   515   674   803   116   977   876   988     5   701   303   283    40   463   877    69   895   838   901   328   135   420   406   525   279   530   693   920   521   862   147   898   672   369   889   987   594   675   806   994   743   926   297   220   443   792   477   970   792    77   805   459   588   301   480   250   236   407   334   506   257    13   341   216   352   652   804  
 495   658    85   954   572   864   781   483   230   624    44   810   505    57   820   408   268   246   208   988   363   975   781   481   590   758   901    40    42   652   610   464   968   790   204   511   551   589   818   185   498   301   132   499   845   443   363    99   168   830   209   463   650    72   509   249   263    56  1000   446   371   314   543   205   333   304   137    54   730   130   295   503   601   462   514   450   464   875   898   709  
 298   213   897   983   820   890   261   639   719   657   913   212   879   343   672   844   564   442   631   509   715   858   920   824    37   527   885   906   919   184   847   373   561   758   745   592   694   337   564   781   416   821   323   482   913   992   338   798   694   451   413   984   203    85   938   206   677   313   812   704   822   978   837   591   780   889   579   547   788   187   703   907   707   951   575   975   703   612   797   989  
 838   411   564   880   478   971   641   304   544    32   645   396   566   690   409   576   303   189   841   566   497   663   733   283   413   426   228   246   996   435   801   604   641   240   258   567   521   540   382   771   440   776   671   923   779   615   514   803   443   822   378   201   735   881   412   258   854   672   212   592    51   120   451   600    36   158   347    18   733   237   619   128   562   445   555   359   278   766   217   366  
 507   444   755   610    44   459   589   518   856   442   370   531    27   483   851   363   126   153   318   318   847   447   124   232   776   423   272   839   822   136    26    70   388   764   193   750   516   660   288   399   101   159   132    86   248     5   589   127   332   198   195   506   557   894    16   293   568   345   703   633   534    91   586    17   397   886   302   982   483   507   131   682   306   925   265   230   113   431   732   420  
  56   931   351    65    80   857   728   484   369    78   955   824   850   927   924   968   776   895   621   814   240    66   637   273  1000   632   584   113    24   202   880   136   766   429   747   633    96    53   101   165   976   648   316   184     8   107   642   576   377   203   446   927   902   449   907    70   950   486   190   683    16   383   404   998   781    12   500   346   517   545   796   198   635   103   639   587   986   656   625   413  
 736   660   202   251   631   708   360    69   766   419   741   532   764   225   108   392   335   337   749   452   969   279   496   954   847   684   731   821   215   155    79   172   457   565   940   128   975   919   427   851   935   118   292   920   965   523   918   460   356   527   474   329   460   937   618   289   716   414   457   203   273   236   415    34   763   701   237   402   826   604   966   574   178   879    18   332   120   936   371   616  
 546    18   331   187   365   539   311   568   305   325   328   354   657   757   158   751   250   530   366   546   126   327   915   498   382   462   317   803   763   878   178   941   358   178   502   911   225    58   548   138   200   560   888   834   141   476   718   737   105   987   294   267   268   919   227   289   556   731   334   505   193   945   390   960   780   326   294   738   225   371   247   583   974   861    76   547   578   894   685   813  
 787   615   127   467   231   404   942   874   365   584   341   818   779   479   759   348   992   310   225   595   276   536    83   225   618   750    21   917   449   971   855   791   181   320   740   585   810   455   580   617   850   174   687   855   232   281   947   219   343   823   795    94   443   659   162   372   806   105   889   823   461   846   901   280   818   994   564   321   960   448   854   176   620   159   145   772   238   368   543   854  
 330   735   585   886   925    14   256   893   483   696   959   191   419   682   107   801   814   348   174   992   342   769   143   254   871   765   221   201   165   850   136   715   210    12   563   365   360   796   805   258   924   926   600   124   599   880    83   218   469   920   160   515   273   623   434    22   523   846   962   790   273   419   221   214   770   892   715   859   872    69   693   638    34   411   233   499   432   204   608   865  
 438   101   720   796   498    43   995    22   463    22   952   423   899   988   964   822   646   193   455   880   334   125   542   320   566   405   256   441   790   395   335   256   331   283   890   608   278    12   175   888   388   919   303   271    49   837    41   576   264   228   304   785   773   317   774   371   497   202    84   677   707    67    36   901   728   704   437   294   922   861    63    52   956   304   795   156   392    73   458   681  
 983   128   771   259   392   994   577   376   721   124   631   667   378    63   123   481   175   627   636   614   727   405   448   968   905   897   731   443   276   998   230   523   412    36   765   705   473   753   559   127   522   244   194   439    59   289   768    70   310   346   968    60   899   139   885   166   129   224   332   523   206   332   699   658   391   301   424   702   596   915   446   406    13   419   668   986   339   615   183   656  
 633   742   539   729   581   296   363   849   149   570   133   460   261   829   579   935   769   972   984    81   474   859    19   254   378    17   641   974   207   673    28   180   510   711   359   984   157   634   758   570   695   750   623   546   740   487   680   113   339   412   723   442   267   590   885   885   702   986   335   623   822   718   818   458   641   392   775   812   622   392   895   794   234   811    36   167   152   540   899   453  
  22   570   994   899   277   204   584   297   204   600   278   147   335   428   277   311   206     1   822   787   755   437   686    79    54   140   926   476     1   663   221   830   300   399   712   168   201   215   972   821   737   970   588   928   529   975   597    87   997   803   491   445    25    46   881   750   278   344   180   385   411   692   970   724   230   292   834   652   128   117   716   151   852   505   742   397   939   390   480    75  
 353   594   304   769   360    11   777    91   741   549   866   165   396   267   104   469   953   903   288   739   894   872   965   834   934   298   479   115   147   936   304   442   796   679   908   900   877    89   919   106   402   134   874   610   147   818   955   527   379    67   859   885   547    38   978   144   663   914   372   800   740   543   711   327    32   305   536   808   930   352   556   690   314   356   872    72   341    28   374   706  
 248   983   961   905    99   342   327   808   662    97   556   550   985   919   624    93    18   674   237   470   289   230   436   699   762   847   816   484    52   504   354   721   399   330   551   756   631   560   295   552   575   857   676   527   122   559   807   506   823    52   578   659   403   784    66   433   222   812   802   949   960    56   629   399  1000    67   265   652   317   150   873    38   599   287    72   398   695   774   861   641  
 775   890   287   486   548    82   962   447   131    79   729    40   142   172   739   506   828   534   274   469   330   967   802   102   368   317    93   303    81    41   808   683   298   802   488   719    60   850   825   445    57   671    18   963   362   216    42   508   536   928    11    34   965   651   116    53   298   182   922    21   143   562   102   610   699   405    54   624    40   481   331   522   491    65   191    31   684   538   460   709  
 785   647   147   734    48   753   963    83   567   736   408   995   348   362   776   212   226   806   427   912    61   990   516   660   619   794   541    50   792   307   242   146   881    35   713   324   376   168    33   402   560   882   303   436   191   427   224    38   990   213   851   528   458   461   209   671   998   806   774   508   319   103  1000   409   843     6   687   118   209   333   832   739   665   190   121   491   358   417   937   621  
 755   277   367   648   265   191   179   662   646   216   493   987   263   333   195   169   225   330   527   948   448     7   765   479   715     2   312   431    67   625   647   391   620   709   722    45   777   739   322   578   420   101   485   728   293   893   980   369   750   858     2   977   850    70   791    12    50   470   803   748   256   435   206   695   476   545   200   686   303   843   130   491    78   993   254   153   114   104   818   271  
 593   146    36   367   220   737   398   752   709   979   204   793   372   381   693   643   193    11    99   453   182   106   329   245   981   846   799   144   533   158   808   690   702   800   443   164   354   560   991   546   161   608   295   340   586   363    91   972    11   590   805   657   806   835   902    10   609   825   381   955   562   182   149   364   986   803   972    43   345   557   737   781   217   458   836   860   592   344   615   484  
 612   473   658   882   557   282   234   198   593    23   690   555   290   292   203   809   475   150   386    97   951   621   365    40   238   892   111   947   818   714   245   420   873   123   477   909   352   912   693    92   437   253   868   828   815   458   754   360   602    80   253   864   128   675   636   965   657   244   835   216   623   965   560   222   735   352   775   817   103   462   198   427    23    87   828   257   321   312   124   762  
  21    46   207   400   199    36   236   998   785   326   961   929   165   278   266   642   468   184   571    11   975   131   982   268   467   119   826   476   452   805   151   255   325   774   615   229   448   487   936   112    24   349     5   165   617   457   757   555   918    37   257   798   343   322   376   294   863   281    45   347   595   832   314   202   829   489   993   847    19   127   196   684   243   248    86   976    25   248   248   470  
 853    54   230   498   104   360    10   706   476   369    84   289   367   407   328    27   631    21   880    14   572   761   432   511   560   917    45   777    67   898   162   598   316   787   129   852   352   295   462   605    16   221   973   368   607   476   439   728   713   571   332   555   740   907   731   529   481   661    84   382   314   391   556   956   349   330   438   732    19   206   631   340   318   412   949   432   615   107   556   384  
  22   945   108    59   130   272   245   281   787   849   491   631   687   893   826   560   604   584    14   109   855   878   445   276   738   172   426   476   663   392   487   939   126   191   913   410   114   128   861   597   691   604   292   169   409   962   900   577   234   347   603   388    60   358   744   116   549   583   458    42   945   280   943     2    86   127   801   549   831   745   827   275   256   919   413   764   605   946   437   897  
 562   871   976   189   422   705   416   854   698    14   752   259   354   899   664   657   611   792    99   635   453   610   922   730   307   882   417   814    30   826   680    98   261   960   281   718   390   493   338   373   906    23   514   539    35   145    70   160   233    97   543    27   479   748   700   253   510   371   217   662   154   467   870   936    65     7   362   562   955   395   783   513   346   519   653   582   896   598   598   586  
 862   710   725   700   565   829   141   787   269   866   766   935   246   653   327   617   382   482   375   282    92   358   719   899    24   877   515   194   249   289   318   211   219   984   533   673   235   160    36   216   165   948   826   891    51   256   998   913   344   934   597   904   637     1   713   707   128   613   265   672   413   492    83   971   481   899   714   323   248   181   833   183   518   264   620   765   202   509   561   390  
  64   518   775   914   290   989   579   146    68   471   856   998   139   632   789   902   743   673   194   844   302     2    22   633   688   940   567   894   215   188   500   153   110   122   994   193   137   517   455   588   278   843   975    73   395   685   880   227   507   148   300    81   315   654   726   683   176   422   872  1000   559   322   268   270   674   624   476   775    61   136   863   575   880   474   442   712   306   656   452    44  
 276   868   894   217   527   969   778   627   779   934   468   102   340   728   966   887   770   967   864   898   671   569   845   732   742   789    60   441   879   341   397    39   143   779   687   601   921   357   151   742   476   456   190    18    52   691   245   394   388   979   324   112   846   571   303   653   792   398   938   661   690   157   402   391   324   996   603   870   980   553   658    93   461   589   863   807   639   161   182   580  
 824   568   339   544   923   772   860   452   361   521   555    53   337   758   876   753   240    61   928   935   948   170   243   301   388   652   386   339   785   376   627   282   563   151   133   623   532   926   279    42   801   251   160   455   846   154   765   752   903   448   899   258   900   313   886   929   983   876   383   561   118   189   905   248   649    73   524   422   848   486   183   904   855   823   971    76   287   422    60   159  
