81

 139   269   338   566    16   507   421   661   790   317    93   497   904   250   927   494   725   183   287   682   121    44   862   726   334   823   840   315   390   230   407   923   589   578   291   771   539   727   301   718   257   476   232   327   217   130   778   744   582   635   433   103   508   769   948   568   115    34   106   795   939   588   489   916   719   535   116   524   620   519   535    12   789   432   119    96   638   614   422   597   305  
 442   442   963   517   510   208   571   912   137   922   429   266   219   738   137   447   364   246   584   609   363   112   737   481   266   187   153   547   821   873   803   420   867   998   760   689   398   141   262   317   148   531   290   381   571   331   748   867   329   790   824   682   638   207   241   833   416    75   852   923   195    80   965   296   382   491   975   976   200   227   453    13   894   238    86   994   646   394   911   364   499  
 492    55   970   428   690   458   900    24   637   869   837   533   547     1   155   619   960   737   483   483   505     6   235   715   386   974   563   375   664    49   700   797   670   620   152   187   683   646    94   682   953   748   964   405   696   305   844   847   923   597   298   791   615   604   580   243   599   642    77   235   952   699   619   237   327   992   969   855   695   577   489   205   873   952   488   318   818   415   458   337   501  
 740   306   753   101   104   170   359   403   286   886   341   530   796   496   803   825   529   410   869   982   513   290   333   985    87   834   940   572   623   271   409   766   315   101    12   265   614   803   408   705   182   520   568   436   881   612   807    22   117   668   434    75   624   496   189   936   741   789   250   972   131   299   468   126   959   178   434   185   184   103   748   147   232   567   990   485   203   953   441   436   189  
 550   180   626   674    19   868   411   297   750   657   789   905   169   247   513   256   606   436   315   478   860   773   882   407   658   136   632   538     4   855   369   153   957   569    36    31   689    20   587   112   213   847   704   289    58   332   350   346   898   546   189   319     7   224   352   110   246   767   785   492   541   522   141   637   147   221    62   780   525   606   128   679   495   572   373   113   568   223    78   248    12  
 327   792    64    83   525   746   702   379   925   835   364   399   867    47   703   733   636   179   217   519    47   708   790   532   668   734   271   998   795   488   799   126   920    54   372   857   841   648   543    73   667    37   562   231   678   809   468   474   797   609   887   104   481   417   607   929   708   863   121   549   365   701   778   735   451   713   133   246   795   246   294   264    81   319   271   722   822   133   438   290   843  
  68   378   379   765   725   873   334   967   565   640   798   835   670   654   793    82   754   468   390   565   702   946   620   882   144   429   179   799    42   148   899   782   923   342   828   732   447   911   552   656   771   117   466   213   546   917   947   280   817   354    76   679    54   715   645   538   729   141   177   188   392   266   675   795   234   512    81   702   287   562   697   811   936   126   192   592   673   470   693   760   951  
 515   167   730   342   924   708   214   253   735   328   694   970   899   118   669   613   916   731   513   682   804   691     6   245   903   628   708   156   314   618   495   583   589   182   231   201  1000   966    88   696   255   507   737   776   936    59   385   339   998   616   473   161   560   600   616    47   698   554   496   357   376   557   190   157   543   603    19   429   444   869   956   843   327   284   239   778   309   769   680   502   713  
 228    11   730   481   208   635    38   229   457   275   409   769   470   922   158   317   353   145   280   302   108   135   575   177   490   163    49    95   491   102   904   841   179   918   170   363    97   145   131   704   840   369   783   900   970   307   521   498   850   937    69   636   230   532   880     1   590   453   338   649   701    25   851   226   399   646   479   939   100   860   988   283   614   679   797   432   278   946   689   943    30  
 423   576   153   734   131   405   347   557    55   217   358   500   109   221   755   478   225   160   477   647   862    65   567   374   270   313   989   591   256   926   329   143   337   692   898   802   442   667   995   632   996   169   516   729   293   870   443   965   684   515   108   153   793   370   751   740   477   290   182   176   304   381   582   488   959   434   179   692   545   180   937   411   825   682   890   156   942   258   426   280   547  
 869   251    54   895    87   317   332   529   495   280   640   502   700   257   906   444   831   788   408   312   411   739   214    55   838    40   295   555   317   908   986   944   624   676   928   948   877   112   564   542   405   791   197   108    26   428   317   109     5   816   438   756   473   323   804   125   243   958   921   421   692   347   955     8   365   479   625   746   969   249   999    18   337   272   305   890   568   584   712   536   769  
 431   156   412   158   495   269   367   420   881   253   549   426   276   355   502   563   431   191   582   774   568   873    54   798   264   425   619   749   661   386   925   375   480   488   168   322   382   341   263   227   927   120   291   836   931   346   898   253   920   915   706   823   643   859   253   531   512   867   254   531   926   459   505   854   578  1000   639   152   668   753    42   668   402   519   364   122   394   609   279   590   147  
 369   196   462   606   374   768   620   255   178   711    35   420    96   183   140   168   360   394   712   371   882   592   936   719   378   730   354   645   202    84   941   396   828   816   856   865   903    44   168   740    27   482    77   770   467   536   763   729   383   295   260   550   161  1000   221   163   200   298   567    37   543   374   880   687   715   542   425    88   288   599   845   686   506   108   121   119   652   541   576   300   344  
 904   107   548   360   169   630    47   241   281    83   656   885   417   458   302   617   566   496   798   515   916   291   661   354   149   807   682   173   394    47   124    36   732   399   871   720   695   920   579   713   940    96   383   843   884    87   512   635   702   371   309   267   703   684   122   623   349   259   603   754   578   387   703   633   412    38   564   912   500    35   274   348   560   397   483   901   126   100   224   944   323  
 979   702   941   894   414   841    49   899   143   300   566   268    29   288   556   961   280   640   859   536   733   860   347   766   484   196   418    48   638   936   474   216   227   778    10   318    72   548   334   813   726   593   655   137   895   782   215   884   288   812   844   791    56   742   385    23   316   412   810   825   235   164   955   450   781    88   690   572   366   442   425   225   482   326   415   417   462   228   260   404   880  
 846   959   921   932   939   921   142   339   557   112   143   695   390    52   327   223   904   682   216   246   860   603   524   219   278   557   608   503   889   474   673   281   205   793   586   198   217   724   543    58   999   363   728   361   297   752    41   273   220    63   655   786   975   756   145   366   542   403   831   187   846   478   406   908   384   609   651    14   351   290   242   855   553   251    60   652   483   176   868   275   484  
 690   766   672   441   527   132   792   660   746   234   942   556   195   181   629   415    67   267   898   113   804   394   892   299   874   997   216   523   905   899   634   601     1   723   510   539   659   426   316   922   434   907   184   534   551   594   229   236   936   804   801   772   810   752   586   487   441   227   593    40   262   944   859   744    70   878   997   251   603   107   182   841   452   727   944   739   379   615   255   225    34  
 827   402     5   105   921   120   302   324    38   964   275   198    78   605   138   712   454   257   549   626   273   777    32   998   626   753   123   497   891   600   428   537   532   524   575   265   885   261   366    65   465   615   205   783   995   124    38   355   393   579   992   467   309   920   781   260   745   807   804   703   816   193   238   143   545   127   767   906   744   464   275   936   997   287   249   174   422   975   775   270   790  
 286   599   425   881   883   173    69   702   876   748   942   138   711   594   794   941   330   465   942   930   632   540   603   781   512   921   596   288   923    11   550   350   318   768   823   742   209    66   349     2   499    14    55   884   550   186   434   720    63    52   607   543   817   800   209   848   579   847   640   216   248   951   980   213   430   163   961   678   368   489   203   309   899   230   133   748   335   839    40   232   994  
  55   508   785   956   805   821   967   736   659   622   101   786   439   847   280   296   727   431    94   183    35   275   889   620   872   741   640    19   948    23   961   495   756   451   851   792   271   187   150   753   347   565   168   380   686   240   505   418   788   150   164   106   819    18   654    18   468   844   233   395   177   295   875   902   417   947   524   963   167   385   236   896   527   406   823   126   868   583   321   865   122  
 215   495   424   543   916    28   665   857   382   517   450   787   592   424   267   613   954   654   116   625   140   206   556   121   367   481   915   596   266   542   192   869   584   645   643   696   863   832   912   560   570   334   334   439   829   879   430   879   256   557    92   401   167   344   478   322   750   191   414   229   719   853   596   177   989   500   361   580   592   278   781   976   779   435   356    25   687   187   579   454    26  
 684   104   835   188   590   911   312   897   268   812   886   259   536   905   388   690   501    13   401   162    34   672   940   588   908    99   247   231   458   353   458   984   600   898   170   985   228   250   814   192   333   767    83    31   767   617   168   362   429   140    89    33   105   660   911   653   516   146    14   123   465   266   174   673   921   409   143   478   588   439   704   297   440   287    27   744   876   161    18   879   754  
 543   431   279   288   906   940   922   174   367   275   131   664   155   466   728   560   462   658   934   721   376   179   377   100    13   906   898   353   511   756   496   446   463   814   116   311   814    96   961   995   825   595   515   917   967   956   286   388   612   355   342   417   129   277   592   352   789   581   970   394   419   664   743   993   558   519   227   516   698   828   977   244    44   556   368   830   820   420   278   348   797  
 789   992   989   532   108   361   252   864   711   968    31   996   284    71   339   295   953   220   822   894   406   436   506   497    79   286   150   361   405   304   206   200   924   227   613   857   861   695   435   298   526   621   536   579   195   952   822   591   983   368    76   355   146    60   452   963   793   371   493   397   599   101    76   406   853   883   638   146   341   172   923   329   549   164   500   590    80   170   991   878   870  
 709   172   318   528   530   554    67   160   277   845   312   138   974   271   896   552   491   761   137   538   456   651   288   965   395   678   707   237   600   780   607   216     4   820   160   285   586   450   369   986   907     2   776   734   958   539   786   684   287   932    48   466   121   792   764   206   774   581   319   791   612   157   873   765   323   431   918   695   531   423   701   725   528   932   223   440   909   634   243   149   100  
 574   570   414   955   349    76   532    69   190   287   773   391   629    17   279   284   437    74   423   230    87   909   194   342   590   346    81   354   714   717    55   691     7   867   127   746   664   581   704   962   356   689   474   671    98   174   161    48   585   228   953   764   969    89   991   848   807    62   410   278   261   481   921   954   565   214   776   514   197   156   976   424   179   926   928   136   157   852   914   598   637  
 160   782   957   295    14   243   421   716   723   891   989   632   334   452   504   817   481   126   854   961   520   775   633   645   579   876   835   462   554   329   715   587   413   707  1000   686   840   382   748   628    81   152   466     3   950   326   619   455   485   913   488   802   368   425   113   894   872    17   621   392   948   545   171   142   487   943   208   567   940   409   332    87   289   124   487   603   812    96   297   263   682  
 120   258   666   501   504   956   948   946   661   239    75   295   276   892   945   916   752   512   715   578   487   468   944   968   974   120   657   214   396   773   513   578   728   215   851   157   154   739   730   706   146   133   923   411   406   886   964   349   465   275   165   149   698   735   602   851   870   941   615   441   156   199   742   272   786   242   783   980   187   647   394   118   733   366   380   616   676   467   391   314    57  
  74   859   333    35   728    24   531   299   551   500   841   345   143   891   471    52   547   290   968   263   358   619   113   609   704   906   244   580   844   128   206   535   869   542   773   649   538   449   255   527   877   203   875   990   694   430   922   245   557   854   386   580   806   878   269   812   326   358   828   136   937   825   766   994   623   297   329   784   370   388   622   936   166   367   171   393   323   603   125   192    71  
 542   661   190   670   698   502    14    17   581    33   960   717   325   839   955   851   801   592   123   127   931   810   739   186   898   406   777   732   398   577   943   490   717   891   710   887   722   749   483    94   491   713   995    25   899   714   777   407   547   830   212    17   149   119   394   935   950    90   338   578   658   719    53   938   559   418   823   814   356   635   139   896   433   805   921   395   624   387    70   475   873  
 930   670   891   764   569   683   679   707   868   657   553   959   611   275   427    76    39   753   824   520   450   422   245    80   582   246   681   492   740   356   322   541   895   981   290   911   267   706   590   165   901   455    57   211   233   401   193   477   334   948   874   983   160   407   650   580   978   700   315   423   436   376   684   343   189   730   404   569   573   971   869   290   340   570   132   939   726   432   479   621   201  
 427   718   836   605   873   747  1000   677   140   635   299   102   229   176   831   722   858   886   807   324    75   983   867   468   114   664   426   462   749   718   270   176   732   337   273   381   711   270    77   263   188   513   907   679   173   129   912   516    60    33    96   846   849    64   576   904   506   734   647   166   406   278   277   423   364   270   847   911   906   774   333   486   113   732   617   365   272   961   467   357   548  
 851   740   442   864   698    11   755   456   484   737   476   533   836   376   750   833   540   770   989   489   111   640   592   345   746   246   214   458   167   669    76   924   251   957   314   359   537   555   589   232   508   323   224   555   172   818   787   242   175   559   870   868   714   576   614   937   298   384   307   903   232   822   686   112   116   498   807   332   273   819   885   312    81   312   975   682   723   466   675    45   399  
 222   905   695   977   821   952   829   450   410   327   841   640   719   162   131   694   315   943   820   652   833   240   487    13   921   840   850   956   231   123   276   755   854   998   867   440   604   769   607   297    71   879   793   562   843   734   257   541   415   174   641   192   236   818   808   832   235   560   853   550    96   625   677   732   958   521   312   719   997   955   296   604   479  1000   236   511   396   502   384     3   489  
 159   642   498   552   971   582   369    40   653   522   479   837   666   659   304   411   324   140   926   406   334   737   527   379   781   372   348   544   346   644   223   797   808   144   209   671   863   124   427   979   239   624    29   430   228   516   430   331   357   491   489   201   473   978   599   552    27   996   357   371   965   363   157   935   363   624   876   140    23   406   953   801   437   993   643   598   316   979   282   463    61  
 223   518   625   787   871    69   238   277   927    78   697     7   842    85   802    28   102   509   615   715   831   989    34   928   157    30   501   321   872   546   721   964   296   259   603   550   999    20   538   807   427   624   177   197   719   911   543    10   766   119   637   174   628   817   645   479   913   130   703   666   888   411   344   735   207   131   829   908   643   254   359   824   255   535    30   748   631    73    25    75   196  
 799   878   483   608   428    34   776   617   762   288   180   959   250   549   178   736   485   131   613   575    86   242   425   122    11   785   812     2   263    33   713   820   571   102   737   958    51   487    98   694   189   938   681   397   497   807   209   863   549    97   169   646   524   922   734   358   168   479   948   931   867   960   350   251   114   323   819   841   598   796   540   715   783   457   277   596   719   333    61   814   520  
 155   656   437   614   407    34    43   115   341    52   869   246    88   177    44    87   704   733   170   798   254   603   166   901   912   911   908   680   124    34    18   338   295   492   322    96   755     3    14   467   718   374   984   626   234   491   650   316   835    89   347   216   294   971   148   173   947   570   413   198   347   292   232   306   613   225   324   326   795   759   614    79   974   413   346   589   532   162   527   938   374  
 232   893    89    99   997   597   961   326   694   442   714   946   894   959    69    17   104   939    81   221   937   843   346    80    30   885   340   881   104   452   794   224   371   167   441   233   562   486    78   473   133   923   503   399   109   284   987   590    90   176   730   459   397   517   236   911   570   151   563    51   937   553   997   357   226   567   837   228   531   704   803   248   771   794   236   766   770   432   805    86   910  
 358   251   676   759   591   864   684   115   182   617    52   609    27   769   286   301   145   550   589   266   245   511   618   181   714   825   199   671   730   614   551   219   213   383   183   233   999   364   422   831   265   184   606   671   102   310   521   377     6   811   379   297   223   354   182   349   997   615   918   718   955   649    44   496   565   951   928   789   525   813   696   276   918   132   250   877   951   765   270   995   959  
 715   247   274   254   391   484   262   686   400   473   811   290    85   527   979   154   972   945   201   325   302   767    82   947   659   190    40   281   490   296   651   879   388   594   268   881   415   598   627   975   442   721   830   248   352    48   621    80   783   682   991   835   917   671   148   146   933   135   624    30   994   780   208   587   991   784   988   929   622   242   192    46   671   489   644   971   476   409   110   543    28  
 551   448   948   628   695   671   814     9   703    12   532   457   978   940   463   343    73   293   658   628   608    89   624   690   954   185   173   188   710   386   724   226   669   105   953   724   668   457   119   348   338   965   674   869   668   889   309   878   468   235     3   763   581   376   225   692   695   283   113   753   487   946   338   623   764   943   950   330   499    57   552   351   225   995   964   178   224   464   133   220   225  
 300   296   945   880   400   895   336   856   921   306   821   419   147   906   892   816   292    92    47    10   711   125   376   102   207   244   980   156   611   118   518   734   163   351   817   666   248   827   138   524   492   290   750   515   951   232   383   161   919   314   771   721   745   659   909    34   766   593   134   107   293    71   801    68   942   514   288   145    98   918   650   926   403   430   571   311   782   900    36   106   584  
 861   661   343    18   210   178   657   668   787   646   443   826   324   753   337   876   900   933   470   831   847   753   889   358   189   283   995   803   302   624   965     2   843   952   496   342   196   388   477   740   627   231   369   820   333   629   982   798   560    34   537   928   264   795   818   175   244    48   585   274   640   265   464   885    92   541   265   598   748   112   624    57   177   805   437   301   277   336    82   640   474  
 198    42   718   297   814   591   782   479   190   530    85    26   658    86   212   796   396   831   247   308   320   286    25   803   149   965   355   238   777   473   816   479   978   970   189   450   220   558   104    46   965   790   515   715   940   606   353   411   585   433   877   136    90   379   302   377     5   708   138   994   358   223   662   284   888   434   919   234   325   765   822   939   551   518   290   805    38   944   749   277   417  
 170   766   427   599   911   598   578   981   996   256   206   679   970   988   452   256   964   775   789   681   874   805   574   119   543   870   725   138   968   932   915   388   639   923   634   260   895   907   147   429   506   734   774   482   855   112   551   689   123   944   231   474   785   188   984   772   583   389   332   477   475   157   841    17   138   383   339   206   704   967   253   174   173   199    65   536   610   587   138   382   762  
  88   806   214   258    43   719    83   137   796   318   100   159   822   722   948   993   274   616   742   542   936   435   195   303   138   988    92   685   690   986   669   764   468   480   899   938    22   910   751   318   288   148   842   751   320   442   494   640   295   828    24   942   686   753   111   379   485   194   471    45   127   226   855   756   415   533   569   210   616   912   122   372   623   311   135   793   216   193   728   620   130  
 322   624   712   793   229   615   691   680   511   114   710   316   700   622   852   129   916   958   943    62   123   194   790    87   890   553   643   183     4   493   789   624   480   303   207   881   394   547   870   495   380   385   684   611   162   700   166   223   990   735   988   937   914   704    85   466   282   136   910    35   119   320   472   290   555   572   336   708   790   705   609   300   531   568   947   233   794    65   675   536   938  
 974   208   367    12   656   722   919   167   691    74   662   514   883   409   400   365   750   133   594   552   329   188   550   716   273    42   803    35   548   935   360   608   828    98   998   269   840   240   156   354   390   825   630   964   669   319   205   107   230   485   729   775   581   331   305     1   317   239   976   375   342   377   157   613   362   270   578   870   298   928   372    34   866   202   152   738   992   411   777   536   640  
 905   320   249   326   939   174   290   533   464   589   284   212   668   271   457   149   322    33   195   201   926   195   483   708   931   494   363    61   582   782   613   995   879     6   610   371   557   365   861   765   945   726   253   848    21   715   920   535   396   356   491   316   528   912   438    18   600   807   194   797   613   996   624   183   814   584   638   302   661   147   840   639   797   610   632   746   561   186   607   990    21  
 373   548   619   287   672   992   157   622   433   967   643   129   670   195   595   285   248   606   136   278   586   911   671   568   336   146   814   920   181   246   130   892    75   924   896   138   933   756   444   366   402   672   417   309   842   617   229   356   296   593   366  1000   165   873   274   973   279   790   111   168   769    93   927   206   958   802   981   170    72   158   964   337   426   979   356    46   507   167    32   718   330  
 145   683   903   177   975   110    15   502   877   714   959   586   618   427   995   347   572   406   487    83   322   178   834   252   511   776   759   115   732   624   153   981   313    80   581   802   525   979   323   831   366   125    59   203   708   464   544   264   586   970   888   691   750   163   590   778   654   982   998   370   751   668   581   381   726   599   199   182   354   905   753    88   169   842    79   787   425   122   922    18   625  
 258   807    72   866   977   171   236   713   720   244   780   835    53   227   838   427   227   967   199   182    82   115   794   437   423   939   303   730   476   100   401   271   589   978   835   450   383   465   229   899   553   988   930   340   962   249   904   693   282   229   234   857    48   815   278   201   437   513    82   326   821   166    72   198   318   463   241   704   750   451   978   667    29   268   856   984   875   457   636   871   214  
  64    32   493   508   592   472   245   825   314   771   812   388   262   630   416   852   776   978   537   147    14   820     6    52   125   650   975   240   358   276   119   982   945   750   226   432   868   843   344   433   730   996   805   653   771   883   560   900   238   359   822    99   195   846   810   552   104   580    56   503   206   956   394   440   464   630    60   350   893   467   972   887   712   736   336   658   529   423   864   893   865  
 144   520   540   857    97   415   579   619    66   702   145   468   722   122   696   738   794   593   521   352    79   628    68    67   156   309   507   481   226   969    58   312   501   677   174    91   988   441   811   482    65   955   432   580   615   966    75   187   930   635   527   817   690   936   636   764   857   848   620   439   790   801   374   779   233   491   825   851   433   192   408   972   878   952   888   552   190   389   594   838    93  
 795    56   147   942   327   595   773   728   423   340   420   415   930   357   229    77    28   735    42   363   482   765   533   115   939   110   554   894   783   412   167   942   639   461   845   705   730    94   368   612   679   175   993   716   137   565   223   825   348   148   936   454   230   363   371   550    50   331   155   652   730   341   725   938   347   420   762   490   359   155   666   209   495   863   219   663   201   295   341   838   240  
 976     6   225   754   203   342   621   250   140    67   336   644   711   429   121   283   838   615   716   206   336   597   723   435   988   398    92    25   167   750   811   661   237   773   350   947    84   239   533   795   185     9   674   113   778   275   816   921   714   872   655    61   997   778   718   824   135   855   957   400   801   292   323   500   209     4   220   709   654   934   541   218   266   611    64   571   767   816   793   817   824  
 174    36   148   588   687    80   871   752    86   614   846   166   647   994   974   709   282   338   510   581   565   263   890    23   596   100   352   737   773   743   151   191   162   993   391   637   642   376   437   837   311   757   921   890   636   522   943   798   635   344   540   484   221   958   354    85    37   362   203   512   359   781   625   630   900   248   635   464    42   715   886   574   190    71   232   175   956   401   268   142   298  
 109     3   982   834   904   576   122   176   691   447   120   580   906   886   356   263   694   968   224   539    77   607   142    21   217   831   937   207   988    25   534   414   123   645   551     9   451   774   829   925   759   273   661   704   359   151   135   127   511   424   356   623   423   831   179   389   511   741   547   362   961   284   305   463   334   989   919   241   139   380   790   360   102   128    28    25   430   819   988   347   549  
 930   684   597   870    27   211   853   583   551   977   790   806   166   111   363   822   447   554   628   793   595   829   299   523   534     5   343   172   468   267   276   949   262   346   224   594    36    85   399   955    66    52   248   838   788   288   624   696   504   798   101    98   388    51    46   789   128   373   681   880   973   679    71   168   323   797   160   787   700   689   457   553   893   749   638   260   216   565   789   994   544  
 665   305   961   366   290   584   479   127   907   789   710   267   953   408   507   643   889   888   462   290   783   913    61   558   957    99   525   905   333   228   449   110   924    39   134   122   802   865   408   346   857   187   747   194   300    52   108   449   374   417   654   310   366   841   511   780   209    64    28   713   665   363   558   463   812    84   483   109   362   659   502   746   456   631   490   982   353   835   376   645   742  
 144   638   554   504   625   330   381   492   898    78   638   219   484   137   834   482   421   340   507   957   112   771   698   765   216   118   982   887   605   325   608   882    65   761    66   369   767   376   818   542   413   778   706   258   229   648   583   584   376   811   325   604    55   294   187   907   146   668   126   881   217   426   683   744    70   859   397   847   170   481    95   539   379   460   267   758   900   710   747   332   441  
 790   969   336   453   152   931   631   716   267   251    50   852   584   598   573   474   748   878   365    80   211   994    28   334    20   440   360   903   687   559   975   271   198   515    67   327    62   784   734   101   894    47   497    38   178   483   937   734   208    25   745   746   924   672   629   626   313   398   266   102   819   328   845     2   407   589   281   542   459   430   309   921   870   559   342   936    33   651   130   187   744  
 627   439   562   960   947     9   672   899   332   918   673   907   727   146   518   868   129   852   672   753   117   880   195   143   890   356   881   839   830   458   511   290   950   695   665    21   618   215   127   438   157   554   762   190   260   946   431   841   518   519   403   381   935    58   800   574   800   369   392   350   623   230   401   771   562   120   685   748   594    15   345   327   965   374   425   469   503   791   813   954   266  
 604   332    51   450   651   259   932   700   519   228   302   286   177   532   813   515   533   798   421    96   678   119    71   797    86   242   625   449   124    25   110   646   375   587   537   512   602   649   218   902   250   963   528   545   312   423   872   358   924     5   202   336   237   813   294   684   338   569   405   984   126   573   421   818   343   688   120    27   153   235   172   363   695   669   220   801   869   973   851   322   247  
 320   356   213   989   579    56   444   674   646   613   507    61   981   718   219   138   728   880   131   342   603   360   142   152   429   489   945   619   721   615   823    30    19   246   797   143   744   733    78   477   733   739    82    31   294    48   773   710   264   345   684   137   678   895   148   888    19   730   142   230   510   639    78   609   722   823   898   688   189   472   748   789    34   214   573   698    38   834   307   427   711  
 787   190   270   936    19   786     8   630   965   364   745    68   275    27    53    64   830   124   700   322   561   746   946   672   532   235   246   660   162   463   472   188   250   352   707   262   738   429   201   842   638   895   207   819   999   147    25     8    60   678   251   482   751   673   717   764   197   111   442    55   928   729   820   105   188   953   954   998   774   853   434   260   777   622   433   230   825   631   778    36   463  
 899   620   820   984   798    81   486   632   246   483   241   539   982   306   764   304   513   542   172   349   235   420   534   412   631   627   553   301   561   568   699   974    44   191   391   881   874   246   258   935   916   996   569   232   438   914   524   276   170   297   113   910   146   854   173   611   458   437   113   330   257   328   204   146   403   238   725   878   865    23   208   878   960   836   519   835   646   453   856   245   138  
 266   398   182    38   707   802   243   818     4   204   517    80   366   334   408   607   284   589     9   492   676   117   106   538   409   275   323   630   488   118   627    30   135   738   624    38   437   929   450   578   275   508    10   218   646   886   461   894   483    42    75   270   323   704   839   475   445    34    26   720   933   880    64   481    78   126   760   900   224    46   302   422   570   301   177   795    17   307   897   326   832  
 432   732   175    67    82   721   685   951   851   244   751   361   456   428   578   246   884    30   422   588   764   683   951   474   304   488   390   508   321   298   554   793   517   815   743    66   212   355   721   112   297   332   724   503   575   706   536   953   640   948    19   220   373   333   156   733   383   927   873     7   658   165   552   427   460   884   548   162   879   285   547   227   568   975   596   114   274   923     6   897   816  
 564   192   596   566   416     5    25   223   402   999   139   363   819   328   119   821   852   627   908   204    94   413   210   791   377   109   700   864    27   513   465   436   200   422   424   333   326   111   126   757   567   457   996   382   913   671   333   401   706   587   272   273   921   973   262   428   367   175   304   543   967   271   547   237   934   749   886   269   455   196   509   211   102    39    61   710   266   967   971   153   611  
 179   748   616   695   869   123   670    90   714   630   672   218   455   890   743    92   721   593   195   273   421   623    92    62   125     3   149   425   159   357   208   724   862   211   103    32   396   603   125   800   307   104   915   182   991   456   998   925   548   400   435   689   439   784   941    74   584   485   682   175   330   383   880    29   337   253   314   492   956   970   874   732   486   574   239    96    16   279   196   549   562  
 950   255    46   891   286   899   736   271   984   948    45    44   449   830   696   101   616    62   738   240   625   939   862   475   980   818   879   524   959   193   261   400   507   225   917   647   739   559    20   499   478   491   834   541   567   241   737   725     1   827   322    91   335   981   468   872   930   966   673   941   723   902    61   282   957   871   216   281   748    87   483   691   761   832   210    84   500    49   639   407    49  
  83   680   748   630    48   639   430   661   162   935   331    51   765   473   570   219   392   175   822   860   998   572   628   463   148   830   203   600   727   691   740   321   301   977   494   499   846   468   615   259   920   904    59   200   374   993   564   399   484   784   600   852   446   948   629    21   998   207   170    99   680   544   632   745   472   352   839   966   746   777   541   403   501   683   173   329   658   283   851   328   921  
 274   737   649   250   357   581   497   704    51   935   608   361   212   642   245   999   893    99   480   750   802   407   399   309   594   637   123   883   936   216   232   607   624   632   812   688   123    72   230   300   126   306   766     6   714   312    99   381   968   931   644   334   951   155    25   313   481   988   679    26    79   153   552   744   179   376   251   532   597   951   828   925   557   753   664   589   840   823   787   447   746  
 377   154   526   859   149   587   687   141   504   206   851   354   823   484   885   363   564   783   749   316   661    24   509   712   463   339   105   137   890   244   290    55   754   436    13   339   700   516   220   247   910   148   328   986    21   424   104   179   162    36    94   337   836   840   908   928   224   574   276   924   571   646   823   889   545   199   659   772   158   924    78   954   907   625   469   964   977   372   651   340   834  
 821    57   570    26   887   908   137   969   243   846   846   215   212   392    60   338   737   518   650   510   457   403   994   192   217   969   540   502   811   726   171   853   135   327   791   803   613   127   655   432   413   827    81   393   775   158   288   672   578   865   690   255   826   143   254   814   943   524   828   869   735   727   958   203   624   814    23   219   611   906   994   952   318   711   658   967   973   593   278   776   207  
 213    26   247   828   679    14   477   806   165     4    24   724   633   136   318   705   495   139   123   784   963   685   396   374   330   974   822   150   237   971   665   898   496   887   130   400   749   119   617   776   906   107   708   785   334   790   761   472   185   836   377   877   111   186   688   548   505   698   546   305   646   159   969   463   510   993   216   855   900   139   972   325   216   623   503   807   339   431   312   299   995  
 729   469   972   618   182   628   303   866   938   599   495   251   991   251   988    21   824   167    84   373    16   607   459   260   363   416   469   958   698    71   847   521   252   957   482   532   318   519   322   599   176   925   253    54   480   356   143    29   566   397   601   147   609   340   198   768   787   198   443   191   624   881    12    75   486   923   925   682   546    52   217   244   998   206   148   385   350   438   411    95   983  
 426   821   603   592   655   566   380   449   548    81   453   902   986   379   460   993   721   813   634   790   224     9   302   550   733   788   875   347    74   865   370   181   916   154   977   558   614   870    43   513   159   922   678   486    79    22    10   583   324   475    57   276   754   894   436   562  1000   893   706   836   483   636    10   432   458   464   358   520   461    43   980   335   570   523   409   281   736   471   426   322   696  
 652    25   376   451   633   777   306   341   771   957   582   934   634   254   307   709   829   868   960   209   342   319   158   980   474   700   498   176   782   293   797   413   191   511   659   495   567   308   416   336   828   751   816   553    67   469   698    47   163    65   771   674   253   817   228   841   500   243   551   186   503   840  1000   182   891   780   805   514   792   131   811   826   938   970     7   825   583     5   576   263   987  

   0    23    33    30    23    30    13    33    18    34    23    26    23    13    31    19    23    23    27    14    23    33    30    27    23    22    23    23    13    23    19    23    23    23    18    13    23    17    13    18    19    28    23    23    33    23    13    38    33    33    20    13    23    23    19    23    23    27    23    23    28    23    38    33    23    17    23    18    14    27    13    23    23    14    27    43    23    23    23    23     3  
   0     0    23    23    23    23    20    23    23    23    26    23    23    23    23    23    26    23    23    26    23    20    23    23    23    23    23    23    23    23    23    24    23    23    23    21    23    23    23    23    31    23    24    23    22    23    24    23    23    26    23    23    23    22    20    23    23    15    20    26    23    20    22    23    23    24    20    23    23    23    26    23    23    23    23    31    23    23    15    26    23  
   0     0     0    16    26    23    30    23    19    14    32    27    18    23    25    26    23    27    20    23    23    10    23    18    23    18    23    22    33    32    23    23    23    23    18    23    23    36    25    25    23    28    14    20    20    18    33    18    13    28    23    33    30    23    19    19    23    26    23    20    25    19    13    13    26    31    23    23    28    23    22    23    19    31    23    13    23    28    26    23    33  
   0     0     0     0    23    27    33    23    24    13    18    27    22    23    28    23    23    23    22    23    23    13    26    28    23    28    23    28    33    17    22    23    23    23    28    22    23    33    38    25    30    18    28    23    23    28    33    28    13    25    20    33    24    23    23    23    22    16    23    23    25    23    13    13    23    31    23    23    18    23    16    23    23    18    23    13    23    18    23    23    33  
   0     0     0     0     0    23    36    23    15    17    23    23    30    23    23    16    19    23    27    23    23    26    17    23    19    33    23    23    23    27     4    23    23    26    23    33    23    26    26    26    26    28    36    26    26    23    23    23    23    20    23    23    20    17    23    13    27    32    23    26    33    27    27    33    20    23    23    27    23    23    13    33    23    20    23    23    23    23    20    13    17  
   0     0     0     0     0     0    23    23    30    27    23    19    22    23    20    27    23    23    20    27    23    23    16    19    23    19    23    23    23    16    28    22    23    23    23    32    23    19    23    23    27    23    23    23    23    23    23    23    23    23    26    23    22    23    27    23    25    27    24    23    23    23    15    23    23    19    32    23    27    19    23    23    23    27    27    23    23    31    15    23    15  
   0     0     0     0     0     0     0    23    33    30    30    19    20    23    13    26    26    19    10    26    23    27    33    23    27    17    23    23    13    23    33    23    23    23    23    10    23    16    10    23    16    23    13    20    20    23    17    23    33    29    23    13    26    33    20    33    19    23    20    23     9    20    29    27    26    13    16    23    23    23    36    13    27    26    23    29    27    23    26    36    23  
   0     0     0     0     0     0     0     0    23    23    23    18    23    33    23    17    23    23    23    23    23    23    18    28    23    23    34    23    23    28    23    23    23    23    29    33    28    23    23    33    23    29    23    18     7    17    23     8    18    13    23    23    23    23    28    23    23    23    23    23    23    23    23    28    23    23    23    23    18    28    33    28    18    17    23    13    23    23    28    23    39  
   0     0     0     0     0     0     0     0     0    32    35    26    26    23    52    19    19    27    34    18    23    23    17    15    23    28    35    27    23    40    14    23    23    23    14    26    19    17    23    38    29    24    29    23    23    23    23    20    23    23    23    23    26    17    27     1    28    15    23    23    34    23    40    41    23    23     7    30    18    23     9    41    19    18    15    15    31    11    31     5    25  
   0     0     0     0     0     0     0     0     0     0    19    19    20    23    18    22    23    19    25    24    23    10    27    27    23    32    23    19    33    19    10    23    23    23    28    23    23    40    30    27    22    27    27    20    20    23    33    18    13    26    23    33    22    13    23    27    23    36    23    20    18    27     8    13    26    37    23    28    24    27    27    23    27    27    27    23    23    23    26    33    33  
   0     0     0     0     0     0     0     0     0     0     0    23    23    13    15    23    20    23    23    20    23    26    23    28    19    24    15    24    23    14    23    23    23    23    28    26    23    33    28    23    28    18    32    23    23    28    19    36    23    20    23    23    19    23    22    35    27    18    26    20    27    30    27    11    23    23    38    23    18    23    19    15    23    18    23    35    11    18    23    28    23  
   0     0     0     0     0     0     0     0     0     0     0     0    22    23    20    23    23    15    24    23    23    23    23    28    35    27    28    19    23    25    24    23    23    15    23    24    28    23    23    23    23    23    27    20    23    23    27    18    26    23    26    23    18    23    32    25    20    23    23    23    19    27    19    24    23    15    19    23    18    28    27    28    26    23    23    19    27    23    28    23    23  
   0     0     0     0     0     0     0     0     0     0     0     0     0    23    29    30    27    23    21    23    23    20    19    23    27    23    23    23    23    20    24    23    23    23    23    24    23    26    20    25    32    27    23    20    20    23    23    23    23    28    23    23    25    19    23    23    20    21    23    20    25    19    19    23    26    21    23    19    23    23    21    23    23    26    23    23    23    23    26    23    19  
   0     0     0     0     0     0     0     0     0     0     0     0     0     0    23    20    23    23    23    23    23    23    23    23    16    23    26    23    23    23    23    23    23    23    23    20    23    33    23    13    30    23    23    23    33    23    23    33    23    33    23    23    23    23    23    23    23    23    23    23    23    23    23    23    23    23    23    23    23    23     6    23    23    23    23    33    23    23    23    23    13  
   0     0     0     0     0     0     0     0     0     0     0     0     0     0     0    19    19    23    13    28    23    23    34    23    15    18    11    23    15    27    33    23    23    23    32    13    27    29    23     6     7    14    13    23    23    23    23    26    23    21    26    23    23    37    15    41    27    25    23    23    10    27    22     5    23    33    31    32    28    23    35     5    23    28    23    31    15    27    23    41    37  
   0     0     0     0     0     0     0     0     0     0     0     0     0     0     0     0     9    23    30    19    33    26    31    27    19    27    32    23    23    27    19    23    23    23    29    23    23    24    26    23    22    25    23    26    20    17    23    33    23    20    23    23    20    27    19    33    27    17    13    26    33    27    27    13    20    27    23    27    19    37    23    23    23    10    27    23    23    23    20    23    33  
   0     0     0     0     0     0     0     0     0     0     0     0     0     0     0     0     0    23    23    20    33    26    27    23    19    23    23    23    23    27    23    23    23    23    23    26    23    23    23    23    29    19    23    23    23    23    23    33    23    20    23    23    23    27    26    33    27    13    16    20    33    30    27    13    23    23    26    27    23    33    20    23    23    23    23    23    23    23    23    20    27  
   0     0     0     0     0     0     0     0     0     0     0     0     0     0     0     0     0     0    23    23    23    32    23    23    27    27    23    10    32    19    23    20    23    23    23    23    26    26    23    28    23    28    27    23    32    18    27    23    23    23    23    23    14    23    27    27    28    23    23    23    19    27    19    32    26    14    19    23    18    23    27    23    31    23    23    19    27    23    23    23    23  
   0     0     0     0     0     0     0     0     0     0     0     0     0     0     0     0     0     0     0    27    23    20    29    19    23     9    23    23    23    22    27    23    23    23    23    12    23    22    20    32    20    32    13    20    20    23    23    23    23    26    23    23    27    43    27    33    22    28    23    20    13    23    23    13    26    19    23    23    27    19    33    13    23    30    19    13    23    23    26    23    33  
   0     0     0     0     0     0     0     0     0     0     0     0     0     0     0     0     0     0     0     0    23    26    27    27    23    22    23    23    23    23    19    23    23    23    18    26    23    27    23    28    19    28    23    23    23    23    23    28    23    20    23    23    23    23    22    23    23    27    26    20    28    26    28    23    23    27    26    18    14    27    20    23    23    14    27    23    23    23    23    20    23  
   0     0     0     0     0     0     0     0     0     0     0     0     0     0     0     0     0     0     0     0     0    23    23    23    23    23    23    23    23    23    23    23    23    23    23    23    23    23    23    23    13    23    23    23    23    23    23    13    23    23    23    23    23    23    23    13    23    33    33    23    13    23    23    33    23    23    23    23    23    13    23    23    23    23    23    23    23    23    23    23    23  
   0     0     0     0     0     0     0     0     0     0     0     0     0     0     0     0     0     0     0     0     0     0    23    23    23    23    23    32    24    23    23    23    23    23    23    20    23    36    30    23    26    23    23    20    11    23    33    23    13    29    23    33    26    23    20    23    14    23    20    23    23    20    13    13    26    42    20    23    23    23    26    23    23    26    23    13    23    23    26    26    33  
   0     0     0     0     0     0     0     0     0     0     0     0     0     0     0     0     0     0     0     0     0     0     0    24    19    29    28    23    23    24    17    23    23    31    23    33    28    19    23    23    41    27    33    18    23    23    23    18    10    23    26    23    23     9    32    13    19    19    23    23    33    19    19    46    23    27    23    19    22    24    13    38    18    27    19    23    23    23    28    13     9  
   0     0     0     0     0     0     0     0     0     0     0     0     0     0     0     0     0     0     0     0     0     0     0     0    23    14    18    18    23    23    27    23    23    23    18    23    18    19    18    23    22    28    18    28    23    18    23    23    28    23    23    23    23    23    22    23    23    24    23    23    23    23    23    18    23    19    23    31    37    14    28    18    28    32    19    23    23    28    18    23    23  
   0     0     0     0     0     0     0     0     0     0     0     0     0     0     0     0     0     0     0     0     0     0     0     0     0    19    19    23    23    27    23    23    23    31    27    30    27    23    23    19    26    19    23    23    23    23    19    23    15    23    23    23    23    27    23    23    31    23    23    23    31    27    31    27    23    31    27    27    23    23    16    23    19    23    23    27    19    27    23    23    27  
   0     0     0     0     0     0     0     0     0     0     0     0     0     0     0     0     0     0     0     0     0     0     0     0     0     0    23    18    23    28    37    23    23    23    13    13    23    19    18    28    12    33     8    23    23    18    19    23    23    23    23    23    23    33    27    33    27    24    23    23    22    23    32     9    23    19    27    18    27    19    38    13    19    27    19    27    19    28    23    33    33  
   0     0     0     0     0     0     0     0     0     0     0     0     0     0     0     0     0     0     0     0     0     0     0     0     0     0     0    23    13     8    23    23    23    23    21    23    15    23    23    19    23     7    23    28    36    46    30    36    28    23    23    23    23    33    10    31    40    16    23    23    37    23    23    10    23    23    41    23    21    25    23    10    28    29    23    31     5    27    28    31    17  
   0     0     0     0     0     0     0     0     0     0     0     0     0     0     0     0     0     0     0     0     0     0     0     0     0     0     0     0    32    24    23    23    23    23    18    23    23    23    18    23    18    28    22    23    32    18    23    18    23    23    23    23    19    23    27    27    32    28    23    23    23    27    23    23    23    14    23    23    28    23    32    23    27    28    23    23    23    28    23    23    23  
   0     0     0     0     0     0     0     0     0     0     0     0     0     0     0     0     0     0     0     0     0     0     0     0     0     0     0     0     0    13    23    23    23    23    23    23    23    13    13    23    23    13    23    23    14    33    13    23    33    23    23    13    23    33    23    23    24    23    23    23    33    23    33    33    23    30    33    23    23    23    23    23    23    23    23    33    13    23    33    23    13  
   0     0     0     0     0     0     0     0     0     0     0     0     0     0     0     0     0     0     0     0     0     0     0     0     0     0     0     0     0     0    22    23    23    23    28    30    18    23    28    23    32    12    32    28    23    38    23    33    28    23    23    23    20    29    22    27    28    26    23    23    33    23    11    18    23    23    41    19    23    18    22    18    32    18    31    23    13    26    20    23    11  
   0     0     0     0     0     0     0     0     0     0     0     0     0     0     0     0     0     0     0     0     0     0     0     0     0     0     0     0     0     0     0    23    23    23    23    32    23    27    23    32    29    32    33    23    23    23    23    23    23    23    23    23    24    13    19    13    22    36    23    23    33    23    23    33    23    27    23    23    19    27    13    33    23    19    27    23    23    23    23    13    13  
   0     0     0     0     0     0     0     0     0     0     0     0     0     0     0     0     0     0     0     0     0     0     0     0     0     0     0     0     0     0     0     0    23    23    23    22    26    26    23    23    23    23    22    23    24    23    22    23    23    23    23    23    23    24    23    23    24    23    24    23    23    23    24    23    26    22    24    23    23    23    23    23    23    23    23    23    23    23    23    23    23  
   0     0     0     0     0     0     0     0     0     0     0     0     0     0     0     0     0     0     0     0     0     0     0     0     0     0     0     0     0     0     0     0     0    23    23    23    23    23    23    23    23    23    23    23    23    23    23    23    23    23    23    23    23    23    23    23    23    23    23    23    23    23    23    23    23    23    23    23    23    23    23    23    23    23    23    23    23    23    23    23    23  
   0     0     0     0     0     0     0     0     0     0     0     0     0     0     0     0     0     0     0     0     0     0     0     0     0     0     0     0     0     0     0     0     0     0    23    23    23    23    23    23    18    23    20    23    23    23    23    23    31    23    23    23    23    23    23    23    23    23    23    23    23    23    23    15    23    15    23    28    23    23    23    23    23    23    23    23    23    23    23    23    23  
   0     0     0     0     0     0     0     0     0     0     0     0     0     0     0     0     0     0     0     0     0     0     0     0     0     0     0     0     0     0     0     0     0     0     0    23    19    23    18    32    18    27    18    23    29    24    23    23    23    23    23    23    23    23    23    23    23    28    23    23    24    23    28    23    23    23    23    18    23    23    28    23    23    29    23    23    23    24    23    23    17  
   0     0     0     0     0     0     0     0     0     0     0     0     0     0     0     0     0     0     0     0     0     0     0     0     0     0     0     0     0     0     0     0     0     0     0     0    23    23    23    13     6    23    12    23    34    23    22    33    23    36    23    23    24    34    20    33    22    15    20    26    13    20    32    13    23    22    12    23    23    23    33    13    23    23    15    33    23    15    31    36    31  
   0     0     0     0     0     0     0     0     0     0     0     0     0     0     0     0     0     0     0     0     0     0     0     0     0     0     0     0     0     0     0     0     0     0     0     0     0    20    23    27    23    23    23    28    30    30    30    28    28    23    23    23    23    23    18    23    30    16    23    23    19    23    23    18    20    23    23    23    21    25    23    18    28    23    23    23    23    19    18    23    23  
   0     0     0     0     0     0     0     0     0     0     0     0     0     0     0     0     0     0     0     0     0     0     0     0     0     0     0     0     0     0     0     0     0     0     0     0     0     0    16    29    24    23    23    26    26    23    13    23    33    20    23    13    20    23    27    23    23    19    23    26    23    23    33    33    17     9    23    23    27    19    23    23    23    24    19    33    23    23    20    23    13  
   0     0     0     0     0     0     0     0     0     0     0     0     0     0     0     0     0     0     0     0     0     0     0     0     0     0     0     0     0     0     0     0     0     0     0     0     0     0     0    23    21    28    18    20    20    18    13    18    33    26    23    13    26    23    23    23    23    28    23    20    23    23    33    33    26    13    23    23    28    23    28    23    23    31    23    33    23    28    26    23    13  
   0     0     0     0     0     0     0     0     0     0     0     0     0     0     0     0     0     0     0     0     0     0     0     0     0     0     0     0     0     0     0     0     0     0     0     0     0     0     0     0    21     4    23    23    33    28    23    28    23    31    23    23    28    23    23    23    23    16    23    23    20    23    18    18    23    25    23    28    33    23    15    23    23    28    23    33    23    27    23    23    13  
   0     0     0     0     0     0     0     0     0     0     0     0     0     0     0     0     0     0     0     0     0     0     0     0     0     0     0     0     0     0     0     0     0     0     0     0     0     0     0     0     0    24     8    26    26    18    23     8    23    18    23    23    20    37    19    23    27    52    33    26     1    27    27    23    20    29    23    32    24    17    47    13    23    21    27    15    23    28    28    33    37  
   0     0     0     0     0     0     0     0     0     0     0     0     0     0     0     0     0     0     0     0     0     0     0     0     0     0     0     0     0     0     0     0     0     0     0     0     0     0     0     0     0     0    28    23    29    49    23    23    23    23    23    23    28    37    23    23    37     9    23    23    28    27    22    18    23    23    33    32    28    23    18    23    23    29    23    23    13    18    33    23    21  
   0     0     0     0     0     0     0     0     0     0     0     0     0     0     0     0     0     0     0     0     0     0     0     0     0     0     0     0     0     0     0     0     0     0     0     0     0     0     0     0     0     0     0    23    24    18    22    18    23    23    23    23    27    34    19    29    23    28    23    23    13    19    24    13    23    22    23    23    28    23    34    13    19    28    23    23    23    28    23    33    33  
   0     0     0     0     0     0     0     0     0     0     0     0     0     0     0     0     0     0     0     0     0     0     0     0     0     0     0     0     0     0     0     0     0     0     0     0     0     0     0     0     0     0     0     0    20    23    23    18    18    26    23    23    26    23    28    25    23    23    23    20    23    23    23    28    26    23    23    23    18    28    23    28    18    26    23    23    23    23    31    23    23  
   0     0     0     0     0     0     0     0     0     0     0     0     0     0     0     0     0     0     0     0     0     0     0     0     0     0     0     0     0     0     0     0     0     0     0     0     0     0     0     0     0     0     0     0     0    10    17    13    23    16    23    23    26    22    23    23     7    30    23    20    23    23    22    23    26    33    23    23    30    16    33    23    23    20    23    13    23    23    26    23    39  
   0     0     0     0     0     0     0     0     0     0     0     0     0     0     0     0     0     0     0     0     0     0     0     0     0     0     0     0     0     0     0     0     0     0     0     0     0     0     0     0     0     0     0     0     0     0    16    18    23    23    23    23    18    13    23    23     6    35    23    23    13    23    23    28    23    23    13    23    30    16    28    23    23    22    23    23    33    28    13    23    29  
   0     0     0     0     0     0     0     0     0     0     0     0     0     0     0     0     0     0     0     0     0     0     0     0     0     0     0     0     0     0     0     0     0     0     0     0     0     0     0     0     0     0     0     0     0     0     0    23    33    23    23    13    23    24    23    23    20    30    23    23    27    23    38    29    23    12    27    23    30    16    23    23    19    23    23    37    19    23    23    23    13  
   0     0     0     0     0     0     0     0     0     0     0     0     0     0     0     0     0     0     0     0     0     0     0     0     0     0     0     0     0     0     0     0     0     0     0     0     0     0     0     0     0     0     0     0     0     0     0     0    18    13    23    23    23    23    36     5    23    38    33    23     8    23    18    46    23    23    15    28    28    18    38    36    18    33    23     5    31    28    28    15    33  
   0     0     0     0     0     0     0     0     0     0     0     0     0     0     0     0     0     0     0     0     0     0     0     0     0     0     0     0     0     0     0     0     0     0     0     0     0     0     0     0     0     0     0     0     0     0     0     0     0    23    23    33    23    23    28    23    23    23    23    23    23    23    13    26    23    41    23    23    18    28    23    28    18    23    23    13    23    23    28    23    33  
   0     0     0     0     0     0     0     0     0     0     0     0     0     0     0     0     0     0     0     0     0     0     0     0     0     0     0     0     0     0     0     0     0     0     0     0     0     0     0     0     0     0     0     0     0     0     0     0     0     0    23    23    20    23    26    23    23    25    26    23    21    26    23    23    20    25    26    23    23    23    32    23    23    20    23    13    23    23    20    20    33  
   0     0     0     0     0     0     0     0     0     0     0     0     0     0     0     0     0     0     0     0     0     0     0     0     0     0     0     0     0     0     0     0     0     0     0     0     0     0     0     0     0     0     0     0     0     0     0     0     0     0     0    23    23    23    23    23    23    23    23    23    23    23    23    23    23    23    23    23    23    23    23    23    23    23    23    23    23    23    23    23    23  
   0     0     0     0     0     0     0     0     0     0     0     0     0     0     0     0     0     0     0     0     0     0     0     0     0     0     0     0     0     0     0     0     0     0     0     0     0     0     0     0     0     0     0     0     0     0     0     0     0     0     0     0    23    23    23    23    23    23    23    23    23    23    33    33    23    13    23    23    23    23    23    23    23    23    23    33    23    23    23    23    13  
   0     0     0     0     0     0     0     0     0     0     0     0     0     0     0     0     0     0     0     0     0     0     0     0     0     0     0     0     0     0     0     0     0     0     0     0     0     0     0     0     0     0     0     0     0     0     0     0     0     0     0     0     0    23    27    27    24    23    23    26    23    27    23    28    20    23    23    23    18    23    27    23    27    20    23    23    23    23    20    23    23  
   0     0     0     0     0     0     0     0     0     0     0     0     0     0     0     0     0     0     0     0     0     0     0     0     0     0     0     0     0     0     0     0     0     0     0     0     0     0     0     0     0     0     0     0     0     0     0     0     0     0     0     0     0     0    23    13     9    23    23    23    23    19    18    33    23    24    13    19    23    23    13    33    23    23    23    33    33    23    13    23     9  
   0     0     0     0     0     0     0     0     0     0     0     0     0     0     0     0     0     0     0     0     0     0     0     0     0     0     0     0     0     0     0     0     0     0     0     0     0     0     0     0     0     0     0     0     0     0     0     0     0     0     0     0     0     0     0    27    23    27    20    26    23    16    23    10    23    27    28    23    24    22    22    10    24    19    27    31    15    23    18    34    23  
   0     0     0     0     0     0     0     0     0     0     0     0     0     0     0     0     0     0     0     0     0     0     0     0     0     0     0     0     0     0     0     0     0     0     0     0     0     0     0     0     0     0     0     0     0     0     0     0     0     0     0     0     0     0     0     0    23    33    33    23    23    19    23    51    23    23    15    23    23    13     9    41    19    23    23    15    31    23    23     5    13  
   0     0     0     0     0     0     0     0     0     0     0     0     0     0     0     0     0     0     0     0     0     0     0     0     0     0     0     0     0     0     0     0     0     0     0     0     0     0     0     0     0     0     0     0     0     0     0     0     0     0     0     0     0     0     0     0     0    30    22    23     9    19    15    27    23    32     8    19    30    16    23    23    27    23    23    19    37    23    13    23    19  
   0     0     0     0     0     0     0     0     0     0     0     0     0     0     0     0     0     0     0     0     0     0     0     0     0     0     0     0     0     0     0     0     0     0     0     0     0     0     0     0     0     0     0     0     0     0     0     0     0     0     0     0     0     0     0     0     0     0    13    23    35    23    31    13    23    17    15    23    15    36    16    23    23    22    11    31    23    10    23    23    31  
   0     0     0     0     0     0     0     0     0     0     0     0     0     0     0     0     0     0     0     0     0     0     0     0     0     0     0     0     0     0     0     0     0     0     0     0     0     0     0     0     0     0     0     0     0     0     0     0     0     0     0     0     0     0     0     0     0     0     0    26    33    20    23    13    23    23    19    23    23    33    26    23    23    23    23    23    23    23    23    26    23  
   0     0     0     0     0     0     0     0     0     0     0     0     0     0     0     0     0     0     0     0     0     0     0     0     0     0     0     0     0     0     0     0     0     0     0     0     0     0     0     0     0     0     0     0     0     0     0     0     0     0     0     0     0     0     0     0     0     0     0     0    23    26    23    23    26    23    26    23    23    23    20    23    23    26    23    23    23    23    26    20    23  
   0     0     0     0     0     0     0     0     0     0     0     0     0     0     0     0     0     0     0     0     0     0     0     0     0     0     0     0     0     0     0     0     0     0     0     0     0     0     0     0     0     0     0     0     0     0     0     0     0     0     0     0     0     0     0     0     0     0     0     0     0    23    14    27    23    25     9    28    28    13    35    13    27    28    23    19    37    19    13    33    33  
   0     0     0     0     0     0     0     0     0     0     0     0     0     0     0     0     0     0     0     0     0     0     0     0     0     0     0     0     0     0     0     0     0     0     0     0     0     0     0     0     0     0     0     0     0     0     0     0     0     0     0     0     0     0     0     0     0     0     0     0     0     0    19    23    23    23    20    19    23    23    22    23    19    23    23    23    23    23    23    26    19  
   0     0     0     0     0     0     0     0     0     0     0     0     0     0     0     0     0     0     0     0     0     0     0     0     0     0     0     0     0     0     0     0     0     0     0     0     0     0     0     0     0     0     0     0     0     0     0     0     0     0     0     0     0     0     0     0     0     0     0     0     0     0     0    17    23    34    27    24    28    23    23    23    27    28    31     9    27    31    15    23    21  
   0     0     0     0     0     0     0     0     0     0     0     0     0     0     0     0     0     0     0     0     0     0     0     0     0     0     0     0     0     0     0     0     0     0     0     0     0     0     0     0     0     0     0     0     0     0     0     0     0     0     0     0     0     0     0     0     0     0     0     0     0     0     0     0    23    25    35    23    33    28    33     0    24    23    23    25    11    23    18    41    43  
   0     0     0     0     0     0     0     0     0     0     0     0     0     0     0     0     0     0     0     0     0     0     0     0     0     0     0     0     0     0     0     0     0     0     0     0     0     0     0     0     0     0     0     0     0     0     0     0     0     0     0     0     0     0     0     0     0     0     0     0     0     0     0     0     0    23    23    23    23    23    23    23    23    20    23    23    23    23    20    23    23  
   0     0     0     0     0     0     0     0     0     0     0     0     0     0     0     0     0     0     0     0     0     0     0     0     0     0     0     0     0     0     0     0     0     0     0     0     0     0     0     0     0     0     0     0     0     0     0     0     0     0     0     0     0     0     0     0     0     0     0     0     0     0     0     0     0     0    23    23    27    19    21    23    23    27    19    33    23    23    23    23    13  
   0     0     0     0     0     0     0     0     0     0     0     0     0     0     0     0     0     0     0     0     0     0     0     0     0     0     0     0     0     0     0     0     0     0     0     0     0     0     0     0     0     0     0     0     0     0     0     0     0     0     0     0     0     0     0     0     0     0     0     0     0     0     0     0     0     0     0    23    23    23    26    31    27    23    15    11    45    15    21    18    31  
   0     0     0     0     0     0     0     0     0     0     0     0     0     0     0     0     0     0     0     0     0     0     0     0     0     0     0     0     0     0     0     0     0     0     0     0     0     0     0     0     0     0     0     0     0     0     0     0     0     0     0     0     0     0     0     0     0     0     0     0     0     0     0     0     0     0     0     0    18    23    23    23    23    18    23    23    23    23    23    23    19  
   0     0     0     0     0     0     0     0     0     0     0     0     0     0     0     0     0     0     0     0     0     0     0     0     0     0     0     0     0     0     0     0     0     0     0     0     0     0     0     0     0     0     0     0     0     0     0     0     0     0     0     0     0     0     0     0     0     0     0     0     0     0     0     0     0     0     0     0     0    39    18    28    18     9    27    23    23    18    28    23    23  
   0     0     0     0     0     0     0     0     0     0     0     0     0     0     0     0     0     0     0     0     0     0     0     0     0     0     0     0     0     0     0     0     0     0     0     0     0     0     0     0     0     0     0     0     0     0     0     0     0     0     0     0     0     0     0     0     0     0     0     0     0     0     0     0     0     0     0     0     0     0    23    18    28    27    19    23    23    23    18    23    23  
   0     0     0     0     0     0     0     0     0     0     0     0     0     0     0     0     0     0     0     0     0     0     0     0     0     0     0     0     0     0     0     0     0     0     0     0     0     0     0     0     0     0     0     0     0     0     0     0     0     0     0     0     0     0     0     0     0     0     0     0     0     0     0     0     0     0     0     0     0     0     0    33    19    18    23    33    23    18    23    10     3  
   0     0     0     0     0     0     0     0     0     0     0     0     0     0     0     0     0     0     0     0     0     0     0     0     0     0     0     0     0     0     0     0     0     0     0     0     0     0     0     0     0     0     0     0     0     0     0     0     0     0     0     0     0     0     0     0     0     0     0     0     0     0     0     0     0     0     0     0     0     0     0     0    28    23    23    31    15    23    18    41    33  
   0     0     0     0     0     0     0     0     0     0     0     0     0     0     0     0     0     0     0     0     0     0     0     0     0     0     0     0     0     0     0     0     0     0     0     0     0     0     0     0     0     0     0     0     0     0     0     0     0     0     0     0     0     0     0     0     0     0     0     0     0     0     0     0     0     0     0     0     0     0     0     0     0    23    23    27    19    23    28    23    23  
   0     0     0     0     0     0     0     0     0     0     0     0     0     0     0     0     0     0     0     0     0     0     0     0     0     0     0     0     0     0     0     0     0     0     0     0     0     0     0     0     0     0     0     0     0     0     0     0     0     0     0     0     0     0     0     0     0     0     0     0     0     0     0     0     0     0     0     0     0     0     0     0     0     0    27    23    23    18    20    23    29  
   0     0     0     0     0     0     0     0     0     0     0     0     0     0     0     0     0     0     0     0     0     0     0     0     0     0     0     0     0     0     0     0     0     0     0     0     0     0     0     0     0     0     0     0     0     0     0     0     0     0     0     0     0     0     0     0     0     0     0     0     0     0     0     0     0     0     0     0     0     0     0     0     0     0     0    23    23    15    31    23    31  
   0     0     0     0     0     0     0     0     0     0     0     0     0     0     0     0     0     0     0     0     0     0     0     0     0     0     0     0     0     0     0     0     0     0     0     0     0     0     0     0     0     0     0     0     0     0     0     0     0     0     0     0     0     0     0     0     0     0     0     0     0     0     0     0     0     0     0     0     0     0     0     0     0     0     0     0    35    23    31     5    43  
   0     0     0     0     0     0     0     0     0     0     0     0     0     0     0     0     0     0     0     0     0     0     0     0     0     0     0     0     0     0     0     0     0     0     0     0     0     0     0     0     0     0     0     0     0     0     0     0     0     0     0     0     0     0     0     0     0     0     0     0     0     0     0     0     0     0     0     0     0     0     0     0     0     0     0     0     0    23    33    31    23  
   0     0     0     0     0     0     0     0     0     0     0     0     0     0     0     0     0     0     0     0     0     0     0     0     0     0     0     0     0     0     0     0     0     0     0     0     0     0     0     0     0     0     0     0     0     0     0     0     0     0     0     0     0     0     0     0     0     0     0     0     0     0     0     0     0     0     0     0     0     0     0     0     0     0     0     0     0     0    31    23    31  
   0     0     0     0     0     0     0     0     0     0     0     0     0     0     0     0     0     0     0     0     0     0     0     0     0     0     0     0     0     0     0     0     0     0     0     0     0     0     0     0     0     0     0     0     0     0     0     0     0     0     0     0     0     0     0     0     0     0     0     0     0     0     0     0     0     0     0     0     0     0     0     0     0     0     0     0     0     0     0    23    15  
   0     0     0     0     0     0     0     0     0     0     0     0     0     0     0     0     0     0     0     0     0     0     0     0     0     0     0     0     0     0     0     0     0     0     0     0     0     0     0     0     0     0     0     0     0     0     0     0     0     0     0     0     0     0     0     0     0     0     0     0     0     0     0     0     0     0     0     0     0     0     0     0     0     0     0     0     0     0     0     0    13  
   0     0     0     0     0     0     0     0     0     0     0     0     0     0     0     0     0     0     0     0     0     0     0     0     0     0     0     0     0     0     0     0     0     0     0     0     0     0     0     0     0     0     0     0     0     0     0     0     0     0     0     0     0     0     0     0     0     0     0     0     0     0     0     0     0     0     0     0     0     0     0     0     0     0     0     0     0     0     0     0     0  
