81

  0    0    0    0    1    1    2    3    5    5    5    6    6    1    1    2    3    3    4    4    5    5    5    5    7    7    2    3    3    4    5    5    5    5    5    6    7    7    8    4    8    4    5    5    5    5    6    6    6    7    7    7    8    8    9    9    9   10   10   10    5    5    5    6    8    8    8    9   11   11    6    8    8    9    9   10   10   12   12   12   12  
  0    0    0    0    1    1    2    3    5    5    5    6    6    1    1    2    3    3    4    4    5    5    5    5    7    7    2    3    3    4    5    5    5    5    5    6    7    7    8    4    8    4    5    5    5    5    6    6    6    7    7    7    8    8    9    9    9   10   10   10    5    5    5    6    8    8    8    9   11   11    6    8    8    9    9   10   10   12   12   12   12  
  0    0    0    0    1    1    2    3    5    5    5    6    6    1    1    2    3    3    4    4    5    5    5    5    7    7    2    3    3    4    5    5    5    5    5    6    7    7    8    4    8    4    5    5    5    5    6    6    6    7    7    7    8    8    9    9    9   10   10   10    5    5    5    6    8    8    8    9   11   11    6    8    8    9    9   10   10   12   12   12   12  
  0    0    0    0    1    1    2    3    5    5    5    6    6    1    1    2    3    3    4    4    5    5    5    5    7    7    2    3    3    4    5    5    5    5    5    6    7    7    8    4    8    4    5    5    5    5    6    6    6    7    7    7    8    8    9    9    9   10   10   10    5    5    5    6    8    8    8    9   11   11    6    8    8    9    9   10   10   12   12   12   12  
  1    1    1    1    0    0    1    2    4    4    4    5    5    2    2    1    2    2    3    3    4    4    4    4    6    6    3    2    2    3    4    4    4    4    4    5    6    6    7    3    7    5    4    4    4    4    5    5    5    6    6    6    7    7    8    8    8    9    9    9    6    6    6    5    7    7    7    8   10   10    7    7    7    8    8    9    9   11   11   11   11  
  1    1    1    1    0    0    1    2    4    4    4    5    5    2    2    1    2    2    3    3    4    4    4    4    6    6    3    2    2    3    4    4    4    4    4    5    6    6    7    3    7    5    4    4    4    4    5    5    5    6    6    6    7    7    8    8    8    9    9    9    6    6    6    5    7    7    7    8   10   10    7    7    7    8    8    9    9   11   11   11   11  
  2    2    2    2    1    1    0    1    3    3    3    4    4    3    3    2    1    1    2    2    3    3    3    3    5    5    4    3    3    2    3    3    3    3    3    4    5    5    6    4    6    6    5    5    5    5    4    4    4    5    5    5    6    6    7    7    7    8    8    8    7    7    7    6    6    6    6    7    9    9    8    6    6    7    7    8    8   10   10   10   10  
  3    3    3    3    2    2    1    0    2    2    2    3    3    4    4    3    2    2    1    1    2    2    2    2    4    4    5    4    4    3    2    2    2    2    2    3    4    4    5    5    5    7    6    6    6    6    5    5    5    4    4    4    5    5    6    6    6    7    7    7    8    8    8    7    5    5    5    6    8    8    9    7    7    6    6    7    7    9    9    9    9  
  5    5    5    5    4    4    3    2    0    0    0    1    1    6    6    5    4    4    3    3    2    2    2    2    2    2    7    6    6    5    4    4    4    4    4    3    2    2    3    7    3    9    8    8    8    8    7    7    7    6    6    6    5    5    4    4    4    5    5    5   10   10   10    9    7    7    7    6    6    6   11    9    9    8    8    7    7    7    7    7    7  
  5    5    5    5    4    4    3    2    0    0    0    1    1    6    6    5    4    4    3    3    2    2    2    2    2    2    7    6    6    5    4    4    4    4    4    3    2    2    3    7    3    9    8    8    8    8    7    7    7    6    6    6    5    5    4    4    4    5    5    5   10   10   10    9    7    7    7    6    6    6   11    9    9    8    8    7    7    7    7    7    7  
  5    5    5    5    4    4    3    2    0    0    0    1    1    6    6    5    4    4    3    3    2    2    2    2    2    2    7    6    6    5    4    4    4    4    4    3    2    2    3    7    3    9    8    8    8    8    7    7    7    6    6    6    5    5    4    4    4    5    5    5   10   10   10    9    7    7    7    6    6    6   11    9    9    8    8    7    7    7    7    7    7  
  6    6    6    6    5    5    4    3    1    1    1    0    0    7    7    6    5    5    4    4    3    3    3    3    1    1    8    7    7    6    5    5    5    5    5    4    3    3    2    8    4   10    9    9    9    9    8    8    8    7    7    7    6    6    5    5    5    4    4    4   11   11   11   10    8    8    8    7    5    5   12   10   10    9    9    8    8    6    6    6    6  
  6    6    6    6    5    5    4    3    1    1    1    0    0    7    7    6    5    5    4    4    3    3    3    3    1    1    8    7    7    6    5    5    5    5    5    4    3    3    2    8    4   10    9    9    9    9    8    8    8    7    7    7    6    6    5    5    5    4    4    4   11   11   11   10    8    8    8    7    5    5   12   10   10    9    9    8    8    6    6    6    6  
  1    1    1    1    2    2    3    4    6    6    6    7    7    0    0    1    2    2    3    3    4    4    4    4    6    6    1    2    2    3    4    4    4    4    4    5    6    6    7    3    7    3    4    4    4    4    5    5    5    6    6    6    7    7    8    8    8    9    9    9    4    4    4    5    7    7    7    8   10   10    5    7    7    8    8    9    9   11   11   11   11  
  1    1    1    1    2    2    3    4    6    6    6    7    7    0    0    1    2    2    3    3    4    4    4    4    6    6    1    2    2    3    4    4    4    4    4    5    6    6    7    3    7    3    4    4    4    4    5    5    5    6    6    6    7    7    8    8    8    9    9    9    4    4    4    5    7    7    7    8   10   10    5    7    7    8    8    9    9   11   11   11   11  
  2    2    2    2    1    1    2    3    5    5    5    6    6    1    1    0    1    1    2    2    3    3    3    3    5    5    2    1    1    2    3    3    3    3    3    4    5    5    6    2    6    4    3    3    3    3    4    4    4    5    5    5    6    6    7    7    7    8    8    8    5    5    5    4    6    6    6    7    9    9    6    6    6    7    7    8    8   10   10   10   10  
  3    3    3    3    2    2    1    2    4    4    4    5    5    2    2    1    0    0    1    1    2    2    2    2    4    4    3    2    2    1    2    2    2    2    2    3    4    4    5    3    5    5    4    4    4    4    3    3    3    4    4    4    5    5    6    6    6    7    7    7    6    6    6    5    5    5    5    6    8    8    7    5    5    6    6    7    7    9    9    9    9  
  3    3    3    3    2    2    1    2    4    4    4    5    5    2    2    1    0    0    1    1    2    2    2    2    4    4    3    2    2    1    2    2    2    2    2    3    4    4    5    3    5    5    4    4    4    4    3    3    3    4    4    4    5    5    6    6    6    7    7    7    6    6    6    5    5    5    5    6    8    8    7    5    5    6    6    7    7    9    9    9    9  
  4    4    4    4    3    3    2    1    3    3    3    4    4    3    3    2    1    1    0    0    1    1    1    1    3    3    4    3    3    2    1    1    1    1    1    2    3    3    4    4    4    6    5    5    5    5    4    4    4    3    3    3    4    4    5    5    5    6    6    6    7    7    7    6    4    4    4    5    7    7    8    6    6    5    5    6    6    8    8    8    8  
  4    4    4    4    3    3    2    1    3    3    3    4    4    3    3    2    1    1    0    0    1    1    1    1    3    3    4    3    3    2    1    1    1    1    1    2    3    3    4    4    4    6    5    5    5    5    4    4    4    3    3    3    4    4    5    5    5    6    6    6    7    7    7    6    4    4    4    5    7    7    8    6    6    5    5    6    6    8    8    8    8  
  5    5    5    5    4    4    3    2    2    2    2    3    3    4    4    3    2    2    1    1    0    0    0    0    2    2    5    4    4    3    2    2    2    2    2    1    2    2    3    5    3    7    6    6    6    6    5    5    5    4    4    4    3    3    4    4    4    5    5    5    8    8    8    7    5    5    5    4    6    6    9    7    7    6    6    5    5    7    7    7    7  
  5    5    5    5    4    4    3    2    2    2    2    3    3    4    4    3    2    2    1    1    0    0    0    0    2    2    5    4    4    3    2    2    2    2    2    1    2    2    3    5    3    7    6    6    6    6    5    5    5    4    4    4    3    3    4    4    4    5    5    5    8    8    8    7    5    5    5    4    6    6    9    7    7    6    6    5    5    7    7    7    7  
  5    5    5    5    4    4    3    2    2    2    2    3    3    4    4    3    2    2    1    1    0    0    0    0    2    2    5    4    4    3    2    2    2    2    2    1    2    2    3    5    3    7    6    6    6    6    5    5    5    4    4    4    3    3    4    4    4    5    5    5    8    8    8    7    5    5    5    4    6    6    9    7    7    6    6    5    5    7    7    7    7  
  5    5    5    5    4    4    3    2    2    2    2    3    3    4    4    3    2    2    1    1    0    0    0    0    2    2    5    4    4    3    2    2    2    2    2    1    2    2    3    5    3    7    6    6    6    6    5    5    5    4    4    4    3    3    4    4    4    5    5    5    8    8    8    7    5    5    5    4    6    6    9    7    7    6    6    5    5    7    7    7    7  
  7    7    7    7    6    6    5    4    2    2    2    1    1    6    6    5    4    4    3    3    2    2    2    2    0    0    7    6    6    5    4    4    4    4    4    3    2    2    1    7    3    9    8    8    8    8    7    7    7    6    6    6    5    5    4    4    4    3    3    3   10   10   10    9    7    7    7    6    4    4   11    9    9    8    8    7    7    5    5    5    5  
  7    7    7    7    6    6    5    4    2    2    2    1    1    6    6    5    4    4    3    3    2    2    2    2    0    0    7    6    6    5    4    4    4    4    4    3    2    2    1    7    3    9    8    8    8    8    7    7    7    6    6    6    5    5    4    4    4    3    3    3   10   10   10    9    7    7    7    6    4    4   11    9    9    8    8    7    7    5    5    5    5  
  2    2    2    2    3    3    4    5    7    7    7    8    8    1    1    2    3    3    4    4    5    5    5    5    7    7    0    1    1    2    3    3    3    3    3    4    5    5    6    2    6    2    3    3    3    3    4    4    4    5    5    5    6    6    7    7    7    8    8    8    3    3    3    4    6    6    6    7    9    9    4    6    6    7    7    8    8   10   10   10   10  
  3    3    3    3    2    2    3    4    6    6    6    7    7    2    2    1    2    2    3    3    4    4    4    4    6    6    1    0    0    1    2    2    2    2    2    3    4    4    5    1    5    3    2    2    2    2    3    3    3    4    4    4    5    5    6    6    6    7    7    7    4    4    4    3    5    5    5    6    8    8    5    5    5    6    6    7    7    9    9    9    9  
  3    3    3    3    2    2    3    4    6    6    6    7    7    2    2    1    2    2    3    3    4    4    4    4    6    6    1    0    0    1    2    2    2    2    2    3    4    4    5    1    5    3    2    2    2    2    3    3    3    4    4    4    5    5    6    6    6    7    7    7    4    4    4    3    5    5    5    6    8    8    5    5    5    6    6    7    7    9    9    9    9  
  4    4    4    4    3    3    2    3    5    5    5    6    6    3    3    2    1    1    2    2    3    3    3    3    5    5    2    1    1    0    1    1    1    1    1    2    3    3    4    2    4    4    3    3    3    3    2    2    2    3    3    3    4    4    5    5    5    6    6    6    5    5    5    4    4    4    4    5    7    7    6    4    4    5    5    6    6    8    8    8    8  
  5    5    5    5    4    4    3    2    4    4    4    5    5    4    4    3    2    2    1    1    2    2    2    2    4    4    3    2    2    1    0    0    0    0    0    1    2    2    3    3    3    5    4    4    4    4    3    3    3    2    2    2    3    3    4    4    4    5    5    5    6    6    6    5    3    3    3    4    6    6    7    5    5    4    4    5    5    7    7    7    7  
  5    5    5    5    4    4    3    2    4    4    4    5    5    4    4    3    2    2    1    1    2    2    2    2    4    4    3    2    2    1    0    0    0    0    0    1    2    2    3    3    3    5    4    4    4    4    3    3    3    2    2    2    3    3    4    4    4    5    5    5    6    6    6    5    3    3    3    4    6    6    7    5    5    4    4    5    5    7    7    7    7  
  5    5    5    5    4    4    3    2    4    4    4    5    5    4    4    3    2    2    1    1    2    2    2    2    4    4    3    2    2    1    0    0    0    0    0    1    2    2    3    3    3    5    4    4    4    4    3    3    3    2    2    2    3    3    4    4    4    5    5    5    6    6    6    5    3    3    3    4    6    6    7    5    5    4    4    5    5    7    7    7    7  
  5    5    5    5    4    4    3    2    4    4    4    5    5    4    4    3    2    2    1    1    2    2    2    2    4    4    3    2    2    1    0    0    0    0    0    1    2    2    3    3    3    5    4    4    4    4    3    3    3    2    2    2    3    3    4    4    4    5    5    5    6    6    6    5    3    3    3    4    6    6    7    5    5    4    4    5    5    7    7    7    7  
  5    5    5    5    4    4    3    2    4    4    4    5    5    4    4    3    2    2    1    1    2    2    2    2    4    4    3    2    2    1    0    0    0    0    0    1    2    2    3    3    3    5    4    4    4    4    3    3    3    2    2    2    3    3    4    4    4    5    5    5    6    6    6    5    3    3    3    4    6    6    7    5    5    4    4    5    5    7    7    7    7  
  6    6    6    6    5    5    4    3    3    3    3    4    4    5    5    4    3    3    2    2    1    1    1    1    3    3    4    3    3    2    1    1    1    1    1    0    1    1    2    4    2    6    5    5    5    5    4    4    4    3    3    3    2    2    3    3    3    4    4    4    7    7    7    6    4    4    4    3    5    5    8    6    6    5    5    4    4    6    6    6    6  
  7    7    7    7    6    6    5    4    2    2    2    3    3    6    6    5    4    4    3    3    2    2    2    2    2    2    5    4    4    3    2    2    2    2    2    1    0    0    1    5    1    7    6    6    6    6    5    5    5    4    4    4    3    3    2    2    2    3    3    3    8    8    8    7    5    5    5    4    4    4    9    7    7    6    6    5    5    5    5    5    5  
  7    7    7    7    6    6    5    4    2    2    2    3    3    6    6    5    4    4    3    3    2    2    2    2    2    2    5    4    4    3    2    2    2    2    2    1    0    0    1    5    1    7    6    6    6    6    5    5    5    4    4    4    3    3    2    2    2    3    3    3    8    8    8    7    5    5    5    4    4    4    9    7    7    6    6    5    5    5    5    5    5  
  8    8    8    8    7    7    6    5    3    3    3    2    2    7    7    6    5    5    4    4    3    3    3    3    1    1    6    5    5    4    3    3    3    3    3    2    1    1    0    6    2    8    7    7    7    7    6    6    6    5    5    5    4    4    3    3    3    2    2    2    9    9    9    8    6    6    6    5    3    3   10    8    8    7    7    6    6    4    4    4    4  
  4    4    4    4    3    3    4    5    7    7    7    8    8    3    3    2    3    3    4    4    5    5    5    5    7    7    2    1    1    2    3    3    3    3    3    4    5    5    6    0    4    2    1    1    1    1    2    2    2    3    3    3    4    4    5    5    5    6    6    6    3    3    3    2    4    4    4    5    7    7    4    4    4    5    5    6    6    8    8    8    8  
  8    8    8    8    7    7    6    5    3    3    3    4    4    7    7    6    5    5    4    4    3    3    3    3    3    3    6    5    5    4    3    3    3    3    3    2    1    1    2    4    0    6    5    5    5    5    4    4    4    3    3    3    2    2    1    1    1    2    2    2    7    7    7    6    4    4    4    3    3    3    8    6    6    5    5    4    4    4    4    4    4  
  4    4    4    4    5    5    6    7    9    9    9   10   10    3    3    4    5    5    6    6    7    7    7    7    9    9    2    3    3    4    5    5    5    5    5    6    7    7    8    2    6    0    1    1    1    1    2    2    2    3    3    3    4    4    5    5    5    6    6    6    1    1    1    2    4    4    4    5    7    7    2    4    4    5    5    6    6    8    8    8    8  
  5    5    5    5    4    4    5    6    8    8    8    9    9    4    4    3    4    4    5    5    6    6    6    6    8    8    3    2    2    3    4    4    4    4    4    5    6    6    7    1    5    1    0    0    0    0    1    1    1    2    2    2    3    3    4    4    4    5    5    5    2    2    2    1    3    3    3    4    6    6    3    3    3    4    4    5    5    7    7    7    7  
  5    5    5    5    4    4    5    6    8    8    8    9    9    4    4    3    4    4    5    5    6    6    6    6    8    8    3    2    2    3    4    4    4    4    4    5    6    6    7    1    5    1    0    0    0    0    1    1    1    2    2    2    3    3    4    4    4    5    5    5    2    2    2    1    3    3    3    4    6    6    3    3    3    4    4    5    5    7    7    7    7  
  5    5    5    5    4    4    5    6    8    8    8    9    9    4    4    3    4    4    5    5    6    6    6    6    8    8    3    2    2    3    4    4    4    4    4    5    6    6    7    1    5    1    0    0    0    0    1    1    1    2    2    2    3    3    4    4    4    5    5    5    2    2    2    1    3    3    3    4    6    6    3    3    3    4    4    5    5    7    7    7    7  
  5    5    5    5    4    4    5    6    8    8    8    9    9    4    4    3    4    4    5    5    6    6    6    6    8    8    3    2    2    3    4    4    4    4    4    5    6    6    7    1    5    1    0    0    0    0    1    1    1    2    2    2    3    3    4    4    4    5    5    5    2    2    2    1    3    3    3    4    6    6    3    3    3    4    4    5    5    7    7    7    7  
  6    6    6    6    5    5    4    5    7    7    7    8    8    5    5    4    3    3    4    4    5    5    5    5    7    7    4    3    3    2    3    3    3    3    3    4    5    5    6    2    4    2    1    1    1    1    0    0    0    1    1    1    2    2    3    3    3    4    4    4    3    3    3    2    2    2    2    3    5    5    4    2    2    3    3    4    4    6    6    6    6  
  6    6    6    6    5    5    4    5    7    7    7    8    8    5    5    4    3    3    4    4    5    5    5    5    7    7    4    3    3    2    3    3    3    3    3    4    5    5    6    2    4    2    1    1    1    1    0    0    0    1    1    1    2    2    3    3    3    4    4    4    3    3    3    2    2    2    2    3    5    5    4    2    2    3    3    4    4    6    6    6    6  
  6    6    6    6    5    5    4    5    7    7    7    8    8    5    5    4    3    3    4    4    5    5    5    5    7    7    4    3    3    2    3    3    3    3    3    4    5    5    6    2    4    2    1    1    1    1    0    0    0    1    1    1    2    2    3    3    3    4    4    4    3    3    3    2    2    2    2    3    5    5    4    2    2    3    3    4    4    6    6    6    6  
  7    7    7    7    6    6    5    4    6    6    6    7    7    6    6    5    4    4    3    3    4    4    4    4    6    6    5    4    4    3    2    2    2    2    2    3    4    4    5    3    3    3    2    2    2    2    1    1    1    0    0    0    1    1    2    2    2    3    3    3    4    4    4    3    1    1    1    2    4    4    5    3    3    2    2    3    3    5    5    5    5  
  7    7    7    7    6    6    5    4    6    6    6    7    7    6    6    5    4    4    3    3    4    4    4    4    6    6    5    4    4    3    2    2    2    2    2    3    4    4    5    3    3    3    2    2    2    2    1    1    1    0    0    0    1    1    2    2    2    3    3    3    4    4    4    3    1    1    1    2    4    4    5    3    3    2    2    3    3    5    5    5    5  
  7    7    7    7    6    6    5    4    6    6    6    7    7    6    6    5    4    4    3    3    4    4    4    4    6    6    5    4    4    3    2    2    2    2    2    3    4    4    5    3    3    3    2    2    2    2    1    1    1    0    0    0    1    1    2    2    2    3    3    3    4    4    4    3    1    1    1    2    4    4    5    3    3    2    2    3    3    5    5    5    5  
  8    8    8    8    7    7    6    5    5    5    5    6    6    7    7    6    5    5    4    4    3    3    3    3    5    5    6    5    5    4    3    3    3    3    3    2    3    3    4    4    2    4    3    3    3    3    2    2    2    1    1    1    0    0    1    1    1    2    2    2    5    5    5    4    2    2    2    1    3    3    6    4    4    3    3    2    2    4    4    4    4  
  8    8    8    8    7    7    6    5    5    5    5    6    6    7    7    6    5    5    4    4    3    3    3    3    5    5    6    5    5    4    3    3    3    3    3    2    3    3    4    4    2    4    3    3    3    3    2    2    2    1    1    1    0    0    1    1    1    2    2    2    5    5    5    4    2    2    2    1    3    3    6    4    4    3    3    2    2    4    4    4    4  
  9    9    9    9    8    8    7    6    4    4    4    5    5    8    8    7    6    6    5    5    4    4    4    4    4    4    7    6    6    5    4    4    4    4    4    3    2    2    3    5    1    5    4    4    4    4    3    3    3    2    2    2    1    1    0    0    0    1    1    1    6    6    6    5    3    3    3    2    2    2    7    5    5    4    4    3    3    3    3    3    3  
  9    9    9    9    8    8    7    6    4    4    4    5    5    8    8    7    6    6    5    5    4    4    4    4    4    4    7    6    6    5    4    4    4    4    4    3    2    2    3    5    1    5    4    4    4    4    3    3    3    2    2    2    1    1    0    0    0    1    1    1    6    6    6    5    3    3    3    2    2    2    7    5    5    4    4    3    3    3    3    3    3  
  9    9    9    9    8    8    7    6    4    4    4    5    5    8    8    7    6    6    5    5    4    4    4    4    4    4    7    6    6    5    4    4    4    4    4    3    2    2    3    5    1    5    4    4    4    4    3    3    3    2    2    2    1    1    0    0    0    1    1    1    6    6    6    5    3    3    3    2    2    2    7    5    5    4    4    3    3    3    3    3    3  
 10   10   10   10    9    9    8    7    5    5    5    4    4    9    9    8    7    7    6    6    5    5    5    5    3    3    8    7    7    6    5    5    5    5    5    4    3    3    2    6    2    6    5    5    5    5    4    4    4    3    3    3    2    2    1    1    1    0    0    0    7    7    7    6    4    4    4    3    1    1    8    6    6    5    5    4    4    2    2    2    2  
 10   10   10   10    9    9    8    7    5    5    5    4    4    9    9    8    7    7    6    6    5    5    5    5    3    3    8    7    7    6    5    5    5    5    5    4    3    3    2    6    2    6    5    5    5    5    4    4    4    3    3    3    2    2    1    1    1    0    0    0    7    7    7    6    4    4    4    3    1    1    8    6    6    5    5    4    4    2    2    2    2  
 10   10   10   10    9    9    8    7    5    5    5    4    4    9    9    8    7    7    6    6    5    5    5    5    3    3    8    7    7    6    5    5    5    5    5    4    3    3    2    6    2    6    5    5    5    5    4    4    4    3    3    3    2    2    1    1    1    0    0    0    7    7    7    6    4    4    4    3    1    1    8    6    6    5    5    4    4    2    2    2    2  
  5    5    5    5    6    6    7    8   10   10   10   11   11    4    4    5    6    6    7    7    8    8    8    8   10   10    3    4    4    5    6    6    6    6    6    7    8    8    9    3    7    1    2    2    2    2    3    3    3    4    4    4    5    5    6    6    6    7    7    7    0    0    0    1    3    3    3    4    6    6    1    3    3    4    4    5    5    7    7    7    7  
  5    5    5    5    6    6    7    8   10   10   10   11   11    4    4    5    6    6    7    7    8    8    8    8   10   10    3    4    4    5    6    6    6    6    6    7    8    8    9    3    7    1    2    2    2    2    3    3    3    4    4    4    5    5    6    6    6    7    7    7    0    0    0    1    3    3    3    4    6    6    1    3    3    4    4    5    5    7    7    7    7  
  5    5    5    5    6    6    7    8   10   10   10   11   11    4    4    5    6    6    7    7    8    8    8    8   10   10    3    4    4    5    6    6    6    6    6    7    8    8    9    3    7    1    2    2    2    2    3    3    3    4    4    4    5    5    6    6    6    7    7    7    0    0    0    1    3    3    3    4    6    6    1    3    3    4    4    5    5    7    7    7    7  
  6    6    6    6    5    5    6    7    9    9    9   10   10    5    5    4    5    5    6    6    7    7    7    7    9    9    4    3    3    4    5    5    5    5    5    6    7    7    8    2    6    2    1    1    1    1    2    2    2    3    3    3    4    4    5    5    5    6    6    6    1    1    1    0    2    2    2    3    5    5    2    2    2    3    3    4    4    6    6    6    6  
  8    8    8    8    7    7    6    5    7    7    7    8    8    7    7    6    5    5    4    4    5    5    5    5    7    7    6    5    5    4    3    3    3    3    3    4    5    5    6    4    4    4    3    3    3    3    2    2    2    1    1    1    2    2    3    3    3    4    4    4    3    3    3    2    0    0    0    1    3    3    4    2    2    1    1    2    2    4    4    4    4  
  8    8    8    8    7    7    6    5    7    7    7    8    8    7    7    6    5    5    4    4    5    5    5    5    7    7    6    5    5    4    3    3    3    3    3    4    5    5    6    4    4    4    3    3    3    3    2    2    2    1    1    1    2    2    3    3    3    4    4    4    3    3    3    2    0    0    0    1    3    3    4    2    2    1    1    2    2    4    4    4    4  
  8    8    8    8    7    7    6    5    7    7    7    8    8    7    7    6    5    5    4    4    5    5    5    5    7    7    6    5    5    4    3    3    3    3    3    4    5    5    6    4    4    4    3    3    3    3    2    2    2    1    1    1    2    2    3    3    3    4    4    4    3    3    3    2    0    0    0    1    3    3    4    2    2    1    1    2    2    4    4    4    4  
  9    9    9    9    8    8    7    6    6    6    6    7    7    8    8    7    6    6    5    5    4    4    4    4    6    6    7    6    6    5    4    4    4    4    4    3    4    4    5    5    3    5    4    4    4    4    3    3    3    2    2    2    1    1    2    2    2    3    3    3    4    4    4    3    1    1    1    0    2    2    5    3    3    2    2    1    1    3    3    3    3  
 11   11   11   11   10   10    9    8    6    6    6    5    5   10   10    9    8    8    7    7    6    6    6    6    4    4    9    8    8    7    6    6    6    6    6    5    4    4    3    7    3    7    6    6    6    6    5    5    5    4    4    4    3    3    2    2    2    1    1    1    6    6    6    5    3    3    3    2    0    0    7    5    5    4    4    3    3    1    1    1    1  
 11   11   11   11   10   10    9    8    6    6    6    5    5   10   10    9    8    8    7    7    6    6    6    6    4    4    9    8    8    7    6    6    6    6    6    5    4    4    3    7    3    7    6    6    6    6    5    5    5    4    4    4    3    3    2    2    2    1    1    1    6    6    6    5    3    3    3    2    0    0    7    5    5    4    4    3    3    1    1    1    1  
  6    6    6    6    7    7    8    9   11   11   11   12   12    5    5    6    7    7    8    8    9    9    9    9   11   11    4    5    5    6    7    7    7    7    7    8    9    9   10    4    8    2    3    3    3    3    4    4    4    5    5    5    6    6    7    7    7    8    8    8    1    1    1    2    4    4    4    5    7    7    0    2    2    3    3    4    4    6    6    6    6  
  8    8    8    8    7    7    6    7    9    9    9   10   10    7    7    6    5    5    6    6    7    7    7    7    9    9    6    5    5    4    5    5    5    5    5    6    7    7    8    4    6    4    3    3    3    3    2    2    2    3    3    3    4    4    5    5    5    6    6    6    3    3    3    2    2    2    2    3    5    5    2    0    0    1    1    2    2    4    4    4    4  
  8    8    8    8    7    7    6    7    9    9    9   10   10    7    7    6    5    5    6    6    7    7    7    7    9    9    6    5    5    4    5    5    5    5    5    6    7    7    8    4    6    4    3    3    3    3    2    2    2    3    3    3    4    4    5    5    5    6    6    6    3    3    3    2    2    2    2    3    5    5    2    0    0    1    1    2    2    4    4    4    4  
  9    9    9    9    8    8    7    6    8    8    8    9    9    8    8    7    6    6    5    5    6    6    6    6    8    8    7    6    6    5    4    4    4    4    4    5    6    6    7    5    5    5    4    4    4    4    3    3    3    2    2    2    3    3    4    4    4    5    5    5    4    4    4    3    1    1    1    2    4    4    3    1    1    0    0    1    1    3    3    3    3  
  9    9    9    9    8    8    7    6    8    8    8    9    9    8    8    7    6    6    5    5    6    6    6    6    8    8    7    6    6    5    4    4    4    4    4    5    6    6    7    5    5    5    4    4    4    4    3    3    3    2    2    2    3    3    4    4    4    5    5    5    4    4    4    3    1    1    1    2    4    4    3    1    1    0    0    1    1    3    3    3    3  
 10   10   10   10    9    9    8    7    7    7    7    8    8    9    9    8    7    7    6    6    5    5    5    5    7    7    8    7    7    6    5    5    5    5    5    4    5    5    6    6    4    6    5    5    5    5    4    4    4    3    3    3    2    2    3    3    3    4    4    4    5    5    5    4    2    2    2    1    3    3    4    2    2    1    1    0    0    2    2    2    2  
 10   10   10   10    9    9    8    7    7    7    7    8    8    9    9    8    7    7    6    6    5    5    5    5    7    7    8    7    7    6    5    5    5    5    5    4    5    5    6    6    4    6    5    5    5    5    4    4    4    3    3    3    2    2    3    3    3    4    4    4    5    5    5    4    2    2    2    1    3    3    4    2    2    1    1    0    0    2    2    2    2  
 12   12   12   12   11   11   10    9    7    7    7    6    6   11   11   10    9    9    8    8    7    7    7    7    5    5   10    9    9    8    7    7    7    7    7    6    5    5    4    8    4    8    7    7    7    7    6    6    6    5    5    5    4    4    3    3    3    2    2    2    7    7    7    6    4    4    4    3    1    1    6    4    4    3    3    2    2    0    0    0    0  
 12   12   12   12   11   11   10    9    7    7    7    6    6   11   11   10    9    9    8    8    7    7    7    7    5    5   10    9    9    8    7    7    7    7    7    6    5    5    4    8    4    8    7    7    7    7    6    6    6    5    5    5    4    4    3    3    3    2    2    2    7    7    7    6    4    4    4    3    1    1    6    4    4    3    3    2    2    0    0    0    0  
 12   12   12   12   11   11   10    9    7    7    7    6    6   11   11   10    9    9    8    8    7    7    7    7    5    5   10    9    9    8    7    7    7    7    7    6    5    5    4    8    4    8    7    7    7    7    6    6    6    5    5    5    4    4    3    3    3    2    2    2    7    7    7    6    4    4    4    3    1    1    6    4    4    3    3    2    2    0    0    0    0  
 12   12   12   12   11   11   10    9    7    7    7    6    6   11   11   10    9    9    8    8    7    7    7    7    5    5   10    9    9    8    7    7    7    7    7    6    5    5    4    8    4    8    7    7    7    7    6    6    6    5    5    5    4    4    3    3    3    2    2    2    7    7    7    6    4    4    4    3    1    1    6    4    4    3    3    2    2    0    0    0    0  

  0    0    0    0    0    0    0    0    0    0    0    0    0    0    0    0    0    0    0    0    0    1    0    0    0    0    0   13    0    3    0    0    0    0    1    0    0    0    1   22    0    1    0    4    0    1    0    0    0   48   79    0    0    1    0   64    0    0    0   70    0    0    0    0    0    0    0    0   23    0    0    0    0    6    0    0    0    0    0    0    0  
  0    0    0   46    0    4    0    0    0    0    0    0    0    0    0    0    0    0    0    0    0    0   44    0    0    0    0    0    0    0    0    0    0    0    0    0    0    0    0    0    0    0    0    0    9    0    0    0    0    0    0    0    0    0    1    0    0    0    0    0    0    0    0    0    0    0    0    0    0    0    0    0    0    0    0    0    0    0    0    0    1  
  0    0    0    0    0    0    0    0    0    0    0    0    0   97    0    1    0    0    0   29    0    0    0    0   94    0    0    0    0    0    0    2    0   12    0   24    0    1    0    0    5    0    0    0    1    0   39    0    0    0    0    0    6    1    1    0    1    1    0    0    0    0    1   30    0    0    0    1    0    0    1    1    0    0    0    0    0    0   33    0    0  
  0   24    0    0    0    0    0    0    0    0    0    0    1    0    0    0   11    0    0    0    0    0   53    0    0    0    0    0    0    0    0    8    0    6    0    0    0    0    0    0    0    0    0    0    0    0    0    0    0    0    0    0    0    0   40    0    0    0    0    0    0    0    0    1    0    0    0    0    0    0    0    6    0    0    0    0    0    0    0    1    9  
  0    0    0    0    0    3    1    0    0    0    1    0    0    0    0    0   14    0    0   47   14    0    0    2    0   12   24    0    0    1    0    0    0    0    0    0    0    0    0    0    0    0    0    0    0    0    0    0    1    0    0    0    0    0   52    0   26    0    1    0   13    0    0    0    0    1    0    1    0    0    0    0    1    0    0    0    0    1    0    1    0  
  0    0    0    0   92    0    1    0    1    0    0    0    0    0    0    0    0   55    0    1   66    0    0    0    0    0    1    0    0    0    0    0    0    0    0    1    1    0    0    1    0    2    0    0    0    0    0    2    0    0    0    0    0    0    0    0    0    0   37   14    5    0    0    0    0    0    0    0    0   33    0    0    0    1    0    0    0   20    0    0   13  
  0    0    0    2    3   34    0    0    8    0    0    0    0    0    0    1   59    3   40    2   38    0    0    0    0    1   68    0    0    0    4   19    1   16    0    0    0    0    4    0    0    0    0    0    0    0    1    0    0    0    0    0    0    0    0    0    0    0    1    0   65    0    0    0    0    1    0    0    0   25    0    0    0   49    0   49    0    1    0    0    0  
  0    0    0    0    0    0    0    0    0    0    0    1    0    0    0    0    0    0    0    0    0    0    1    1    0    0    0    0    1   26    0    0    0    0    0    0    0    0    0    0    0    0    0    0    0    0   51    0    0    0    0    0    0    0    0    0    0    0    0    0   67    1    0    0    0    0    1    0    0    0   24    0    0    0    0    0    0    0    0    0    0  
  0    0    0    0    0    1    1    0    0    0    0    0    0    0   85    0    0    1    0   87    0    1    0    0    0    0   68    0    0    0    0    0   26    0    0    0    5    0    0    1    0    0    0    0    0    0    0    0    0    0    0    1    0    0    0    0    0    0    0    1    3    0    0    0    0    0    0    0    0    1    0    0    0    0    0    2    0    1    0    0    0  
  0    0    0    0    0    0    0    0    0    0    0    0    0    0    0    1    0    0    1   11    0    0    0    0   13    1    0    0    0    0    1    0    1    0    3    6    0    0    1   51   86    1    0    0    0   18   51    0    0    0    1    0    0    2    0   29    6    0   37    0   10    0    0    1   92    0    0    1   38   37    1    0    0   60    0    6   36    0    0    0    0  
  0    0    0    0   78    0    0    0    0    0    0    0   36    0    0    0    0    0    0    0    5   27    0    0    0    0   91    0   97    0    0    0    0    0    0    0    0    0    0    0    0    0    0    0    0    0    0    0    5    0    0    0    0   87    0    0    0    0    0    0    0    0    0    0    0   90    0    0    0    0    0    0    0    0    0    0    0    0    0    1    0  
  0    0    0    0    0    0    0    1    0    0    0    0    0    1    0   19    0    0    0    0    0    0    0    1    0    0    0    0   14    0    0    1    0    0    0    0    0   28    0    0    3    0   28    0    0    0    0   73    0    0    0    3    0    0    0    0    1    0    3    0    0   57    1    0    2    0    1    6    0    0    8    0    0    0    0    0    1    0    0    0    0  
  0    0    0   83    0    0    0    0    1    0   58    0    0    0    0    0    0    0    0    0    0    0   41    0    0    0    0    0    0    0    0    0    0    0    0    0    0    0    0    0    0    0    0    0    0    0    0    0    0    0    0    0    0    0    0    0    0    0    0    0    0    0   94    0    0    0    0    0    0    0    0    0    0    0    0    0    0    0    0   29   35  
  0    0    2    0    0    1    0    0    0    0    0   19    1    0    0   47    5    0    0    0    0    0    0    4    3    0    0    0    0    0    0    1    0    0   15    1    0    3    0    0    0    0    1    0    0    0    0    2    0    0    0    0    0    0    0    0    1    1    0    0    0    0    1    2    1    0    1   28    0    0   91   12    0    0    0    0   52    0    0    0    0  
  0    0    0    0    0    0    0    0    2    0    0    0    0    0    0    0    0    4    0    1    0    1    0    0    0    0    1   47    0    0    1    0    0    0    0    0    1    0    0    2    0    1    0    0    0    0    0    0    0    5    0   24    0    0    0    0    0    0    0    0    0    0    0    0    0    0    0    0    0   57    0    0    0    0    0    0    0   52    0    0    0  
 26    0    4    0    0    0    0    0    0    0    0    1    0   88    0    0    0    0    0    0    0    0    0    6    0    0    0    0    0    0    0   45    0    0    0    0    0    7    0    0    1    0    0    0   44    3   13    0    0    0    0    0    6    0   89    0    1    1    0    0    0    7    1    0    0    0    0    1   52    0   11   29    0    0    0   29    0    0    1    0    0  
  0    0    0    1    1    0    1    0    0    0    0    0    0    1    0    0    0    0    0    0    0    0    8    0    0    1   90    0    0    0    0    0    0   61    0    0    0    0    0    0    1    0    0    0    0    0    1    0    0    0    0    0    0    0    0    0    0    1   21    0    0    0    0    0    0   70    0    0    1    0    0    0    0    0    0    0    0    0   34   68    6  
  0    0    0    0    0    1    6    0    1    0    0    0    0    0    4    0    0    0    0    1    0    9    0    0    0    0    0    0    1    0    0    0    0    0    0    0   92    0    0    7    0    0    0    1    0    0    0    0    0    0    0    1    0    0    0    0    0    0    0   48   25    0    0    0    0    0    0    0    0    2    0    0    0    0    0    0    0    1    0    0    0  
  0    0    0    0    0    0    1    0    0   15    0    0    0    0    0    0    0    0    0    1    0    0    0    0    1    5    0    0    0    0   44    0    2    4    0    1    0   24    0    0   32    0    0    0    0   53    1    0    0    0    0    0    0    0    0    1   28   15    1    0   49    0    0    1    0    0    0   51    1    1    0   83    0    0    0    6    1    0   57    0    1  
  0    0    0    0    0    1    5    0   35   26    0    0    0    0    4    0    0   32    1    0    0    1    0    0    0    0    0    0    0    0    3    0    1    0    0    1    7    0    0    1    0    0    0    0    0    0    0    0   91    2    0    3    0    0    0    1    0    0   53    0    7    0    0    0    0    0    0    0  100    1    0    0    0    0    0    1    0   42   47    0    0  
  0    0    0    0    1    1    9    0    0    0   59    0    0    1    0    0    0    0    0    0    0    0    0    0    0    0    1    0    0    0    0    0    0    1    0   26    0    0    0    0    0    0    0    0    0    0    0    0    1    0    0    0    0    0    0    0    0    0    0    6    0    1    0    0    0   53    0    0    0    1    0    0   24    0   27    0    0    5    0    0    0  
  3    0    0    0    0    0    0    0    0    0    0    0    0    0    1    0    0   21    0   13    0    0    0    0    0    0    0    8    0    0    0    6    0    0    0    0   34    0    0    8    0    2    0    0    0    0    0    0    0   24    0    1    0    0    0    0    0    0    0    0    0    0    0    0    0    0    0    0    0    0    0    0    0    0    0    0    0    0    0    0    0  
  0   35    0   11    0    0    0    0    0    0    0    0   11    0    0    0   12    0    0    0    0    0    0    0    0    0    0    0    0    0    0    0    0    0    0    0    0    0    0    0    0    0    0    0    0   52    0    0    0    0    0    0    0    0    0    0   29    0    0    0    0    0    0    0    0    0    0    0    0    0    0    0    0    0    0    0    0    0    0   44   71  
  0    0    0    0    0    0    0    2    0    0    0    1    0    1    0   52    0    0    0    0    0    0    0    0    0    0    0    0   98    0    0    1    0    0    0    0    0    0    0    0    0    0   23    0    0    0    0    0    0    0    8    0    0    0    0    0    0    0    0    0    0    1   40    0    0    0   47    0    0    0    1    0    0    0    0    0    0    0    0    0    0  
  0    0    1    0    0    0    0    0    0   92    0    0    0    1    0    0    0    0    1    0    0    0    0    0    0    1    0    0    0    0    9    3   18    9   28   10    0   98    0    0   37    0    1    0    0   23   49    0    1    0    4    0    0    1    0    0    9    0    0    0    0    0    6   19    1    0    0   93    1    0    1   81    0    0    0   39   29    0    1    0    0  
 23    0    0    0    8    0    1    1    0   50    0    0    0    7    0    0    8    0    1    0    0    0    0    0    5    0    2    0    0    0    2    0   85    3    0    2    0    0    0    0    1    0    1    0    0    0    3    0    0    0    0    0    0    0    0    0    0    0    7    0   16    0    0   60    0    0    0    0    0    0    0    1    0    0    0   11    0    0    1    0    0  
  0    0    0    0    1    1    2    0    0    0   10    0    0    0    0    0    7   32    0    0   77    0    0    0    0    1    0    0    0    0    0    0    0    0    0    0    0    0    0    0    0    0    0    0    0    0    0    0    1    0    0    0    0    0    0    0    0    0   70   37   96    0    0    0    0    8    0   72    0    0    0    1    0    0    0    0    0    1    0    4   21  
  1    0    0    0   21    0    0    0    0    0    0    0    0    0   29    0    0    0    0    0    0   54    0    0    0    0    0    0    0    1    0    0    0    0    0    0    0    0    0    1    0    1   69    0    0    1    0    0    0    1    0    1    0    0    0    3    0    0    0    0    0    0    0    0    0    0    0    0    2    0    0    0    0   10    0    0    0    0    0    0    0  
  0    0    0    0    0    0    0    5    0    0    0   39    0    0    0    0    0    0    0    0    0    0    0   24    0    0    0    0    0    0    0    0    0    0    0    0    0    0    0    0    0    0    0    0    0    0    0   30    0    0    0    0    0    0    0    0    0    0    0    0    0    1    0    0    0    0   11    0    0    0    1    1    0    0    0    0    0    0    0    1    0  
  1    0    0    0    0    0    0    0    0    0    0    0    0    0    0    0    0    0    0    0    0    0    0    0    0    0    0    1    0    0    0    0    0    0   32    0   95    0    1    0    0    0    0    2    0    1    0    1    0    0    1    0    0    1    0    1    0    0    0    0    0    0    0    0    0    0    0    0    1    0    1    0    0    1    0    0    0    0    0    0    0  
  0    0    0    0    0    0   49    0    0    5    0    3    0    0    0    0    0    0   19    5    0    0    0    0    8    9    0    0    0    0    0    0    1    7    0    1    0    0    0    6   68    0    0   17    0   32   14    0    0    0    0    0    0    0    0    1   10    2   23    0    1    0    0   55    0    2    0    0    6    1    0    0    0    0    0    3   47   88   10    0    0  
  0    0   27    0    0    0    0    0    0    1    0    0    0    1    0    4    0    0    0    0    0    0    0    0   60    0    0    0    0    0    0    0    0    1    0    2    0    1    0    0   11    0    0    0    1    0   12    0   20    0    0    0    4    0    1    0    1    1    0    0    0    0    4   59    0    0    0    1    0    0    1   55    0    0    0    0    0    0   19    0    0  
  0    0    0    0    0    0    5    0    0   10    0    1    0    2    0    0    0    0   84   10    0    0    0    0   75    2    1    0    0    0    1    0    0    3    0   84    0    0    0    8    1    0    0    0    1    1   30    0    0    0    0    0    1    0    0    2    2    0    1    0   50    0    0    4    0    0    0    0   46    1    0    0    0    0    0    1    1    0    1    0    0  
  0    0    7   77    0    0   53    0    0    0    0    0    0    0    0    0   38    0   29    0    0    0    0    0   88    2    0    0    0    0    0   15    1    0    0    0    0   61   13    0    2    0    3    0    0    0   17    0    0    0    0    0    0    0    0    0    0    0   68    0    0    0    0   18   30    0    0    0    0    0    0   34    0    0    0    0    0    0   77    0   17  
  1    0    0   91    0    0    0    0    0   71    0    0    0    4    0    0    0    4    0    0    1    0    0    0    2    0    0    0    0    2    0    0    0    0    0    1    0    0    2    0    0    0    1    1    0    1    0   75    0    0    2    0    0    1    0    4    1    0    0    0    0    0    0    2    1    0    0   22    1    0    0    0    0   14    0   67    1    0    0    0    0  
  0    0    1    0    0    0    0    0    0    1    0    0    0   76    0    0    0    0    1    0    0    0    0    0    1    1    0    0    0    0   17    4    1    0   69    0    0    2    0    0    1    0    0    0    0    1   97   11    0   12   10   89    0    1    0    7   11    0   56    0    0    0    4    1   96   37    0   60    1    0    4    8    0    0    0    1    1    0   25    0    0  
  0    9    0    0    0   44    0    0   17    0    0    0   78    0    1    0    0   11    0    1    0    1    0    0    0    0    0    0    0    0    0    0   14    0    0    0    0    0    0   26    0    0    0    0    1    0    0    0    0    0    0    1    0    0    0    0    0    0    0    1    1    0    0    0    0    0    0    0    0    1    0    0    0    0    0    0    0    2    0    0    0  
  0    0    1    0    0    0    0    0    0    0    0    7    0    1    0   20    0    0    1    0    0    0    0    0   40    0    0    0    0    0    0   74    0    2    0    4    0    0    0    0    1    0    6    0    0    0   31    0    0    0    0    0    1    0    0    0   54    8    0    0    0    0    1   31    1    0    0   52    0    0   24   84    0    0    1    0   14    0    1    0    0  
 55    0    0    0    0    0    0    0    0    1    0    0    0    0    0    0    0    0    0    0    0    0    0    0    0    0    0    0    0    1    2    0    0    0    1    0    0    0    0    0    0    0    0   28    0    1    0    1    0    0   11    0    0    1    0    1   38    0    0    0    0    0    0    0    1    0    4    0    1    0    0    0    0   94    0    0    1    0    0    0    0  
  1    0    0    0    0    1    0    0    5    1    0    0    0    0   25    0    0   14    0    6    0   68    0    0    0    0    0    1    0    0    1    0    0    0    0    0   79    0    0    0    0    1    0    0    0    0    0    0    0   80    0   97    0    0    0    3    0    0    0    0    1    0    0    0    0    1    0    0    1   10    0   35    0    0    0    0    0    1    0    0    0  
  6    0   91    0    0    0    0    0    0    3    0    0    0    0    0    6    1    0   10    0    0    1    0    0    1    1    0    0    0    0   27   42    1    1    0    1    0   37    0    0    0    0    0    0    0    0   29    3    0    0    0    0    0    0    0    0   19    1   28    0    0    0   28    1    0    0    0    1    0    0    1    1    0    8    0    1    1    0    4    0    0  
 76    0    0    0    0    0    0    0    0    0    0    0    0    0    2    0    0    0    0    0    0   11    0    0    0    0    3   40    0    0    0    0    0    0    0    0    0    0    0   37    0    0    0    1    0    0    0    0    0   14    0    1    0    0    0    0    0    0    0    0    0    0    1    0    0    0    0    0    0    0    0    0    0    0    0    0    0    0    0    0    0  
  1    0    0    0    0    0    0    0    0    0    0    2    0   13    0    0    0    0    0    0    0    1    0    1    2    0    0    0    0    0    0    0    0    0    2    0    0    1    0    0    0    0    0   27    0    4    0    1    0    0   12    0    0   77    0    0    1   17    0    0    0    0    2    0    4    0    1    2    0    0    1    0    0    0    0   31    2    0    0    0    0  
  5    0    0    0    0    0    0    0    0    0    0    0    0    0    0    9    0    0    0    0    0    0    0    0    0    0    0    0    0    1    0    0    0    0    1    0    0    0   52    0    1    0    2    0    0    1    0   20   70    0    4    0    0   71    0    3    2    0    0    0   14    0    0    0    1    0    0    1    6    0    0    0    0   47    0    0    9    0    0    0    0  
  0   72   73    0    0    0    0    0    0    0    0    0    0    0    0    1    0    0    0    0    0    0    0    0    0    0    0    0    0    0    0    8    0    0    0    0    1    0    0    0    0    0    0    0    0    0    0    0    0    0    0    0    2    0   10    0    0    1    0    0    1    2    0    0    0    0    0    0    0    0    0    1    0    0    0    0    0    0    0    0    0  
 37    0    0    0   32    0    0    0    0    6    0    0    0    0   14    0    1    0    7    0    0    0    1    0    1   18    0   67    0    1   10    0    1    0   52    4    0    0   69    0    0    0    0    1    0    0    0    1    0    0    7    0    0   61    0    1    1    0    0    0   15    0    0    7    0    0    0    0    1    0    0    0    1    1    0    1    1    1    0    0    0  
  0    0   63    0    0    0   50    0    0   81    0    0    0    0    0    0   26    0    3    0    0    0    0    0    1    2    0    0    0    0    1   30    8    1    0   13    0    1    0    0   15    0    0    0    0    0    0    0    0    0    0    0    0    0    0    0    1    1   12    0    0    0   67   27    0    0    0    1    0    0    0    5    0    0    0   67   18    0    1    0    0  
  0    0    0    0    0    0    0    0    0    0    0    0    0    1    0    0    0    0    0    0    0    0    0    0    0    0    0    0    0    1    0    0    0    0   26    0    0    0    1    0    0    0    1   66    0   19    0    0    0    0    1    0    0    1    0    0  100    0    0    0    0    0    0    0   30    0    0    2    0    0    0    0    0    1    0    0    1    0    0    0    0  
  0    0    0    0    1   23    0    0    0    0    1    0    0    0    0    0    0    0    0    0    9    0    0    0    0    0    2    0    0    0    0    0    0    0    0    0    0    0    0    0    0    0    0    0    0    0    0    0    0    0    0    0    0    0    0    0    0    0    0    2    0    0    0    0    0    2    0    0   10    2    0    0    3    0    1    0    0    0    0   55    0  
 25    0    0    0    0    0    0    0    0    0    0    0    0    0   44    0    0    0    0    0    0   19    0    0   79    0    0   21    0    0    0   45    0    2    0    0    0    0    0    6    1    1    0    0    0    0    0    0    0    0    0    3    0    0    0    0    0    0    5    0    0    0    0    0    0    0    0    0    0    0    0    0    0    0    0    0    0    0    1    0    0  
 59    0    0    0    0   21    0    0    0   56    0    0    0    0    0    0    0    0    0    0    0    0    0    0   25    0    0    0    0    3    0    0    0   22    1    1    0    0    1    0    0    0    1    4    0    1    0    1    0    0    0    0    0    1    0    1   55    0    0    0    0    0    0    0    1    0    0   56   54    0    0    0    0    3    0    0    3    0    0    0    0  
  0    0    0    0   60    0    0    0    1    0    0    0    0    0    1    0    0    9    0   31    0    1    0    0    0    0    0   52    0    0    0    0    0    0    0    0    1    0    0    2    0    1    0    0    0    0    0    0    0    1    0    0    0    0    0    0    0    0    0    0    1    0    0    0    0    0    0    0    0    1    0    0    0    0    0    0    0    4    0    0    0  
  0    0    6    0    0    0    0    0    0    0    0    0    0    0    0   36    0    0    0    0    0    0    0    0    0    0    0    0    0    1    0    1    0    0    0    0    0    1    0    0    0    0    0    0    1    0    0    0    0    0    0    0    0    0   98    0    0   12    0    0    0   42   71    0    0    0    0    0    0    0   10   24    0    0    0    0    0    0    0    0    0  
  4    0    0    0    0    0    0    0    0    6    0    0    0    0    0    0    0    0    1    0    0    0    0    0    1    0    0    0    0    1    0    0    0    0   16   12    0    0   40    0   49    0   12   30    0   33    0   38    0    0    1    0    0    0    0    1   37    0    0    0    0    1    0    0   16    0    0    1   93    0    0    0    0    1    0    0    1    0    0    0    1  
  0   36    1    0    0    0    0    0    1    0    0    0    3   11    0   17    0    0   94    8    0    0    0    0    0    0    0    0    0    0    0    1    0    0    0    0    0    0    0    0    0    0    0    0   18    0    0    0    0    0    0    0    1    0    0    0    0    1    0    0    0    0    0    0    0    0    0    0    0    0    0    1    0    0    0    0    0    0    0    0    0  
  1    0    0    0    0    0    0   11    0    1    0    0    6    0    0    0    0    0    1    5    0    0    0    0    0    0    0    1    0    1    2    0   12    0    1    1    0    0   21   22    0    0    0    7    0    2    0    0    0    0    1    0    0    1    0    0    0    1    0    0    0    0    0    0    0    0    0    0    2    1    0    0    0   26    0   27    3    0    0    0    0  
  0    0    1    0    0    0    0   38    0    7    0    6    0   46    0   32    0    0   35    0    0    1    0    0    2    0    0    0    0    0   16    1   56    0    1   29    0   46    1    0    4    0   24    1    0    1    1   35    0    0    1    0    0   83    1    0    0    0    0   15    0    0    1    8    1    0    0    7   23    0   97    1    0    5    0    1    1    0   18    1    0  
  0    0    1    0    0    0    0    0    0    0    0    0   43    2    0    1    0    0    0    0    0    0    0    0    0    0    0    0    0    0    0    2    0    0    0    0    0   60    0    0   26    0    0    0   12    0    5    0    0    0    0    0    9    0   21    0    0    0    0    0    0    1   13    0    0    0    0    0    0    0   38   81    0    0    0    0    0    0    1    0    0  
  0    0    0    0   23    1   10    0    0    1    1    0    0    0    0    0    1    0    3   10    0    0    0    0    0   51   77    0    0    0    1    0    1    1    0    5    0    0    0    0    8    0    0    0    0    0    1    0    0    0    0    0    0    0    0    0    0    0    0    0    2    0    0    1    0    1    0    0    0   75    0    0    0   41    0    1    0    2    1    0    0  
  0    0    0    0   18   51    0    0    4    0    0    0    0    0    0    0    0    3    0    1    4    0    0    0    0    2   11    0    0    0    0    0    0    0    0    0   50    0    0    0    0    0    0    1    0    0    0    0   42    0    0    0    0    0    0    0    0    0    0    0    0    0    0    0    0    0    0    0    0    0    0    0    1    0    4    0    0    1    0    0    0  
  0    0    0    0   18    1    1    0   62   36    0    0    0    0    0    0    0   26   88    1    0    0    0    0    0   40   91    0    0    0    1    0    1    0    1    0    4    0    0    1    0    0    0    0    0    0    0    0    0    0    0   65    0    0    0    0    0    0    1    0    0    0    0    0    0    0    0    0   59    1    0    0    0    0    0    1    0   20    0    2    0  
  0    0    0    0    0    0    0    3    0    0    0    1    0    0    0    1    0   42    0    0    0    0    0   14    0    0    0    0    1    0    0    0    0    0    0    0    0    0    0    0    0    0    0    0   30    0    0    0    0    0    0    0    2    0    0    0    0    1    0    0    0    0   68    0    0    0    1    0    0    0    2    0    0    0    0    0    0    0    0    0    0  
  0    0   20    0   37    0    0    0    0    0    0    1    0   30    0    1    0    0    1    0    0    0    0    6   21    0    0    0    0    0    0   19    0    0    0   15    0    1    0    0   11    0    3    0    0    0   12    0    0    0    0    0    9    0    0    0    7    1    0    0    0    1    0   13    1    0    0    1    0    0   34   91    0    0    0    0   63    0    1    0    0  
  0    0    1    0    0    0    0    0    0    5    0    0    0    1    0    0    0    0   72    0    0    0    0    0   26    1    0    0    0    0   13   13    1   28    1    1    0   16    0    0    1    0    1    0    0    1    6    0    0    0    0    0    0    0   10    0   36    0   76    0    0    0    1    0   15    0    0    8    1    0    6    9    0    0    0    1    1    0    2    0    0  
  0    0    0    0    0   21    0    0    0    1    0   11    0    1    0    0    0    0    0    0    0    0    0    0    1    0    0    0    0    0    0    0    0    0   65   99    0    1    1    0    0    0    3   68    0    0    0   42    0    0    1    0    1   16    0    0    2    0    0    0    0    0    2   50    0    0    0    1    0    0    1    0    0   14    0    0   71    0    0    0    0  
  0    0    0    0    1    0    1    0    0    0    4    0    0    0    0    0   16    0    0    0    1    0    0    0    0    0   14    0    0    0    0    0    0    0    0    0    0    0    0    0    0    0    0    0    0    0    0    0    1    0    0    0   25    0    0    0    0    0    1    0    0    0    0    0    0    0    0    0    0    0    0   47    0    0    1    0    0    0    0    1    0  
  0    0    0    0    0    0    0   21    0    0    0    1    0   61    0    0    0    0    0    0    0    0    0    3    0    0    0    0    1    0    0    0    0    0    0    0    0    0    0    0    0   24    5    0    0    0    0    0    0    0    1    0    0    0    0    0    0    0    0    0    0   46    0    0    0    0    0    0    0    0    1    0    0    0    0    0    0    1    0    0    0  
  0    0   83    0    0    0    0    0    0    1    0    1    0    6    0    8    0    0    1    0    0    0    0    0    1    0   26    0    0    0    0   18    0    0   59    3    0   29    0    0    1    0    5   24    0    0    7    1   16    0    3    0    0   40    0    0    2    0    0    0    3    0    1   41    2    0    0    0    0    0   20    5    0    0    1    3    3    0   49    0    0  
 57    0    0    0    0    0    0    0    0   50    0    0    1   25    0    0    0    0   14    1    1    0    0    0    1    0    0    5    0    1    3    0    1    1   24   44    0    0   68   74    0    0    0    1    0    1    0    0    0    0   15    0    0   68    0    9    1    0    0    0   75   42    0   70    1    0    0    0    0    1    0    0    0    3    1    1    1    0    0    0    0  
  0    1    0    0    0    1   96    0   14    1    0    0    0    0    1    0    0   52   46    1    0    0    0   56    0    0    0    0    0    0   40    0    1    0    0    0    1    0    0   56    0    0    0    0    0    8    0    0    0    0    0    1    0    0    0   11    0    0    1    0   29    0    0    0    0    0    0    0    7    0    0    0    0    0    3    4    0    1    0    0    0  
  0    0    1    0    0    0    1   96    0    0    0   30    0    1    0   12    0    0    0    0    0    0    0    1   28    0    0    0    2    0    0   21    1    0    0    1    0   16    0    0   17    0    1    0    0    0    0    0    0    0    0    0    4    0    0    0    2    4    0    0    0    1   30    1    1    0   44    6    0    0    0    1    0    0    0    0    2    0    0    0    0  
  0    0   10    0    0    0    0    0    0    0    0    0    0    2    0   74    0    0    1    0    0    0    0    0    1    1    0    0    0    0    0    1    0    1    0    1    0    1    0   81   11    0    0    0    5    0    1    0   54    0    0    0   34    0    3    0   52   10    0    1    0    0   23    1    0    0    0    1    0    0    1    0    0    0    0    0    0    0    1    0    0  
  0    0    0    0    0    0    0    0    0    0    0    0    0    0    0    0    0    3    0    0    1    0    0    0    0    0    0    0    0   92    0    0    0    0    0    0    0    0    0    0    0    0    0    0    0    0    0    0    1    0    0    0    0    0    0    0    0    0    0   20    0    0    0    0    0    0    0    0    0    0    0    0    0    0    2    0    0    0   77    0    0  
  7    0    0    0    0    0    0    0    0    3    0    0    0    0    0    0    0    0    0    0    0    0    0    1    0    0    0    2    0   63    0    0    0    0   17    0    0    0    1   67    0    0    0   53    0    1    1   24    0    0    1    0    0    1    0    1    0    0    0    0    0    0    0    0    0    0    0    0   50    0    0    0    0    0    0    0    1    0    0    0    0  
  0    0    0    0    0    0    0    0    0    0    0    0    0    0    0    0    0    0    0    3    1    0    0    0    0    0    0    0    0    0    0    0    0    0    1    0    0    0    0    0    1    0    0    0    0    0    0    0   75   13    0    0    0    0    0    0    0    0    0    1    0    0    0    0    0    2    0    1    0    0    0    0    1    0    0    0    0    0    0    0    0  
  0    0    0    0    0    0   16    0    0   94    0    0    0    0    0    0    0    0    2   20    0    0    0    0   21   12    0    0    0    0    1    0    1    0    1   38    0    0    0    0   18    0    0    0    0   12    7    0    0    0    0    0    0    0    0    1    2    0    3    0   19    0    0    1    0    0    0   21    1    3    0    0    0    0    0    0    1    0   54    0    0  
  0    0   23    0    0    0    0    1    0    1    0    1    0   20    0    0    0    0   10    0    0    0    0    0   60    0    0    0    0    0    1    0   22    0    1   75    0    5    2    6    4    0    1    1    0    3    1    1    0    0   57    0    0    1    0   94    1    0    0    0    0    0    5    6    1    0    6    1    1    0   50    0    0    6    0    3    0    0   23    0    0  
  0    0    0    0    7    1    1    0   58    0    4    0    0    0   14    0    0    4    0    6    1    0    0    0    0    0   83    0    0    0   27    0    0    0    0    0   59    0    0    8    0    0    0    0    0    0    0    0    0    0    0    1    0    0    0    0    0    0    2   87    2    0    0    0    0    0    0    0    0   33    0    0    0    0    0    0    0    0    0    0    0  
  0    0   14    0    0    0    0    0    0    0    0    0    0    0    0   17  100    0   92    0    0    4    0    0   20    1    0    0   16    0   67    4    1   22    0   36    0    9    0    0    1    0    0    0    0    0    1    0    0    0    0    0    0    0    0    0   65    1    1    0   20    0    1   67    0    0    0   36    0    0    0    1    3    0    0   16    4    0    0    0    0  
  0    0    0    1    1    0    0    1    0    0   32    0    3    0    0    0   24    0    0    0    0    0    4    0    0    0    2    0    0    0    0    0    0    0    1    0    0    0    0    0    0    0    0    0    0    0    0    0   20    0    0    0    1    0    0    0    0    0    0    0   32    0    0    0    0    1    0    0    0    1    0    0    0    0    0    0    0    0    0    0    1  
  0    6    0    1    0    0    0    0    0    0    1    0    3    0    1   90   42    0    0    0    0    0    1    0    0    0    0    0    0    0    0    0    0   15    0    0    0    0    0    0    0    0    0   18    0    0    0    0    0    0    0    0    0    0    0    0    0    0    0    0    0    0    0    0    0    0    0    0    0    0    0    0    0    0    0    0    0    0    0    1    0  
