81

 0   1   2   3   4   4   4   4   5   5   6   6   1   1   1   2   3   3   5   6   6   7   7   2   2   2   3   3   3   3   4   4   5   5   6   7   7   8   4   4   5   5   5   6   6   7   9   9   9   5   5   5   6   6   6   7   7   8   9   9   6   6   7   8   8   9  10  10  11   6   6   6   7   8   8  11  11  12  12  12  12  
 1   0   1   2   3   3   3   3   4   4   5   5   2   2   2   1   2   2   4   5   5   6   6   3   3   3   2   2   2   2   3   3   4   4   5   6   6   7   3   3   4   4   4   5   5   6   8   8   8   4   4   4   5   5   5   6   6   7   8   8   5   5   6   7   7   8   9   9  10   7   7   7   6   7   7  10  10  11  11  11  11  
 2   1   0   1   2   2   2   2   3   3   4   4   3   3   3   2   1   1   3   4   4   5   5   4   4   4   3   3   3   3   2   2   3   3   4   5   5   6   4   4   3   3   3   4   4   5   7   7   7   5   5   5   4   4   4   5   5   6   7   7   6   6   5   6   6   7   8   8   9   8   8   8   7   6   6   9   9  10  10  10  10  
 3   2   1   0   1   1   1   1   2   2   3   3   4   4   4   3   2   2   2   3   3   4   4   5   5   5   4   4   4   4   3   3   2   2   3   4   4   5   5   5   4   4   4   3   3   4   6   6   6   6   6   6   5   5   5   4   4   5   6   6   7   7   6   5   5   6   7   7   8   9   9   9   8   7   7   8   8   9   9   9   9  
 4   3   2   1   0   0   0   0   1   1   2   2   5   5   5   4   3   3   1   2   2   3   3   6   6   6   5   5   5   5   4   4   3   3   2   3   3   4   6   6   5   5   5   4   4   3   5   5   5   7   7   7   6   6   6   5   5   4   5   5   8   8   7   6   6   5   6   6   7  10  10  10   9   8   8   7   7   8   8   8   8  
 4   3   2   1   0   0   0   0   1   1   2   2   5   5   5   4   3   3   1   2   2   3   3   6   6   6   5   5   5   5   4   4   3   3   2   3   3   4   6   6   5   5   5   4   4   3   5   5   5   7   7   7   6   6   6   5   5   4   5   5   8   8   7   6   6   5   6   6   7  10  10  10   9   8   8   7   7   8   8   8   8  
 4   3   2   1   0   0   0   0   1   1   2   2   5   5   5   4   3   3   1   2   2   3   3   6   6   6   5   5   5   5   4   4   3   3   2   3   3   4   6   6   5   5   5   4   4   3   5   5   5   7   7   7   6   6   6   5   5   4   5   5   8   8   7   6   6   5   6   6   7  10  10  10   9   8   8   7   7   8   8   8   8  
 4   3   2   1   0   0   0   0   1   1   2   2   5   5   5   4   3   3   1   2   2   3   3   6   6   6   5   5   5   5   4   4   3   3   2   3   3   4   6   6   5   5   5   4   4   3   5   5   5   7   7   7   6   6   6   5   5   4   5   5   8   8   7   6   6   5   6   6   7  10  10  10   9   8   8   7   7   8   8   8   8  
 5   4   3   2   1   1   1   1   0   0   1   1   6   6   6   5   4   4   2   1   1   2   2   7   7   7   6   6   6   6   5   5   4   4   3   2   2   3   7   7   6   6   6   5   5   4   4   4   4   8   8   8   7   7   7   6   6   5   4   4   9   9   8   7   7   6   5   5   6  11  11  11  10   9   9   6   6   7   7   7   7  
 5   4   3   2   1   1   1   1   0   0   1   1   6   6   6   5   4   4   2   1   1   2   2   7   7   7   6   6   6   6   5   5   4   4   3   2   2   3   7   7   6   6   6   5   5   4   4   4   4   8   8   8   7   7   7   6   6   5   4   4   9   9   8   7   7   6   5   5   6  11  11  11  10   9   9   6   6   7   7   7   7  
 6   5   4   3   2   2   2   2   1   1   0   0   7   7   7   6   5   5   3   2   2   1   1   8   8   8   7   7   7   7   6   6   5   5   4   3   3   2   8   8   7   7   7   6   6   5   3   3   3   9   9   9   8   8   8   7   7   6   5   5  10  10   9   8   8   7   6   6   5  12  12  12  11  10  10   7   7   6   6   6   6  
 6   5   4   3   2   2   2   2   1   1   0   0   7   7   7   6   5   5   3   2   2   1   1   8   8   8   7   7   7   7   6   6   5   5   4   3   3   2   8   8   7   7   7   6   6   5   3   3   3   9   9   9   8   8   8   7   7   6   5   5  10  10   9   8   8   7   6   6   5  12  12  12  11  10  10   7   7   6   6   6   6  
 1   2   3   4   5   5   5   5   6   6   7   7   0   0   0   1   2   2   4   5   5   6   6   1   1   1   2   2   2   2   3   3   4   4   5   6   6   7   3   3   4   4   4   5   5   6   8   8   8   4   4   4   5   5   5   6   6   7   8   8   5   5   6   7   7   8   9   9  10   5   5   5   6   7   7  10  10  11  11  11  11  
 1   2   3   4   5   5   5   5   6   6   7   7   0   0   0   1   2   2   4   5   5   6   6   1   1   1   2   2   2   2   3   3   4   4   5   6   6   7   3   3   4   4   4   5   5   6   8   8   8   4   4   4   5   5   5   6   6   7   8   8   5   5   6   7   7   8   9   9  10   5   5   5   6   7   7  10  10  11  11  11  11  
 1   2   3   4   5   5   5   5   6   6   7   7   0   0   0   1   2   2   4   5   5   6   6   1   1   1   2   2   2   2   3   3   4   4   5   6   6   7   3   3   4   4   4   5   5   6   8   8   8   4   4   4   5   5   5   6   6   7   8   8   5   5   6   7   7   8   9   9  10   5   5   5   6   7   7  10  10  11  11  11  11  
 2   1   2   3   4   4   4   4   5   5   6   6   1   1   1   0   1   1   3   4   4   5   5   2   2   2   1   1   1   1   2   2   3   3   4   5   5   6   2   2   3   3   3   4   4   5   7   7   7   3   3   3   4   4   4   5   5   6   7   7   4   4   5   6   6   7   8   8   9   6   6   6   5   6   6   9   9  10  10  10  10  
 3   2   1   2   3   3   3   3   4   4   5   5   2   2   2   1   0   0   2   3   3   4   4   3   3   3   2   2   2   2   1   1   2   2   3   4   4   5   3   3   2   2   2   3   3   4   6   6   6   4   4   4   3   3   3   4   4   5   6   6   5   5   4   5   5   6   7   7   8   7   7   7   6   5   5   8   8   9   9   9   9  
 3   2   1   2   3   3   3   3   4   4   5   5   2   2   2   1   0   0   2   3   3   4   4   3   3   3   2   2   2   2   1   1   2   2   3   4   4   5   3   3   2   2   2   3   3   4   6   6   6   4   4   4   3   3   3   4   4   5   6   6   5   5   4   5   5   6   7   7   8   7   7   7   6   5   5   8   8   9   9   9   9  
 5   4   3   2   1   1   1   1   2   2   3   3   4   4   4   3   2   2   0   1   1   2   2   5   5   5   4   4   4   4   3   3   2   2   1   2   2   3   5   5   4   4   4   3   3   2   4   4   4   6   6   6   5   5   5   4   4   3   4   4   7   7   6   5   5   4   5   5   6   9   9   9   8   7   7   6   6   7   7   7   7  
 6   5   4   3   2   2   2   2   1   1   2   2   5   5   5   4   3   3   1   0   0   1   1   6   6   6   5   5   5   5   4   4   3   3   2   1   1   2   6   6   5   5   5   4   4   3   3   3   3   7   7   7   6   6   6   5   5   4   3   3   8   8   7   6   6   5   4   4   5  10  10  10   9   8   8   5   5   6   6   6   6  
 6   5   4   3   2   2   2   2   1   1   2   2   5   5   5   4   3   3   1   0   0   1   1   6   6   6   5   5   5   5   4   4   3   3   2   1   1   2   6   6   5   5   5   4   4   3   3   3   3   7   7   7   6   6   6   5   5   4   3   3   8   8   7   6   6   5   4   4   5  10  10  10   9   8   8   5   5   6   6   6   6  
 7   6   5   4   3   3   3   3   2   2   1   1   6   6   6   5   4   4   2   1   1   0   0   7   7   7   6   6   6   6   5   5   4   4   3   2   2   1   7   7   6   6   6   5   5   4   2   2   2   8   8   8   7   7   7   6   6   5   4   4   9   9   8   7   7   6   5   5   4  11  11  11  10   9   9   6   6   5   5   5   5  
 7   6   5   4   3   3   3   3   2   2   1   1   6   6   6   5   4   4   2   1   1   0   0   7   7   7   6   6   6   6   5   5   4   4   3   2   2   1   7   7   6   6   6   5   5   4   2   2   2   8   8   8   7   7   7   6   6   5   4   4   9   9   8   7   7   6   5   5   4  11  11  11  10   9   9   6   6   5   5   5   5  
 2   3   4   5   6   6   6   6   7   7   8   8   1   1   1   2   3   3   5   6   6   7   7   0   0   0   1   1   1   1   2   2   3   3   4   5   5   6   2   2   3   3   3   4   4   5   7   7   7   3   3   3   4   4   4   5   5   6   7   7   4   4   5   6   6   7   8   8   9   4   4   4   5   6   6   9   9  10  10  10  10  
 2   3   4   5   6   6   6   6   7   7   8   8   1   1   1   2   3   3   5   6   6   7   7   0   0   0   1   1   1   1   2   2   3   3   4   5   5   6   2   2   3   3   3   4   4   5   7   7   7   3   3   3   4   4   4   5   5   6   7   7   4   4   5   6   6   7   8   8   9   4   4   4   5   6   6   9   9  10  10  10  10  
 2   3   4   5   6   6   6   6   7   7   8   8   1   1   1   2   3   3   5   6   6   7   7   0   0   0   1   1   1   1   2   2   3   3   4   5   5   6   2   2   3   3   3   4   4   5   7   7   7   3   3   3   4   4   4   5   5   6   7   7   4   4   5   6   6   7   8   8   9   4   4   4   5   6   6   9   9  10  10  10  10  
 3   2   3   4   5   5   5   5   6   6   7   7   2   2   2   1   2   2   4   5   5   6   6   1   1   1   0   0   0   0   1   1   2   2   3   4   4   5   1   1   2   2   2   3   3   4   6   6   6   2   2   2   3   3   3   4   4   5   6   6   3   3   4   5   5   6   7   7   8   5   5   5   4   5   5   8   8   9   9   9   9  
 3   2   3   4   5   5   5   5   6   6   7   7   2   2   2   1   2   2   4   5   5   6   6   1   1   1   0   0   0   0   1   1   2   2   3   4   4   5   1   1   2   2   2   3   3   4   6   6   6   2   2   2   3   3   3   4   4   5   6   6   3   3   4   5   5   6   7   7   8   5   5   5   4   5   5   8   8   9   9   9   9  
 3   2   3   4   5   5   5   5   6   6   7   7   2   2   2   1   2   2   4   5   5   6   6   1   1   1   0   0   0   0   1   1   2   2   3   4   4   5   1   1   2   2   2   3   3   4   6   6   6   2   2   2   3   3   3   4   4   5   6   6   3   3   4   5   5   6   7   7   8   5   5   5   4   5   5   8   8   9   9   9   9  
 3   2   3   4   5   5   5   5   6   6   7   7   2   2   2   1   2   2   4   5   5   6   6   1   1   1   0   0   0   0   1   1   2   2   3   4   4   5   1   1   2   2   2   3   3   4   6   6   6   2   2   2   3   3   3   4   4   5   6   6   3   3   4   5   5   6   7   7   8   5   5   5   4   5   5   8   8   9   9   9   9  
 4   3   2   3   4   4   4   4   5   5   6   6   3   3   3   2   1   1   3   4   4   5   5   2   2   2   1   1   1   1   0   0   1   1   2   3   3   4   2   2   1   1   1   2   2   3   5   5   5   3   3   3   2   2   2   3   3   4   5   5   4   4   3   4   4   5   6   6   7   6   6   6   5   4   4   7   7   8   8   8   8  
 4   3   2   3   4   4   4   4   5   5   6   6   3   3   3   2   1   1   3   4   4   5   5   2   2   2   1   1   1   1   0   0   1   1   2   3   3   4   2   2   1   1   1   2   2   3   5   5   5   3   3   3   2   2   2   3   3   4   5   5   4   4   3   4   4   5   6   6   7   6   6   6   5   4   4   7   7   8   8   8   8  
 5   4   3   2   3   3   3   3   4   4   5   5   4   4   4   3   2   2   2   3   3   4   4   3   3   3   2   2   2   2   1   1   0   0   1   2   2   3   3   3   2   2   2   1   1   2   4   4   4   4   4   4   3   3   3   2   2   3   4   4   5   5   4   3   3   4   5   5   6   7   7   7   6   5   5   6   6   7   7   7   7  
 5   4   3   2   3   3   3   3   4   4   5   5   4   4   4   3   2   2   2   3   3   4   4   3   3   3   2   2   2   2   1   1   0   0   1   2   2   3   3   3   2   2   2   1   1   2   4   4   4   4   4   4   3   3   3   2   2   3   4   4   5   5   4   3   3   4   5   5   6   7   7   7   6   5   5   6   6   7   7   7   7  
 6   5   4   3   2   2   2   2   3   3   4   4   5   5   5   4   3   3   1   2   2   3   3   4   4   4   3   3   3   3   2   2   1   1   0   1   1   2   4   4   3   3   3   2   2   1   3   3   3   5   5   5   4   4   4   3   3   2   3   3   6   6   5   4   4   3   4   4   5   8   8   8   7   6   6   5   5   6   6   6   6  
 7   6   5   4   3   3   3   3   2   2   3   3   6   6   6   5   4   4   2   1   1   2   2   5   5   5   4   4   4   4   3   3   2   2   1   0   0   1   5   5   4   4   4   3   3   2   2   2   2   6   6   6   5   5   5   4   4   3   2   2   7   7   6   5   5   4   3   3   4   9   9   9   8   7   7   4   4   5   5   5   5  
 7   6   5   4   3   3   3   3   2   2   3   3   6   6   6   5   4   4   2   1   1   2   2   5   5   5   4   4   4   4   3   3   2   2   1   0   0   1   5   5   4   4   4   3   3   2   2   2   2   6   6   6   5   5   5   4   4   3   2   2   7   7   6   5   5   4   3   3   4   9   9   9   8   7   7   4   4   5   5   5   5  
 8   7   6   5   4   4   4   4   3   3   2   2   7   7   7   6   5   5   3   2   2   1   1   6   6   6   5   5   5   5   4   4   3   3   2   1   1   0   6   6   5   5   5   4   4   3   1   1   1   7   7   7   6   6   6   5   5   4   3   3   8   8   7   6   6   5   4   4   3  10  10  10   9   8   8   5   5   4   4   4   4  
 4   3   4   5   6   6   6   6   7   7   8   8   3   3   3   2   3   3   5   6   6   7   7   2   2   2   1   1   1   1   2   2   3   3   4   5   5   6   0   0   1   1   1   2   2   3   5   5   5   1   1   1   2   2   2   3   3   4   5   5   2   2   3   4   4   5   6   6   7   4   4   4   3   4   4   7   7   8   8   8   8  
 4   3   4   5   6   6   6   6   7   7   8   8   3   3   3   2   3   3   5   6   6   7   7   2   2   2   1   1   1   1   2   2   3   3   4   5   5   6   0   0   1   1   1   2   2   3   5   5   5   1   1   1   2   2   2   3   3   4   5   5   2   2   3   4   4   5   6   6   7   4   4   4   3   4   4   7   7   8   8   8   8  
 5   4   3   4   5   5   5   5   6   6   7   7   4   4   4   3   2   2   4   5   5   6   6   3   3   3   2   2   2   2   1   1   2   2   3   4   4   5   1   1   0   0   0   1   1   2   4   4   4   2   2   2   1   1   1   2   2   3   4   4   3   3   2   3   3   4   5   5   6   5   5   5   4   3   3   6   6   7   7   7   7  
 5   4   3   4   5   5   5   5   6   6   7   7   4   4   4   3   2   2   4   5   5   6   6   3   3   3   2   2   2   2   1   1   2   2   3   4   4   5   1   1   0   0   0   1   1   2   4   4   4   2   2   2   1   1   1   2   2   3   4   4   3   3   2   3   3   4   5   5   6   5   5   5   4   3   3   6   6   7   7   7   7  
 5   4   3   4   5   5   5   5   6   6   7   7   4   4   4   3   2   2   4   5   5   6   6   3   3   3   2   2   2   2   1   1   2   2   3   4   4   5   1   1   0   0   0   1   1   2   4   4   4   2   2   2   1   1   1   2   2   3   4   4   3   3   2   3   3   4   5   5   6   5   5   5   4   3   3   6   6   7   7   7   7  
 6   5   4   3   4   4   4   4   5   5   6   6   5   5   5   4   3   3   3   4   4   5   5   4   4   4   3   3   3   3   2   2   1   1   2   3   3   4   2   2   1   1   1   0   0   1   3   3   3   3   3   3   2   2   2   1   1   2   3   3   4   4   3   2   2   3   4   4   5   6   6   6   5   4   4   5   5   6   6   6   6  
 6   5   4   3   4   4   4   4   5   5   6   6   5   5   5   4   3   3   3   4   4   5   5   4   4   4   3   3   3   3   2   2   1   1   2   3   3   4   2   2   1   1   1   0   0   1   3   3   3   3   3   3   2   2   2   1   1   2   3   3   4   4   3   2   2   3   4   4   5   6   6   6   5   4   4   5   5   6   6   6   6  
 7   6   5   4   3   3   3   3   4   4   5   5   6   6   6   5   4   4   2   3   3   4   4   5   5   5   4   4   4   4   3   3   2   2   1   2   2   3   3   3   2   2   2   1   1   0   2   2   2   4   4   4   3   3   3   2   2   1   2   2   5   5   4   3   3   2   3   3   4   7   7   7   6   5   5   4   4   5   5   5   5  
 9   8   7   6   5   5   5   5   4   4   3   3   8   8   8   7   6   6   4   3   3   2   2   7   7   7   6   6   6   6   5   5   4   4   3   2   2   1   5   5   4   4   4   3   3   2   0   0   0   6   6   6   5   5   5   4   4   3   2   2   7   7   6   5   5   4   3   3   2   9   9   9   8   7   7   4   4   3   3   3   3  
 9   8   7   6   5   5   5   5   4   4   3   3   8   8   8   7   6   6   4   3   3   2   2   7   7   7   6   6   6   6   5   5   4   4   3   2   2   1   5   5   4   4   4   3   3   2   0   0   0   6   6   6   5   5   5   4   4   3   2   2   7   7   6   5   5   4   3   3   2   9   9   9   8   7   7   4   4   3   3   3   3  
 9   8   7   6   5   5   5   5   4   4   3   3   8   8   8   7   6   6   4   3   3   2   2   7   7   7   6   6   6   6   5   5   4   4   3   2   2   1   5   5   4   4   4   3   3   2   0   0   0   6   6   6   5   5   5   4   4   3   2   2   7   7   6   5   5   4   3   3   2   9   9   9   8   7   7   4   4   3   3   3   3  
 5   4   5   6   7   7   7   7   8   8   9   9   4   4   4   3   4   4   6   7   7   8   8   3   3   3   2   2   2   2   3   3   4   4   5   6   6   7   1   1   2   2   2   3   3   4   6   6   6   0   0   0   1   1   1   2   2   3   4   4   1   1   2   3   3   4   5   5   6   3   3   3   2   3   3   6   6   7   7   7   7  
 5   4   5   6   7   7   7   7   8   8   9   9   4   4   4   3   4   4   6   7   7   8   8   3   3   3   2   2   2   2   3   3   4   4   5   6   6   7   1   1   2   2   2   3   3   4   6   6   6   0   0   0   1   1   1   2   2   3   4   4   1   1   2   3   3   4   5   5   6   3   3   3   2   3   3   6   6   7   7   7   7  
 5   4   5   6   7   7   7   7   8   8   9   9   4   4   4   3   4   4   6   7   7   8   8   3   3   3   2   2   2   2   3   3   4   4   5   6   6   7   1   1   2   2   2   3   3   4   6   6   6   0   0   0   1   1   1   2   2   3   4   4   1   1   2   3   3   4   5   5   6   3   3   3   2   3   3   6   6   7   7   7   7  
 6   5   4   5   6   6   6   6   7   7   8   8   5   5   5   4   3   3   5   6   6   7   7   4   4   4   3   3   3   3   2   2   3   3   4   5   5   6   2   2   1   1   1   2   2   3   5   5   5   1   1   1   0   0   0   1   1   2   3   3   2   2   1   2   2   3   4   4   5   4   4   4   3   2   2   5   5   6   6   6   6  
 6   5   4   5   6   6   6   6   7   7   8   8   5   5   5   4   3   3   5   6   6   7   7   4   4   4   3   3   3   3   2   2   3   3   4   5   5   6   2   2   1   1   1   2   2   3   5   5   5   1   1   1   0   0   0   1   1   2   3   3   2   2   1   2   2   3   4   4   5   4   4   4   3   2   2   5   5   6   6   6   6  
 6   5   4   5   6   6   6   6   7   7   8   8   5   5   5   4   3   3   5   6   6   7   7   4   4   4   3   3   3   3   2   2   3   3   4   5   5   6   2   2   1   1   1   2   2   3   5   5   5   1   1   1   0   0   0   1   1   2   3   3   2   2   1   2   2   3   4   4   5   4   4   4   3   2   2   5   5   6   6   6   6  
 7   6   5   4   5   5   5   5   6   6   7   7   6   6   6   5   4   4   4   5   5   6   6   5   5   5   4   4   4   4   3   3   2   2   3   4   4   5   3   3   2   2   2   1   1   2   4   4   4   2   2   2   1   1   1   0   0   1   2   2   3   3   2   1   1   2   3   3   4   5   5   5   4   3   3   4   4   5   5   5   5  
 7   6   5   4   5   5   5   5   6   6   7   7   6   6   6   5   4   4   4   5   5   6   6   5   5   5   4   4   4   4   3   3   2   2   3   4   4   5   3   3   2   2   2   1   1   2   4   4   4   2   2   2   1   1   1   0   0   1   2   2   3   3   2   1   1   2   3   3   4   5   5   5   4   3   3   4   4   5   5   5   5  
 8   7   6   5   4   4   4   4   5   5   6   6   7   7   7   6   5   5   3   4   4   5   5   6   6   6   5   5   5   5   4   4   3   3   2   3   3   4   4   4   3   3   3   2   2   1   3   3   3   3   3   3   2   2   2   1   1   0   1   1   4   4   3   2   2   1   2   2   3   6   6   6   5   4   4   3   3   4   4   4   4  
 9   8   7   6   5   5   5   5   4   4   5   5   8   8   8   7   6   6   4   3   3   4   4   7   7   7   6   6   6   6   5   5   4   4   3   2   2   3   5   5   4   4   4   3   3   2   2   2   2   4   4   4   3   3   3   2   2   1   0   0   5   5   4   3   3   2   1   1   2   7   7   7   6   5   5   2   2   3   3   3   3  
 9   8   7   6   5   5   5   5   4   4   5   5   8   8   8   7   6   6   4   3   3   4   4   7   7   7   6   6   6   6   5   5   4   4   3   2   2   3   5   5   4   4   4   3   3   2   2   2   2   4   4   4   3   3   3   2   2   1   0   0   5   5   4   3   3   2   1   1   2   7   7   7   6   5   5   2   2   3   3   3   3  
 6   5   6   7   8   8   8   8   9   9  10  10   5   5   5   4   5   5   7   8   8   9   9   4   4   4   3   3   3   3   4   4   5   5   6   7   7   8   2   2   3   3   3   4   4   5   7   7   7   1   1   1   2   2   2   3   3   4   5   5   0   0   1   2   2   3   4   4   5   2   2   2   1   2   2   5   5   6   6   6   6  
 6   5   6   7   8   8   8   8   9   9  10  10   5   5   5   4   5   5   7   8   8   9   9   4   4   4   3   3   3   3   4   4   5   5   6   7   7   8   2   2   3   3   3   4   4   5   7   7   7   1   1   1   2   2   2   3   3   4   5   5   0   0   1   2   2   3   4   4   5   2   2   2   1   2   2   5   5   6   6   6   6  
 7   6   5   6   7   7   7   7   8   8   9   9   6   6   6   5   4   4   6   7   7   8   8   5   5   5   4   4   4   4   3   3   4   4   5   6   6   7   3   3   2   2   2   3   3   4   6   6   6   2   2   2   1   1   1   2   2   3   4   4   1   1   0   1   1   2   3   3   4   3   3   3   2   1   1   4   4   5   5   5   5  
 8   7   6   5   6   6   6   6   7   7   8   8   7   7   7   6   5   5   5   6   6   7   7   6   6   6   5   5   5   5   4   4   3   3   4   5   5   6   4   4   3   3   3   2   2   3   5   5   5   3   3   3   2   2   2   1   1   2   3   3   2   2   1   0   0   1   2   2   3   4   4   4   3   2   2   3   3   4   4   4   4  
 8   7   6   5   6   6   6   6   7   7   8   8   7   7   7   6   5   5   5   6   6   7   7   6   6   6   5   5   5   5   4   4   3   3   4   5   5   6   4   4   3   3   3   2   2   3   5   5   5   3   3   3   2   2   2   1   1   2   3   3   2   2   1   0   0   1   2   2   3   4   4   4   3   2   2   3   3   4   4   4   4  
 9   8   7   6   5   5   5   5   6   6   7   7   8   8   8   7   6   6   4   5   5   6   6   7   7   7   6   6   6   6   5   5   4   4   3   4   4   5   5   5   4   4   4   3   3   2   4   4   4   4   4   4   3   3   3   2   2   1   2   2   3   3   2   1   1   0   1   1   2   5   5   5   4   3   3   2   2   3   3   3   3  
10   9   8   7   6   6   6   6   5   5   6   6   9   9   9   8   7   7   5   4   4   5   5   8   8   8   7   7   7   7   6   6   5   5   4   3   3   4   6   6   5   5   5   4   4   3   3   3   3   5   5   5   4   4   4   3   3   2   1   1   4   4   3   2   2   1   0   0   1   6   6   6   5   4   4   1   1   2   2   2   2  
10   9   8   7   6   6   6   6   5   5   6   6   9   9   9   8   7   7   5   4   4   5   5   8   8   8   7   7   7   7   6   6   5   5   4   3   3   4   6   6   5   5   5   4   4   3   3   3   3   5   5   5   4   4   4   3   3   2   1   1   4   4   3   2   2   1   0   0   1   6   6   6   5   4   4   1   1   2   2   2   2  
11  10   9   8   7   7   7   7   6   6   5   5  10  10  10   9   8   8   6   5   5   4   4   9   9   9   8   8   8   8   7   7   6   6   5   4   4   3   7   7   6   6   6   5   5   4   2   2   2   6   6   6   5   5   5   4   4   3   2   2   5   5   4   3   3   2   1   1   0   7   7   7   6   5   5   2   2   1   1   1   1  
 6   7   8   9  10  10  10  10  11  11  12  12   5   5   5   6   7   7   9  10  10  11  11   4   4   4   5   5   5   5   6   6   7   7   8   9   9  10   4   4   5   5   5   6   6   7   9   9   9   3   3   3   4   4   4   5   5   6   7   7   2   2   3   4   4   5   6   6   7   0   0   0   1   2   2   5   5   6   6   6   6  
 6   7   8   9  10  10  10  10  11  11  12  12   5   5   5   6   7   7   9  10  10  11  11   4   4   4   5   5   5   5   6   6   7   7   8   9   9  10   4   4   5   5   5   6   6   7   9   9   9   3   3   3   4   4   4   5   5   6   7   7   2   2   3   4   4   5   6   6   7   0   0   0   1   2   2   5   5   6   6   6   6  
 6   7   8   9  10  10  10  10  11  11  12  12   5   5   5   6   7   7   9  10  10  11  11   4   4   4   5   5   5   5   6   6   7   7   8   9   9  10   4   4   5   5   5   6   6   7   9   9   9   3   3   3   4   4   4   5   5   6   7   7   2   2   3   4   4   5   6   6   7   0   0   0   1   2   2   5   5   6   6   6   6  
 7   6   7   8   9   9   9   9  10  10  11  11   6   6   6   5   6   6   8   9   9  10  10   5   5   5   4   4   4   4   5   5   6   6   7   8   8   9   3   3   4   4   4   5   5   6   8   8   8   2   2   2   3   3   3   4   4   5   6   6   1   1   2   3   3   4   5   5   6   1   1   1   0   1   1   4   4   5   5   5   5  
 8   7   6   7   8   8   8   8   9   9  10  10   7   7   7   6   5   5   7   8   8   9   9   6   6   6   5   5   5   5   4   4   5   5   6   7   7   8   4   4   3   3   3   4   4   5   7   7   7   3   3   3   2   2   2   3   3   4   5   5   2   2   1   2   2   3   4   4   5   2   2   2   1   0   0   3   3   4   4   4   4  
 8   7   6   7   8   8   8   8   9   9  10  10   7   7   7   6   5   5   7   8   8   9   9   6   6   6   5   5   5   5   4   4   5   5   6   7   7   8   4   4   3   3   3   4   4   5   7   7   7   3   3   3   2   2   2   3   3   4   5   5   2   2   1   2   2   3   4   4   5   2   2   2   1   0   0   3   3   4   4   4   4  
11  10   9   8   7   7   7   7   6   6   7   7  10  10  10   9   8   8   6   5   5   6   6   9   9   9   8   8   8   8   7   7   6   6   5   4   4   5   7   7   6   6   6   5   5   4   4   4   4   6   6   6   5   5   5   4   4   3   2   2   5   5   4   3   3   2   1   1   2   5   5   5   4   3   3   0   0   1   1   1   1  
11  10   9   8   7   7   7   7   6   6   7   7  10  10  10   9   8   8   6   5   5   6   6   9   9   9   8   8   8   8   7   7   6   6   5   4   4   5   7   7   6   6   6   5   5   4   4   4   4   6   6   6   5   5   5   4   4   3   2   2   5   5   4   3   3   2   1   1   2   5   5   5   4   3   3   0   0   1   1   1   1  
12  11  10   9   8   8   8   8   7   7   6   6  11  11  11  10   9   9   7   6   6   5   5  10  10  10   9   9   9   9   8   8   7   7   6   5   5   4   8   8   7   7   7   6   6   5   3   3   3   7   7   7   6   6   6   5   5   4   3   3   6   6   5   4   4   3   2   2   1   6   6   6   5   4   4   1   1   0   0   0   0  
12  11  10   9   8   8   8   8   7   7   6   6  11  11  11  10   9   9   7   6   6   5   5  10  10  10   9   9   9   9   8   8   7   7   6   5   5   4   8   8   7   7   7   6   6   5   3   3   3   7   7   7   6   6   6   5   5   4   3   3   6   6   5   4   4   3   2   2   1   6   6   6   5   4   4   1   1   0   0   0   0  
12  11  10   9   8   8   8   8   7   7   6   6  11  11  11  10   9   9   7   6   6   5   5  10  10  10   9   9   9   9   8   8   7   7   6   5   5   4   8   8   7   7   7   6   6   5   3   3   3   7   7   7   6   6   6   5   5   4   3   3   6   6   5   4   4   3   2   2   1   6   6   6   5   4   4   1   1   0   0   0   0  
12  11  10   9   8   8   8   8   7   7   6   6  11  11  11  10   9   9   7   6   6   5   5  10  10  10   9   9   9   9   8   8   7   7   6   5   5   4   8   8   7   7   7   6   6   5   3   3   3   7   7   7   6   6   6   5   5   4   3   3   6   6   5   4   4   3   2   2   1   6   6   6   5   4   4   1   1   0   0   0   0  

 0  18  20   4   0   0   1   0   0   0   0   0   0   0   0   0   0   0   0   0   0   0   0   0   5   0   0   0   0   0   0   0   0   0   0   0   0   0   0   0   0   0   0   0   0   0   0   0   0   0   0   0   0   0   0   0   0   0   0   0   0   0   0   0   0   0   0   0   0   0   0   0   0   0   0   0   0   0   0   0   0  
18   0  17   0   0   1   5   0   0   0   0   0   0   2   0   0   0   0   0   0   0   0   0   0   0   0   0   0   0   0   0   0   0   0   0   0   0   0   0   0   0   0   0   0   0   0   0   0   0   0   0   0   0   0   0   0   0   0   0   0   0   0   0   0   0   0   0   0   0   0   0   0   0   0   0   0   0   0   1   0   0  
20  17   0   0   0   0   3   2   0   0   0   0   0   0   0   0   0   0   0   0   0   0   0   0   0   0   0   0   0   0   0   0   0   0   0   0   0   0   0   0   0   0   0   0   0   0   0   0   0   0   0   0   0   0   0   0   0   0   0   0   0   0   0   0   0   0   0   0   0   0   0   0   0   0   0   0   0   0   0   0   0  
 4   0   0   0   2   4   0   1   1   0   0   0   0   0   0   0   0   0   0   0   0   0   0   0   0   4   0   0   0   0   0   0   3   0   0   0   0   0   0   0   0   0   0   0   0   0   0   0   0   0   0   0   0   0   0   0   0   0   0   0   0   0   0   0   0   0   0   0   0   0   0   0   0   0   0   4   0   2   0   0   0  
 0   0   0   2   0   1   3   0   4   0   0   0   0   0   0   0   0   0   0   0   0   0   0   0   0   0   0   0   0   0   0   0   0   0   0   0   0   0   0   0   0   0   0   0   0   0   0   0   0   0   0   0   0   0   0   0   0   0   0   0   0   0   0   0   0   4   0   0   5   0   0   0   0   0   0   0   0   0   0   0   0  
 0   1   0   4   1   0   0   0   0   0   0   0   3   0   0   0   2   0   1   0   0   0   2   0   0   0   0   0   0   0   0   0   0   0   0   0   0   0   0   0   0   0   0   0   0   0   0   0   0   0   0   0   0   0   0   0   0   0   0   0   0   0   0   0   0   0   0   0   0   0   0   0   0   0   0   0   0   0   0   0   0  
 1   5   3   0   3   0   0  18  16   0   0   0   0   0   0   0   0   0   0   0   0   0   0   2   0   0   0   0   0   0   0   0   0   0   0   0   0   0   0   0   0   0   0   0   0   0   0   0   0   0   0   0   0   0   0   0   0   0   0   0   0   0   0   0   0   0   0   0   0   0   0   0   0   0   0   0   0   0   0   0   0  
 0   0   2   1   0   0  18   0   4   0   0   0   0   0   0   0   0   0   0   0   0   0   0   0   0   0   0   0   0   0   0   0   0   0   0   0   0   0   0   0   0   0   0   0   0   0   0   0   0   0   0   0   0   0   0   0   0   0   0   0   5   0   0   0   0   0   0   0   0   0   0   0   0   0   0   0   0   0   0   0   0  
 0   0   0   1   4   0  16   4   0   0   0   0   0   0   0   0   0   0   0   0   0   0   0   0   0   0   0   0   0   0   0   0   0   0   0   0   0   0   0   0   0   0   0   0   0   0   0   0   0   0   0   1   0   0   0   0   0   0   0   0   0   0   0   0   0   0   0   0   0   0   0   0   0   0   0   0   0   0   0   0   0  
 0   0   0   0   0   0   0   0   0   0  16  18   0   0   0   0   5   2   0   0   0   0   0   0   0   0   0   0   0   0   0   0   0   0   0   0   0   0   0   0   0   0   4   0   0   0   0   0   0   0   0   0   0   0   0   0   0   0   0   0   0   0   3   0   0   0   0   0   0   0   0   0   0   0   0   0   0   0   0   0   0  
 0   0   0   0   0   0   0   0   0  16   0   8   1   0   0   0   1   0   0   0   0   0   0   3   4   0   0   0   0   0   0   0   0   0   0   0   0   0   0   0   0   0   0   0   0   0   0   0   0   0   0   0   0   0   0   0   0   0   0   0   0   0   0   0   0   0   0   0   0   0   0   0   0   0   0   0   0   0   0   0   0  
 0   0   0   0   0   0   0   0   0  18   8   0   0   0   0   0   0   0   0   0   0   0   0   0   0   0   0   0   0   0   0   0   0   0   0   0   0   0   0   0   0   0   0   0   0   0   0   3   0   0   0   0   0   0   0   0   0   0   0   0   0   0   0   0   4   0   0   0   0   0   0   0   0   0   0   0   0   0   0   0   0  
 0   0   0   0   0   3   0   0   0   0   1   0   0  14   8   0   4   0   0   0   0   0   0   0   0   0   0   0   0   0   0   0   0   0   0   0   0   0   0   0   0   0   0   0   0   0   0   0   0   0   0   0   0   0   0   0   0   3   0   0   0   2   0   0   0   0   0   0   0   0   0   0   0   0   0   0   0   0   0   0   0  
 0   2   0   0   0   0   0   0   0   0   0   0  14   0  11   0   0   0   0   0   0   0   0   0   0   0   0   0   0   0   0   0   0   0   0   0   0   0   0   0   0   0   0   0   0   0   0   0   0   0   0   0   0   0   0   0   0   0   0   0   0   0   0   1   0   0   0   1   0   0   0   0   0   0   0   0   0   0   0   0   0  
 0   0   0   0   0   0   0   0   0   0   0   0   8  11   0   0   0   0   0   0   0   0   0   0   0   0   0   0   0   0   0   0   0   0   0   0   0   0   0   0   0   0   0   0   0   0   0   0   0   0   5   0   0   0   0   0   0   0   4   0   0   0   0   5   0   0   0   2   0   0   0   0   0   0   2   0   0   0   0   0   0  
 0   0   0   0   0   0   0   0   0   0   0   0   0   0   0   0   7  14   0   0   0   0   0   0   0   0   5   0   0   0   0   0   0   0   0   0   0   0   3   0   0   0   0   0   0   0   0   0   0   0   0   0   0   0   0   0   0   0   0   0   0   0   0   0   0   0   0   0   0   0   0   0   0   0   0   0   0   0   0   0   0  
 0   0   0   0   0   2   0   0   0   5   1   0   4   0   0   7   0  15   1   0   0   0   4   0   0   4   0   0   0   0   0   0   0   0   0   0   0   0   0   0   0   0   0   0   0   0   0   0   0   0   0   0   0   0   5   0   0   0   0   0   0   0   0   0   0   0   0   0   0   0   0   0   5   0   0   0   0   0   0   0   0  
 0   0   0   0   0   0   0   0   0   2   0   0   0   0   0  14  15   0   0   0   0   0   0   0   0   0   0   0   0   0   0   0   0   0   0   0   0   0   0   0   0   0   0   0   0   0   0   0   0   0   0   0   0   0   0   0   0   0   0   0   0   0   0   0   0   0   0   0   0   0   0   0   0   0   0   0   0   0   0   0   0  
 0   0   0   0   0   1   0   0   0   0   0   0   0   0   0   0   1   0   0  12  16   0   0   0   0   0   0   0   0   0   0   0   0   0   0   0   0   0   0   0   0   0   0   0   0   0   0   0   0   0   0   0   0   0   1   0   0   0   0   0   0   0   0   0   0   0   0   1   0   0   0   0   0   0   0   0   0   0   0   0   0  
 0   0   0   0   0   0   0   0   0   0   0   0   0   0   0   0   0   0  12   0  15   0   5   0   1   2   1   0   0   0   0   0   0   0   0   0   0   0   0   0   0   0   0   0   0   0   0   0   0   0   0   0   0   0   0   0   0   0   0   0   0   0   0   0   0   0   0   0   0   0   0   0   0   0   0   0   0   0   0   0   0  
 0   0   0   0   0   0   0   0   0   0   0   0   0   0   0   0   0   0  16  15   0   0   0   2   0   2   0   0   0   0   0   0   5   0   0   0   0   0   0   0   0   0   0   0   0   0   0   0   0   0   0   0   0   0   0   0   0   0   0   0   0   0   0   0   0   0   0   0   0   0   0   0   0   0   0   0   0   0   0   0   0  
 0   0   0   0   0   0   0   0   0   0   0   0   0   0   0   0   0   0   0   0   0   0  19  15   0   0   0   0   0   0   0   0   0   0   0   0   0   0   0   0   0   0   0   0   0   0   0   0   0   0   0   0   0   0   0   0   0   0   0   0   0   0   0   0   0   0   0   0   0   0   0   0   0   0   0   0   0   0   0   0   0  
 0   0   0   0   0   2   0   0   0   0   0   0   0   0   0   0   4   0   0   5   0  19   0  10   0   3   0   0   0   0   0   0   0   0   0   0   0   0   0   0   0   0   0   0   0   0   0   0   0   0   0   0   0   0   0   0   0   0   0   0   0   0   0   0   0   0   0   0   0   0   0   0   0   0   0   0   0   0   0   0   0  
 0   0   0   0   0   0   2   0   0   0   3   0   0   0   0   0   0   0   0   0   2  15  10   0   5   0   1   0   0   0   0   0   0   0   0   0   0   0   0   0   0   0   0   0   0   0   0   0   0   0   0   3   0   0   0   0   0   0   0   0   0   0   5   0   0   0   0   0   0   0   0   0   0   0   0   0   0   0   0   0   0  
 5   0   0   0   0   0   0   0   0   0   4   0   0   0   0   0   0   0   0   1   0   0   0   5   0  11  14   0   0   0   0   0   0   0   0   0   0   0   0   0   0   0   0   0   0   1   0   0   0   0   0   0   0   0   0   0   0   0   0   0   0   0   0   0   0   0   0   0   0   0   0   0   0   0   0   0   0   0   0   0   0  
 0   0   0   4   0   0   0   0   0   0   0   0   0   0   0   0   4   0   0   2   2   0   3   0  11   0   6   0   0   0   0   0   0   0   0   0   0   0   0   0   0   0   0   0   0   0   0   0   0   0   0   0   0   0   5   0   0   0   0   0   0   0   0   0   0   0   0   0   0   0   0   0   0   0   0   0   0   0   0   0   0  
 0   0   0   0   0   0   0   0   0   0   0   0   0   0   0   5   0   0   0   1   0   0   0   1  14   6   0   0   0   0   0   1   0   4   0   0   0   0   0   0   0   0   0   0   0   0   0   0   0   0   0   0   0   0   0   0   0   0   0   0   0   0   0   0   0   0   0   0   0   0   0   0   0   0   0   0   0   0   0   0   0  
 0   0   0   0   0   0   0   0   0   0   0   0   0   0   0   0   0   0   0   0   0   0   0   0   0   0   0   0  17  16   0   0   0   0   4   0   0   0   0   0   1   0   0   0   0   0   5   4   0   0   0   0   0   5   0   0   0   0   0   0   0   0   0   0   0   0   0   0   0   0   0   0   0   0   0   0   0   0   0   0   0  
 0   0   0   0   0   0   0   0   0   0   0   0   0   0   0   0   0   0   0   0   0   0   0   0   0   0   0  17   0  16   0   5   0   0   0   0   0   0   0   0   0   0   0   0   0   0   0   0   0   0   0   0   0   0   0   2   0   0   0   0   0   0   0   0   0   0   0   0   0   0   0   0   0   0   0   0   0   0   0   0   0  
 0   0   0   0   0   0   0   0   0   0   0   0   0   0   0   0   0   0   0   0   0   0   0   0   0   0   0  16  16   0   0   0   2   0   0   0   0   0   0   0   0   0   0   0   0   0   0   0   0   0   0   0   0   0   0   0   0   0   0   0   0   0   0   0   0   0   0   0   0   0   0   0   0   0   0   0   0   0   0   0   0  
 0   0   0   0   0   0   0   0   0   0   0   0   0   0   0   0   0   0   0   0   0   0   0   0   0   0   0   0   0   0   0   7  13   0   0   0   0   0   0   0   0   0   0   0   0   0   0   7   0   0   0   0   0   0   0   0   0   0   0   0   0   0   0   0   0   0   0   0   0   0   0   0   0   0   0   0   0   0   0   0   0  
 0   0   0   0   0   0   0   0   0   0   0   0   0   0   0   0   0   0   0   0   0   0   0   0   0   0   1   0   5   0   7   0  12   0   0   5   0   3   0   0   0   0   0   0   0   0   0   0   0   5   0   0   0   0   0   0   0   0   0   0   0   0   0   0   0   0   0   0   0   0   0   0   0   0   1   0   0   0   0   0   0  
 0   0   0   3   0   0   0   0   0   0   0   0   0   0   0   0   0   0   0   0   5   0   0   0   0   0   0   0   0   2  13  12   0   4   2   5   0   0   0   1   0   0   0   0   0   0   0   0   0   0   0   0   0   0   0   0   0   0   0   0   0   0   0   0   0   0   0   0   0   0   0   0   0   0   0   0   0   0   0   0   0  
 0   0   0   0   0   0   0   0   0   0   0   0   0   0   0   0   0   0   0   0   0   0   0   0   0   0   4   0   0   0   0   0   4   0  14  20   0   0   0   0   0   0   0   0   0   0   5   0   0   0   0   0   0   0   0   0   0   0   0   0   0   0   0   0   0   0   0   0   0   0   0   0   0   0   0   0   0   0   0   0   0  
 0   0   0   0   0   0   0   0   0   0   0   0   0   0   0   0   0   0   0   0   0   0   0   0   0   0   0   4   0   0   0   0   2  14   0  14   0   0   0   0   0   0   0   0   0   2   0   0   0   4   0   0   0   0   0   0   0   0   0   0   0   0   0   0   0   0   0   0   0   0   0   0   0   0   0   0   0   0   0   0   0  
 0   0   0   0   0   0   0   0   0   0   0   0   0   0   0   0   0   0   0   0   0   0   0   0   0   0   0   0   0   0   0   5   5  20  14   0   0   0   0   0   0   0   0   0   0   0   0   9   0   0   0   0   0   0   0   3   0   0   0   0   0   0   0   0   0   0   0   0   0   0   0   0   0   0   0   0   0   0   0   0   0  
 0   0   0   0   0   0   0   0   0   0   0   0   0   0   0   0   0   0   0   0   0   0   0   0   0   0   0   0   0   0   0   0   0   0   0   0   0   9   4   2   0   1   0   5   0   0   0   0   0   0   0   0   0   0   0   0   0   0   0   0   0   0   0   0   0   0   0   0   0   0   0   0   0   0   0   0   0   0   0   0   0  
 0   0   0   0   0   0   0   0   0   0   0   0   0   0   0   0   0   0   0   0   0   0   0   0   0   0   0   0   0   0   0   3   0   0   0   0   9   0   5   0   0   0   0   0   0   0   0   0   0   0   0   0   0   0   0   0   0   0   0   0   0   0   0   0   0   0   0   0   0   0   0   0   0   0   0   0   0   0   0   0   0  
 0   0   0   0   0   0   0   0   0   0   0   0   0   0   0   3   0   0   0   0   0   0   0   0   0   0   0   0   0   0   0   0   0   0   0   0   4   5   0   1   0   0   0   3   0   0   0   0   0   0   0   0   0   0   0   0   0   0   0   0   0   0   0   0   0   0   0   0   0   0   0   0   0   0   0   0   0   0   0   0   0  
 0   0   0   0   0   0   0   0   0   0   0   0   0   0   0   0   0   0   0   0   0   0   0   0   0   0   0   0   0   0   0   0   1   0   0   0   2   0   1   0   9  18   0   0   0   0   0   0   0   0   0   4   0   0   0   0   0   0   0   0   0   0   0   0   0   0   5   0   0   5   0   0   0   0   0   0   0   0   0   0   0  
 0   0   0   0   0   0   0   0   0   0   0   0   0   0   0   0   0   0   0   0   0   0   0   0   0   0   0   1   0   0   0   0   0   0   0   0   0   0   0   9   0   7   0   0   4   4   0   0   0   0   0   0   0   0   0   0   0   0   0   0   0   0   0   0   0   0   0   0   0   0   0   0   0   0   0   0   0   0   0   0   0  
 0   0   0   0   0   0   0   0   0   0   0   0   0   0   0   0   0   0   0   0   0   0   0   0   0   0   0   0   0   0   0   0   0   0   0   0   1   0   0  18   7   0   0   2   1   0   0   0   0   0   0   0   0   0   0   0   0   0   0   0   0   0   0   0   0   0   0   0   0   0   0   0   0   0   0   0   0   0   0   0   0  
 0   0   0   0   0   0   0   0   0   4   0   0   0   0   0   0   0   0   0   0   0   0   0   0   0   0   0   0   0   0   0   0   0   0   0   0   0   0   0   0   0   0   0  15   9   0   0   0   0   0   0   3   0   0   0   0   0   0   0   0   0   0   0   0   0   0   0   0   0   0   0   0   0   0   0   0   0   0   0   0   0  
 0   0   0   0   0   0   0   0   0   0   0   0   0   0   0   0   0   0   0   0   0   0   0   0   0   0   0   0   0   0   0   0   0   0   0   0   5   0   3   0   0   2  15   0   7   0   0   0   4   0   0   0   0   0   0   0   0   0   0   0   0   0   0   0   0   0   0   0   0   0   0   0   0   0   0   0   0   0   0   0   0  
 0   0   0   0   0   0   0   0   0   0   0   0   0   0   0   0   0   0   0   0   0   0   0   0   0   0   0   0   0   0   0   0   0   0   0   0   0   0   0   0   4   1   9   7   0   0   5   0   4   0   0   1   0   0   0   0   3   0   0   0   0   0   0   0   0   0   0   0   0   0   3   0   0   0   0   0   0   0   0   0   0  
 0   0   0   0   0   0   0   0   0   0   0   0   0   0   0   0   0   0   0   0   0   0   0   0   1   0   0   0   0   0   0   0   0   0   2   0   0   0   0   0   4   0   0   0   0   0   3   9   0   0   0   1   0   5   0   0   0   0   0   0   0   0   0   0   0   0   0   0   0   0   0   0   0   0   0   0   0   0   0   0   0  
 0   0   0   0   0   0   0   0   0   0   0   0   0   0   0   0   0   0   0   0   0   0   0   0   0   0   0   5   0   0   0   0   0   5   0   0   0   0   0   0   0   0   0   0   5   3   0   3   3   0   1   0   0   2   0   0   0   0   0   0   0   0   0   0   0   0   0   0   2   0   0   0   0   0   0   0   0   0   0   0   0  
 0   0   0   0   0   0   0   0   0   0   0   3   0   0   0   0   0   0   0   0   0   0   0   0   0   0   0   4   0   0   7   0   0   0   0   9   0   0   0   0   0   0   0   0   0   9   3   0   0   0   1   0   3   2   0   0   0   0   0   0   0   0   0   0   0   0   0   0   0   0   0   0   0   0   0   0   0   0   0   0   0  
 0   0   0   0   0   0   0   0   0   0   0   0   0   0   0   0   0   0   0   0   0   0   0   0   0   0   0   0   0   0   0   0   0   0   0   0   0   0   0   0   0   0   0   4   4   0   3   0   0   9   1   0   0   0   0   0   0   0   0   0   0   0   0   0   0   0   0   0   0   2   0   0   0   0   0   0   0   0   0   0   0  
 0   0   0   0   0   0   0   0   0   0   0   0   0   0   0   0   0   0   0   0   0   0   0   0   0   0   0   0   0   0   0   5   0   0   4   0   0   0   0   0   0   0   0   0   0   0   0   0   9   0   9   4   0   0   0   0   0   0   0   0   0   0   0   0   0   0   0   0   0   0   0   0   0   0   0   0   0   0   0   0   0  
 0   0   0   0   0   0   0   0   0   0   0   0   0   0   5   0   0   0   0   0   0   0   0   0   0   0   0   0   0   0   0   0   0   0   0   0   0   0   0   0   0   0   0   0   0   0   1   1   1   9   0   0   0  10   0   0   0   0   0   0   0   0   0   2   0   0   0   0   0   0   0   0   0   0   0   0   0   0   0   0   0  
 0   0   0   0   0   0   0   0   1   0   0   0   0   0   0   0   0   0   0   0   0   0   0   3   0   0   0   0   0   0   0   0   0   0   0   0   0   0   0   4   0   0   3   0   1   1   0   0   0   4   0   0  15  12   0   0   0   0   0   0   0   0   0   0   0   0   0   0   0   0   0   0   0   0   0   0   0   0   0   0   0  
 0   0   0   0   0   0   0   0   0   0   0   0   0   0   0   0   0   0   0   0   0   0   0   0   0   0   0   0   0   0   0   0   0   0   0   0   0   0   0   0   0   0   0   0   0   0   0   3   0   0   0  15   0  13   0   0   0   0   0   0   0   0   0   0   0   0   0   0   0   0   0   0   0   0   0   0   0   0   0   0   0  
 0   0   0   0   0   0   0   0   0   0   0   0   0   0   0   0   0   0   0   0   0   0   0   0   0   0   0   5   0   0   0   0   0   0   0   0   0   0   0   0   0   0   0   0   0   5   2   2   0   0  10  12  13   0   0   0   0   0   0   0   0   0   0   0   0   0   0   0   0   0   0   0   0   0   0   0   0   0   0   0   0  
 0   0   0   0   0   0   0   0   0   0   0   0   0   0   0   0   5   0   1   0   0   0   0   0   0   5   0   0   0   0   0   0   0   0   0   0   0   0   0   0   0   0   0   0   0   0   0   0   0   0   0   0   0   0   0  12  14   0   0   0   0   0   2   0   0   0   0   0   0   0   0   0   0   0   0   0   0   0   0   0   0  
 0   0   0   0   0   0   0   0   0   0   0   0   0   0   0   0   0   0   0   0   0   0   0   0   0   0   0   0   2   0   0   0   0   0   0   3   0   0   0   0   0   0   0   0   0   0   0   0   0   0   0   0   0   0  12   0  20   0   0   0   0   0   0   0   0   0   0   0   0   0   0   0   0   0   0   3   0   0   0   0   2  
 0   0   0   0   0   0   0   0   0   0   0   0   0   0   0   0   0   0   0   0   0   0   0   0   0   0   0   0   0   0   0   0   0   0   0   0   0   0   0   0   0   0   0   0   3   0   0   0   0   0   0   0   0   0  14  20   0   0   0   0   0   0   0   0   0   0   5   0   0   3   0   0   0   0   4   0   3   0   0   0   0  
 0   0   0   0   0   0   0   0   0   0   0   0   3   0   0   0   0   0   0   0   0   0   0   0   0   0   0   0   0   0   0   0   0   0   0   0   0   0   0   0   0   0   0   0   0   0   0   0   0   0   0   0   0   0   0   0   0   0  14   5   2   0   0   0   1   0   0   7   0   0   0   0   0   0   0   0   0   0   0   0   5  
 0   0   0   0   0   0   0   0   0   0   0   0   0   0   4   0   0   0   0   0   0   0   0   0   0   0   0   0   0   0   0   0   0   0   0   0   0   0   0   0   0   0   0   0   0   0   0   0   0   0   0   0   0   0   0   0   0  14   0   1   0   5   0   0   0   0   3   0   4   1   0   0   0   0   0   4   0   0   0   0   0  
 0   0   0   0   0   0   0   0   0   0   0   0   0   0   0   0   0   0   0   0   0   0   0   0   0   0   0   0   0   0   0   0   0   0   0   0   0   0   0   0   0   0   0   0   0   0   0   0   0   0   0   0   0   0   0   0   0   5   1   0   0   0   7   0   0   0   0   3   0   0   0   0   0   0   0   0   0   0   0   2   4  
 0   0   0   0   0   0   0   5   0   0   0   0   0   0   0   0   0   0   0   0   0   0   0   0   0   0   0   0   0   0   0   0   0   0   0   0   0   0   0   0   0   0   0   0   0   0   0   0   0   0   0   0   0   0   0   0   0   2   0   0   0   3  18   0   0   0   0   0   2   0   0   0   0   0   0   0   0   0   0   0   0  
 0   0   0   0   0   0   0   0   0   0   0   0   2   0   0   0   0   0   0   0   0   0   0   0   0   0   0   0   0   0   0   0   0   0   0   0   0   0   0   0   0   0   0   0   0   0   0   0   0   0   0   0   0   0   0   0   0   0   5   0   3   0  15   0   0   4   5   3   0   0   0   0   0   0   0   0   0   3   0   0   0  
 0   0   0   0   0   0   0   0   0   3   0   0   0   0   0   0   0   0   0   0   0   0   0   5   0   0   0   0   0   0   0   0   0   0   0   0   0   0   0   0   0   0   0   0   0   0   0   0   0   0   0   0   0   0   2   0   0   0   0   7  18  15   0   0   0   0   0   0   0   0   0   0   0   0   0   0   0   3   4   4   0  
 0   0   0   0   0   0   0   0   0   0   0   0   0   1   5   0   0   0   0   0   0   0   0   0   0   0   0   0   0   0   0   0   0   0   0   0   0   0   0   0   0   0   0   0   0   0   0   0   0   0   2   0   0   0   0   0   0   0   0   0   0   0   0   0   9  17   3   0   0   0   0   0   0   0   0   0   0   0   0   0   0  
 0   0   0   0   0   0   0   0   0   0   0   4   0   0   0   0   0   0   0   0   0   0   0   0   0   0   0   0   0   0   0   0   0   0   0   0   0   0   0   0   0   0   0   0   0   0   0   0   0   0   0   0   0   0   0   0   0   1   0   0   0   0   0   9   0  19   0   5   0   0   0   6   0   0   0   0   0   0   0   0   0  
 0   0   0   0   4   0   0   0   0   0   0   0   0   0   0   0   0   0   0   0   0   0   0   0   0   0   0   0   0   0   0   0   0   0   0   0   0   0   0   0   0   0   0   0   0   0   0   0   0   0   0   0   0   0   0   0   0   0   0   0   0   4   0  17  19   0   0   0   0   0   4   5   0   0   3   0   0   0   0   0   0  
 0   0   0   0   0   0   0   0   0   0   0   0   0   0   0   0   0   0   0   0   0   0   0   0   0   0   0   0   0   0   0   0   0   0   0   0   0   0   0   5   0   0   0   0   0   0   0   0   0   0   0   0   0   0   0   0   5   0   3   0   0   5   0   3   0   0   0  14  11   0   0   0   0   0   0   0   0   0   0   0   0  
 0   0   0   0   0   0   0   0   0   0   0   0   0   1   2   0   0   0   1   0   0   0   0   0   0   0   0   0   0   0   0   0   0   0   0   0   0   0   0   0   0   0   0   0   0   0   0   0   0   0   0   0   0   0   0   0   0   7   0   3   0   3   0   0   5   0  14   0  19   6   2   5   0   0   0   0   0   0   0   0   0  
 0   0   0   0   5   0   0   0   0   0   0   0   0   0   0   0   0   0   0   0   0   0   0   0   0   0   0   0   0   0   0   0   0   0   0   0   0   0   0   0   0   0   0   0   0   0   2   0   0   0   0   0   0   0   0   0   0   0   4   0   2   0   0   0   0   0  11  19   0   0   2   1   0   0   0   0   0   0   0   0   5  
 0   0   0   0   0   0   0   0   0   0   0   0   0   0   0   0   0   0   0   0   0   0   0   0   0   0   0   0   0   0   0   0   0   0   0   0   0   0   0   5   0   0   0   0   0   0   0   0   2   0   0   0   0   0   0   0   3   0   1   0   0   0   0   0   0   0   0   6   0   0  17   3   0   0   0   0   0   0   0   0   0  
 0   0   0   0   0   0   0   0   0   0   0   0   0   0   0   0   0   0   0   0   0   0   0   0   0   0   0   0   0   0   0   0   0   0   0   0   0   0   0   0   0   0   0   0   3   0   0   0   0   0   0   0   0   0   0   0   0   0   0   0   0   0   0   0   0   4   0   2   2  17   0  16   0   0   1   0   0   0   0   0   0  
 0   0   0   0   0   0   0   0   0   0   0   0   0   0   0   0   0   0   0   0   0   0   0   0   0   0   0   0   0   0   0   0   0   0   0   0   0   0   0   0   0   0   0   0   0   0   0   0   0   0   0   0   0   0   0   0   0   0   0   0   0   0   0   0   6   5   0   5   1   3  16   0   1   0   0   5   0   4   0   0   0  
 0   0   0   0   0   0   0   0   0   0   0   0   0   0   0   0   5   0   0   0   0   0   0   0   0   0   0   0   0   0   0   0   0   0   0   0   0   0   0   0   0   0   0   0   0   0   0   0   0   0   0   0   0   0   0   0   0   0   0   0   0   0   0   0   0   0   0   0   0   0   0   1   0   3   2   0   0   0   0   0   0  
 0   0   0   0   0   0   0   0   0   0   0   0   0   0   0   0   0   0   0   0   0   0   0   0   0   0   0   0   0   0   0   0   0   0   0   0   0   0   0   0   0   0   0   0   0   0   0   0   0   0   0   0   0   0   0   0   0   0   0   0   0   0   0   0   0   0   0   0   0   0   0   0   3   0  15   0   5   0   0   0   0  
 0   0   0   0   0   0   0   0   0   0   0   0   0   0   2   0   0   0   0   0   0   0   0   0   0   0   0   0   0   0   0   1   0   0   0   0   0   0   0   0   0   0   0   0   0   0   0   0   0   0   0   0   0   0   0   0   4   0   0   0   0   0   0   0   0   3   0   0   0   0   1   0   2  15   0   0   0   0   3   0   3  
 0   0   0   4   0   0   0   0   0   0   0   0   0   0   0   0   0   0   0   0   0   0   0   0   0   0   0   0   0   0   0   0   0   0   0   0   0   0   0   0   0   0   0   0   0   0   0   0   0   0   0   0   0   0   0   3   0   0   4   0   0   0   0   0   0   0   0   0   0   0   0   5   0   0   0   0  12  16   0   2   1  
 0   0   0   0   0   0   0   0   0   0   0   0   0   0   0   0   0   0   0   0   0   0   0   0   0   0   0   0   0   0   0   0   0   0   0   0   0   0   0   0   0   0   0   0   0   0   0   0   0   0   0   0   0   0   0   0   3   0   0   0   0   0   0   0   0   0   0   0   0   0   0   0   0   5   0  12   0  12   0   2   0  
 0   0   0   2   0   0   0   0   0   0   0   0   0   0   0   0   0   0   0   0   0   0   0   0   0   0   0   0   0   0   0   0   0   0   0   0   0   0   0   0   0   0   0   0   0   0   0   0   0   0   0   0   0   0   0   0   0   0   0   0   0   3   3   0   0   0   0   0   0   0   0   4   0   0   0  16  12   0   0   0   0  
 0   1   0   0   0   0   0   0   0   0   0   0   0   0   0   0   0   0   0   0   0   0   0   0   0   0   0   0   0   0   0   0   0   0   0   0   0   0   0   0   0   0   0   0   0   0   0   0   0   0   0   0   0   0   0   0   0   0   0   0   0   0   4   0   0   0   0   0   0   0   0   0   0   0   3   0   0   0   0   7  19  
 0   0   0   0   0   0   0   0   0   0   0   0   0   0   0   0   0   0   0   0   0   0   0   0   0   0   0   0   0   0   0   0   0   0   0   0   0   0   0   0   0   0   0   0   0   0   0   0   0   0   0   0   0   0   0   0   0   0   0   2   0   0   4   0   0   0   0   0   0   0   0   0   0   0   0   2   2   0   7   0   2  
 0   0   0   0   0   0   0   0   0   0   0   0   0   0   0   0   0   0   0   0   0   0   0   0   0   0   0   0   0   0   0   0   0   0   0   0   0   0   0   0   0   0   0   0   0   0   0   0   0   0   0   0   0   0   0   2   0   5   0   4   0   0   0   0   0   0   0   0   5   0   0   0   0   0   3   1   0   0  19   2   0  
