81

  0    1    1    3    3    4    5    1    1    2    2    3    4    5    7    7    2    2    3    3    3    4    4    4    6    6    7    7    7    8    4    4    4    4    6    6    6    7    8    9    9    4    4    4    5    5    5    7    7    7    8    9    9    9   10   10   10   10   10    5    5    8    9    9   10   10   10   11   11   11    6    7    8    8    9    9    9   10   11   11   12  
  1    0    0    2    2    3    4    2    2    1    1    2    3    4    6    6    3    3    2    2    2    3    3    3    5    5    6    6    6    7    3    3    3    3    5    5    5    6    7    8    8    5    5    5    4    4    4    6    6    6    7    8    8    8    9    9    9    9    9    6    6    7    8    8    9    9    9   10   10   10    7    6    7    7    8    8    8    9   10   10   11  
  1    0    0    2    2    3    4    2    2    1    1    2    3    4    6    6    3    3    2    2    2    3    3    3    5    5    6    6    6    7    3    3    3    3    5    5    5    6    7    8    8    5    5    5    4    4    4    6    6    6    7    8    8    8    9    9    9    9    9    6    6    7    8    8    9    9    9   10   10   10    7    6    7    7    8    8    8    9   10   10   11  
  3    2    2    0    0    1    2    4    4    3    3    2    1    2    4    4    5    5    4    4    4    3    3    3    3    3    4    4    4    5    5    5    5    5    3    3    3    4    5    6    6    7    7    7    6    6    6    4    4    4    5    6    6    6    7    7    7    7    7    8    8    5    6    6    7    7    7    8    8    8    9    8    7    7    6    6    6    7    8    8    9  
  3    2    2    0    0    1    2    4    4    3    3    2    1    2    4    4    5    5    4    4    4    3    3    3    3    3    4    4    4    5    5    5    5    5    3    3    3    4    5    6    6    7    7    7    6    6    6    4    4    4    5    6    6    6    7    7    7    7    7    8    8    5    6    6    7    7    7    8    8    8    9    8    7    7    6    6    6    7    8    8    9  
  4    3    3    1    1    0    1    5    5    4    4    3    2    1    3    3    6    6    5    5    5    4    4    4    2    2    3    3    3    4    6    6    6    6    4    4    4    3    4    5    5    8    8    8    7    7    7    5    5    5    4    5    5    5    6    6    6    6    6    9    9    6    5    5    6    6    6    7    7    7   10    9    8    8    7    7    7    6    7    7    8  
  5    4    4    2    2    1    0    6    6    5    5    4    3    2    2    2    7    7    6    6    6    5    5    5    3    3    2    2    2    3    7    7    7    7    5    5    5    4    3    4    4    9    9    9    8    8    8    6    6    6    5    4    4    4    5    5    5    5    5   10   10    7    6    6    5    5    5    6    6    6   11   10    9    9    8    8    8    7    6    6    7  
  1    2    2    4    4    5    6    0    0    1    1    2    3    4    6    6    1    1    2    2    2    3    3    3    5    5    6    6    6    7    3    3    3    3    5    5    5    6    7    8    8    3    3    3    4    4    4    6    6    6    7    8    8    8    9    9    9    9    9    4    4    7    8    8    9    9    9   10   10   10    5    6    7    7    8    8    8    9   10   10   11  
  1    2    2    4    4    5    6    0    0    1    1    2    3    4    6    6    1    1    2    2    2    3    3    3    5    5    6    6    6    7    3    3    3    3    5    5    5    6    7    8    8    3    3    3    4    4    4    6    6    6    7    8    8    8    9    9    9    9    9    4    4    7    8    8    9    9    9   10   10   10    5    6    7    7    8    8    8    9   10   10   11  
  2    1    1    3    3    4    5    1    1    0    0    1    2    3    5    5    2    2    1    1    1    2    2    2    4    4    5    5    5    6    2    2    2    2    4    4    4    5    6    7    7    4    4    4    3    3    3    5    5    5    6    7    7    7    8    8    8    8    8    5    5    6    7    7    8    8    8    9    9    9    6    5    6    6    7    7    7    8    9    9   10  
  2    1    1    3    3    4    5    1    1    0    0    1    2    3    5    5    2    2    1    1    1    2    2    2    4    4    5    5    5    6    2    2    2    2    4    4    4    5    6    7    7    4    4    4    3    3    3    5    5    5    6    7    7    7    8    8    8    8    8    5    5    6    7    7    8    8    8    9    9    9    6    5    6    6    7    7    7    8    9    9   10  
  3    2    2    2    2    3    4    2    2    1    1    0    1    2    4    4    3    3    2    2    2    1    1    1    3    3    4    4    4    5    3    3    3    3    3    3    3    4    5    6    6    5    5    5    4    4    4    4    4    4    5    6    6    6    7    7    7    7    7    6    6    5    6    6    7    7    7    8    8    8    7    6    5    5    6    6    6    7    8    8    9  
  4    3    3    1    1    2    3    3    3    2    2    1    0    1    3    3    4    4    3    3    3    2    2    2    2    2    3    3    3    4    4    4    4    4    2    2    2    3    4    5    5    6    6    6    5    5    5    3    3    3    4    5    5    5    6    6    6    6    6    7    7    4    5    5    6    6    6    7    7    7    8    7    6    6    5    5    5    6    7    7    8  
  5    4    4    2    2    1    2    4    4    3    3    2    1    0    2    2    5    5    4    4    4    3    3    3    1    1    2    2    2    3    5    5    5    5    3    3    3    2    3    4    4    7    7    7    6    6    6    4    4    4    3    4    4    4    5    5    5    5    5    8    8    5    4    4    5    5    5    6    6    6    9    8    7    7    6    6    6    5    6    6    7  
  7    6    6    4    4    3    2    6    6    5    5    4    3    2    0    0    7    7    6    6    6    5    5    5    3    3    2    2    2    1    7    7    7    7    5    5    5    4    3    2    2    9    9    9    8    8    8    6    6    6    5    4    4    4    3    3    3    3    3   10   10    7    6    6    5    5    5    4    4    4   11   10    9    9    8    8    8    7    6    6    5  
  7    6    6    4    4    3    2    6    6    5    5    4    3    2    0    0    7    7    6    6    6    5    5    5    3    3    2    2    2    1    7    7    7    7    5    5    5    4    3    2    2    9    9    9    8    8    8    6    6    6    5    4    4    4    3    3    3    3    3   10   10    7    6    6    5    5    5    4    4    4   11   10    9    9    8    8    8    7    6    6    5  
  2    3    3    5    5    6    7    1    1    2    2    3    4    5    7    7    0    0    1    1    1    2    2    2    4    4    5    5    5    6    2    2    2    2    4    4    4    5    6    7    7    2    2    2    3    3    3    5    5    5    6    7    7    7    8    8    8    8    8    3    3    6    7    7    8    8    8    9    9    9    4    5    6    6    7    7    7    8    9    9   10  
  2    3    3    5    5    6    7    1    1    2    2    3    4    5    7    7    0    0    1    1    1    2    2    2    4    4    5    5    5    6    2    2    2    2    4    4    4    5    6    7    7    2    2    2    3    3    3    5    5    5    6    7    7    7    8    8    8    8    8    3    3    6    7    7    8    8    8    9    9    9    4    5    6    6    7    7    7    8    9    9   10  
  3    2    2    4    4    5    6    2    2    1    1    2    3    4    6    6    1    1    0    0    0    1    1    1    3    3    4    4    4    5    1    1    1    1    3    3    3    4    5    6    6    3    3    3    2    2    2    4    4    4    5    6    6    6    7    7    7    7    7    4    4    5    6    6    7    7    7    8    8    8    5    4    5    5    6    6    6    7    8    8    9  
  3    2    2    4    4    5    6    2    2    1    1    2    3    4    6    6    1    1    0    0    0    1    1    1    3    3    4    4    4    5    1    1    1    1    3    3    3    4    5    6    6    3    3    3    2    2    2    4    4    4    5    6    6    6    7    7    7    7    7    4    4    5    6    6    7    7    7    8    8    8    5    4    5    5    6    6    6    7    8    8    9  
  3    2    2    4    4    5    6    2    2    1    1    2    3    4    6    6    1    1    0    0    0    1    1    1    3    3    4    4    4    5    1    1    1    1    3    3    3    4    5    6    6    3    3    3    2    2    2    4    4    4    5    6    6    6    7    7    7    7    7    4    4    5    6    6    7    7    7    8    8    8    5    4    5    5    6    6    6    7    8    8    9  
  4    3    3    3    3    4    5    3    3    2    2    1    2    3    5    5    2    2    1    1    1    0    0    0    2    2    3    3    3    4    2    2    2    2    2    2    2    3    4    5    5    4    4    4    3    3    3    3    3    3    4    5    5    5    6    6    6    6    6    5    5    4    5    5    6    6    6    7    7    7    6    5    4    4    5    5    5    6    7    7    8  
  4    3    3    3    3    4    5    3    3    2    2    1    2    3    5    5    2    2    1    1    1    0    0    0    2    2    3    3    3    4    2    2    2    2    2    2    2    3    4    5    5    4    4    4    3    3    3    3    3    3    4    5    5    5    6    6    6    6    6    5    5    4    5    5    6    6    6    7    7    7    6    5    4    4    5    5    5    6    7    7    8  
  4    3    3    3    3    4    5    3    3    2    2    1    2    3    5    5    2    2    1    1    1    0    0    0    2    2    3    3    3    4    2    2    2    2    2    2    2    3    4    5    5    4    4    4    3    3    3    3    3    3    4    5    5    5    6    6    6    6    6    5    5    4    5    5    6    6    6    7    7    7    6    5    4    4    5    5    5    6    7    7    8  
  6    5    5    3    3    2    3    5    5    4    4    3    2    1    3    3    4    4    3    3    3    2    2    2    0    0    1    1    1    2    4    4    4    4    2    2    2    1    2    3    3    6    6    6    5    5    5    3    3    3    2    3    3    3    4    4    4    4    4    7    7    4    3    3    4    4    4    5    5    5    8    7    6    6    5    5    5    4    5    5    6  
  6    5    5    3    3    2    3    5    5    4    4    3    2    1    3    3    4    4    3    3    3    2    2    2    0    0    1    1    1    2    4    4    4    4    2    2    2    1    2    3    3    6    6    6    5    5    5    3    3    3    2    3    3    3    4    4    4    4    4    7    7    4    3    3    4    4    4    5    5    5    8    7    6    6    5    5    5    4    5    5    6  
  7    6    6    4    4    3    2    6    6    5    5    4    3    2    2    2    5    5    4    4    4    3    3    3    1    1    0    0    0    1    5    5    5    5    3    3    3    2    1    2    2    7    7    7    6    6    6    4    4    4    3    2    2    2    3    3    3    3    3    8    8    5    4    4    3    3    3    4    4    4    9    8    7    7    6    6    6    5    4    4    5  
  7    6    6    4    4    3    2    6    6    5    5    4    3    2    2    2    5    5    4    4    4    3    3    3    1    1    0    0    0    1    5    5    5    5    3    3    3    2    1    2    2    7    7    7    6    6    6    4    4    4    3    2    2    2    3    3    3    3    3    8    8    5    4    4    3    3    3    4    4    4    9    8    7    7    6    6    6    5    4    4    5  
  7    6    6    4    4    3    2    6    6    5    5    4    3    2    2    2    5    5    4    4    4    3    3    3    1    1    0    0    0    1    5    5    5    5    3    3    3    2    1    2    2    7    7    7    6    6    6    4    4    4    3    2    2    2    3    3    3    3    3    8    8    5    4    4    3    3    3    4    4    4    9    8    7    7    6    6    6    5    4    4    5  
  8    7    7    5    5    4    3    7    7    6    6    5    4    3    1    1    6    6    5    5    5    4    4    4    2    2    1    1    1    0    6    6    6    6    4    4    4    3    2    1    1    8    8    8    7    7    7    5    5    5    4    3    3    3    2    2    2    2    2    9    9    6    5    5    4    4    4    3    3    3   10    9    8    8    7    7    7    6    5    5    4  
  4    3    3    5    5    6    7    3    3    2    2    3    4    5    7    7    2    2    1    1    1    2    2    2    4    4    5    5    5    6    0    0    0    0    2    2    2    3    4    5    5    2    2    2    1    1    1    3    3    3    4    5    5    5    6    6    6    6    6    3    3    4    5    5    6    6    6    7    7    7    4    3    4    4    5    5    5    6    7    7    8  
  4    3    3    5    5    6    7    3    3    2    2    3    4    5    7    7    2    2    1    1    1    2    2    2    4    4    5    5    5    6    0    0    0    0    2    2    2    3    4    5    5    2    2    2    1    1    1    3    3    3    4    5    5    5    6    6    6    6    6    3    3    4    5    5    6    6    6    7    7    7    4    3    4    4    5    5    5    6    7    7    8  
  4    3    3    5    5    6    7    3    3    2    2    3    4    5    7    7    2    2    1    1    1    2    2    2    4    4    5    5    5    6    0    0    0    0    2    2    2    3    4    5    5    2    2    2    1    1    1    3    3    3    4    5    5    5    6    6    6    6    6    3    3    4    5    5    6    6    6    7    7    7    4    3    4    4    5    5    5    6    7    7    8  
  4    3    3    5    5    6    7    3    3    2    2    3    4    5    7    7    2    2    1    1    1    2    2    2    4    4    5    5    5    6    0    0    0    0    2    2    2    3    4    5    5    2    2    2    1    1    1    3    3    3    4    5    5    5    6    6    6    6    6    3    3    4    5    5    6    6    6    7    7    7    4    3    4    4    5    5    5    6    7    7    8  
  6    5    5    3    3    4    5    5    5    4    4    3    2    3    5    5    4    4    3    3    3    2    2    2    2    2    3    3    3    4    2    2    2    2    0    0    0    1    2    3    3    4    4    4    3    3    3    1    1    1    2    3    3    3    4    4    4    4    4    5    5    2    3    3    4    4    4    5    5    5    6    5    4    4    3    3    3    4    5    5    6  
  6    5    5    3    3    4    5    5    5    4    4    3    2    3    5    5    4    4    3    3    3    2    2    2    2    2    3    3    3    4    2    2    2    2    0    0    0    1    2    3    3    4    4    4    3    3    3    1    1    1    2    3    3    3    4    4    4    4    4    5    5    2    3    3    4    4    4    5    5    5    6    5    4    4    3    3    3    4    5    5    6  
  6    5    5    3    3    4    5    5    5    4    4    3    2    3    5    5    4    4    3    3    3    2    2    2    2    2    3    3    3    4    2    2    2    2    0    0    0    1    2    3    3    4    4    4    3    3    3    1    1    1    2    3    3    3    4    4    4    4    4    5    5    2    3    3    4    4    4    5    5    5    6    5    4    4    3    3    3    4    5    5    6  
  7    6    6    4    4    3    4    6    6    5    5    4    3    2    4    4    5    5    4    4    4    3    3    3    1    1    2    2    2    3    3    3    3    3    1    1    1    0    1    2    2    5    5    5    4    4    4    2    2    2    1    2    2    2    3    3    3    3    3    6    6    3    2    2    3    3    3    4    4    4    7    6    5    5    4    4    4    3    4    4    5  
  8    7    7    5    5    4    3    7    7    6    6    5    4    3    3    3    6    6    5    5    5    4    4    4    2    2    1    1    1    2    4    4    4    4    2    2    2    1    0    1    1    6    6    6    5    5    5    3    3    3    2    1    1    1    2    2    2    2    2    7    7    4    3    3    2    2    2    3    3    3    8    7    6    6    5    5    5    4    3    3    4  
  9    8    8    6    6    5    4    8    8    7    7    6    5    4    2    2    7    7    6    6    6    5    5    5    3    3    2    2    2    1    5    5    5    5    3    3    3    2    1    0    0    7    7    7    6    6    6    4    4    4    3    2    2    2    1    1    1    1    1    8    8    5    4    4    3    3    3    2    2    2    9    8    7    7    6    6    6    5    4    4    3  
  9    8    8    6    6    5    4    8    8    7    7    6    5    4    2    2    7    7    6    6    6    5    5    5    3    3    2    2    2    1    5    5    5    5    3    3    3    2    1    0    0    7    7    7    6    6    6    4    4    4    3    2    2    2    1    1    1    1    1    8    8    5    4    4    3    3    3    2    2    2    9    8    7    7    6    6    6    5    4    4    3  
  4    5    5    7    7    8    9    3    3    4    4    5    6    7    9    9    2    2    3    3    3    4    4    4    6    6    7    7    7    8    2    2    2    2    4    4    4    5    6    7    7    0    0    0    1    1    1    3    3    3    4    5    5    5    6    6    6    6    6    1    1    4    5    5    6    6    6    7    7    7    2    3    4    4    5    5    5    6    7    7    8  
  4    5    5    7    7    8    9    3    3    4    4    5    6    7    9    9    2    2    3    3    3    4    4    4    6    6    7    7    7    8    2    2    2    2    4    4    4    5    6    7    7    0    0    0    1    1    1    3    3    3    4    5    5    5    6    6    6    6    6    1    1    4    5    5    6    6    6    7    7    7    2    3    4    4    5    5    5    6    7    7    8  
  4    5    5    7    7    8    9    3    3    4    4    5    6    7    9    9    2    2    3    3    3    4    4    4    6    6    7    7    7    8    2    2    2    2    4    4    4    5    6    7    7    0    0    0    1    1    1    3    3    3    4    5    5    5    6    6    6    6    6    1    1    4    5    5    6    6    6    7    7    7    2    3    4    4    5    5    5    6    7    7    8  
  5    4    4    6    6    7    8    4    4    3    3    4    5    6    8    8    3    3    2    2    2    3    3    3    5    5    6    6    6    7    1    1    1    1    3    3    3    4    5    6    6    1    1    1    0    0    0    2    2    2    3    4    4    4    5    5    5    5    5    2    2    3    4    4    5    5    5    6    6    6    3    2    3    3    4    4    4    5    6    6    7  
  5    4    4    6    6    7    8    4    4    3    3    4    5    6    8    8    3    3    2    2    2    3    3    3    5    5    6    6    6    7    1    1    1    1    3    3    3    4    5    6    6    1    1    1    0    0    0    2    2    2    3    4    4    4    5    5    5    5    5    2    2    3    4    4    5    5    5    6    6    6    3    2    3    3    4    4    4    5    6    6    7  
  5    4    4    6    6    7    8    4    4    3    3    4    5    6    8    8    3    3    2    2    2    3    3    3    5    5    6    6    6    7    1    1    1    1    3    3    3    4    5    6    6    1    1    1    0    0    0    2    2    2    3    4    4    4    5    5    5    5    5    2    2    3    4    4    5    5    5    6    6    6    3    2    3    3    4    4    4    5    6    6    7  
  7    6    6    4    4    5    6    6    6    5    5    4    3    4    6    6    5    5    4    4    4    3    3    3    3    3    4    4    4    5    3    3    3    3    1    1    1    2    3    4    4    3    3    3    2    2    2    0    0    0    1    2    2    2    3    3    3    3    3    4    4    1    2    2    3    3    3    4    4    4    5    4    3    3    2    2    2    3    4    4    5  
  7    6    6    4    4    5    6    6    6    5    5    4    3    4    6    6    5    5    4    4    4    3    3    3    3    3    4    4    4    5    3    3    3    3    1    1    1    2    3    4    4    3    3    3    2    2    2    0    0    0    1    2    2    2    3    3    3    3    3    4    4    1    2    2    3    3    3    4    4    4    5    4    3    3    2    2    2    3    4    4    5  
  7    6    6    4    4    5    6    6    6    5    5    4    3    4    6    6    5    5    4    4    4    3    3    3    3    3    4    4    4    5    3    3    3    3    1    1    1    2    3    4    4    3    3    3    2    2    2    0    0    0    1    2    2    2    3    3    3    3    3    4    4    1    2    2    3    3    3    4    4    4    5    4    3    3    2    2    2    3    4    4    5  
  8    7    7    5    5    4    5    7    7    6    6    5    4    3    5    5    6    6    5    5    5    4    4    4    2    2    3    3    3    4    4    4    4    4    2    2    2    1    2    3    3    4    4    4    3    3    3    1    1    1    0    1    1    1    2    2    2    2    2    5    5    2    1    1    2    2    2    3    3    3    6    5    4    4    3    3    3    2    3    3    4  
  9    8    8    6    6    5    4    8    8    7    7    6    5    4    4    4    7    7    6    6    6    5    5    5    3    3    2    2    2    3    5    5    5    5    3    3    3    2    1    2    2    5    5    5    4    4    4    2    2    2    1    0    0    0    1    1    1    1    1    6    6    3    2    2    1    1    1    2    2    2    7    6    5    5    4    4    4    3    2    2    3  
  9    8    8    6    6    5    4    8    8    7    7    6    5    4    4    4    7    7    6    6    6    5    5    5    3    3    2    2    2    3    5    5    5    5    3    3    3    2    1    2    2    5    5    5    4    4    4    2    2    2    1    0    0    0    1    1    1    1    1    6    6    3    2    2    1    1    1    2    2    2    7    6    5    5    4    4    4    3    2    2    3  
  9    8    8    6    6    5    4    8    8    7    7    6    5    4    4    4    7    7    6    6    6    5    5    5    3    3    2    2    2    3    5    5    5    5    3    3    3    2    1    2    2    5    5    5    4    4    4    2    2    2    1    0    0    0    1    1    1    1    1    6    6    3    2    2    1    1    1    2    2    2    7    6    5    5    4    4    4    3    2    2    3  
 10    9    9    7    7    6    5    9    9    8    8    7    6    5    3    3    8    8    7    7    7    6    6    6    4    4    3    3    3    2    6    6    6    6    4    4    4    3    2    1    1    6    6    6    5    5    5    3    3    3    2    1    1    1    0    0    0    0    0    7    7    4    3    3    2    2    2    1    1    1    8    7    6    6    5    5    5    4    3    3    2  
 10    9    9    7    7    6    5    9    9    8    8    7    6    5    3    3    8    8    7    7    7    6    6    6    4    4    3    3    3    2    6    6    6    6    4    4    4    3    2    1    1    6    6    6    5    5    5    3    3    3    2    1    1    1    0    0    0    0    0    7    7    4    3    3    2    2    2    1    1    1    8    7    6    6    5    5    5    4    3    3    2  
 10    9    9    7    7    6    5    9    9    8    8    7    6    5    3    3    8    8    7    7    7    6    6    6    4    4    3    3    3    2    6    6    6    6    4    4    4    3    2    1    1    6    6    6    5    5    5    3    3    3    2    1    1    1    0    0    0    0    0    7    7    4    3    3    2    2    2    1    1    1    8    7    6    6    5    5    5    4    3    3    2  
 10    9    9    7    7    6    5    9    9    8    8    7    6    5    3    3    8    8    7    7    7    6    6    6    4    4    3    3    3    2    6    6    6    6    4    4    4    3    2    1    1    6    6    6    5    5    5    3    3    3    2    1    1    1    0    0    0    0    0    7    7    4    3    3    2    2    2    1    1    1    8    7    6    6    5    5    5    4    3    3    2  
 10    9    9    7    7    6    5    9    9    8    8    7    6    5    3    3    8    8    7    7    7    6    6    6    4    4    3    3    3    2    6    6    6    6    4    4    4    3    2    1    1    6    6    6    5    5    5    3    3    3    2    1    1    1    0    0    0    0    0    7    7    4    3    3    2    2    2    1    1    1    8    7    6    6    5    5    5    4    3    3    2  
  5    6    6    8    8    9   10    4    4    5    5    6    7    8   10   10    3    3    4    4    4    5    5    5    7    7    8    8    8    9    3    3    3    3    5    5    5    6    7    8    8    1    1    1    2    2    2    4    4    4    5    6    6    6    7    7    7    7    7    0    0    3    4    4    5    5    5    6    6    6    1    2    3    3    4    4    4    5    6    6    7  
  5    6    6    8    8    9   10    4    4    5    5    6    7    8   10   10    3    3    4    4    4    5    5    5    7    7    8    8    8    9    3    3    3    3    5    5    5    6    7    8    8    1    1    1    2    2    2    4    4    4    5    6    6    6    7    7    7    7    7    0    0    3    4    4    5    5    5    6    6    6    1    2    3    3    4    4    4    5    6    6    7  
  8    7    7    5    5    6    7    7    7    6    6    5    4    5    7    7    6    6    5    5    5    4    4    4    4    4    5    5    5    6    4    4    4    4    2    2    2    3    4    5    5    4    4    4    3    3    3    1    1    1    2    3    3    3    4    4    4    4    4    3    3    0    1    1    2    2    2    3    3    3    4    3    2    2    1    1    1    2    3    3    4  
  9    8    8    6    6    5    6    8    8    7    7    6    5    4    6    6    7    7    6    6    6    5    5    5    3    3    4    4    4    5    5    5    5    5    3    3    3    2    3    4    4    5    5    5    4    4    4    2    2    2    1    2    2    2    3    3    3    3    3    4    4    1    0    0    1    1    1    2    2    2    5    4    3    3    2    2    2    1    2    2    3  
  9    8    8    6    6    5    6    8    8    7    7    6    5    4    6    6    7    7    6    6    6    5    5    5    3    3    4    4    4    5    5    5    5    5    3    3    3    2    3    4    4    5    5    5    4    4    4    2    2    2    1    2    2    2    3    3    3    3    3    4    4    1    0    0    1    1    1    2    2    2    5    4    3    3    2    2    2    1    2    2    3  
 10    9    9    7    7    6    5    9    9    8    8    7    6    5    5    5    8    8    7    7    7    6    6    6    4    4    3    3    3    4    6    6    6    6    4    4    4    3    2    3    3    6    6    6    5    5    5    3    3    3    2    1    1    1    2    2    2    2    2    5    5    2    1    1    0    0    0    1    1    1    6    5    4    4    3    3    3    2    1    1    2  
 10    9    9    7    7    6    5    9    9    8    8    7    6    5    5    5    8    8    7    7    7    6    6    6    4    4    3    3    3    4    6    6    6    6    4    4    4    3    2    3    3    6    6    6    5    5    5    3    3    3    2    1    1    1    2    2    2    2    2    5    5    2    1    1    0    0    0    1    1    1    6    5    4    4    3    3    3    2    1    1    2  
 10    9    9    7    7    6    5    9    9    8    8    7    6    5    5    5    8    8    7    7    7    6    6    6    4    4    3    3    3    4    6    6    6    6    4    4    4    3    2    3    3    6    6    6    5    5    5    3    3    3    2    1    1    1    2    2    2    2    2    5    5    2    1    1    0    0    0    1    1    1    6    5    4    4    3    3    3    2    1    1    2  
 11   10   10    8    8    7    6   10   10    9    9    8    7    6    4    4    9    9    8    8    8    7    7    7    5    5    4    4    4    3    7    7    7    7    5    5    5    4    3    2    2    7    7    7    6    6    6    4    4    4    3    2    2    2    1    1    1    1    1    6    6    3    2    2    1    1    1    0    0    0    7    6    5    5    4    4    4    3    2    2    1  
 11   10   10    8    8    7    6   10   10    9    9    8    7    6    4    4    9    9    8    8    8    7    7    7    5    5    4    4    4    3    7    7    7    7    5    5    5    4    3    2    2    7    7    7    6    6    6    4    4    4    3    2    2    2    1    1    1    1    1    6    6    3    2    2    1    1    1    0    0    0    7    6    5    5    4    4    4    3    2    2    1  
 11   10   10    8    8    7    6   10   10    9    9    8    7    6    4    4    9    9    8    8    8    7    7    7    5    5    4    4    4    3    7    7    7    7    5    5    5    4    3    2    2    7    7    7    6    6    6    4    4    4    3    2    2    2    1    1    1    1    1    6    6    3    2    2    1    1    1    0    0    0    7    6    5    5    4    4    4    3    2    2    1  
  6    7    7    9    9   10   11    5    5    6    6    7    8    9   11   11    4    4    5    5    5    6    6    6    8    8    9    9    9   10    4    4    4    4    6    6    6    7    8    9    9    2    2    2    3    3    3    5    5    5    6    7    7    7    8    8    8    8    8    1    1    4    5    5    6    6    6    7    7    7    0    1    2    2    3    3    3    4    5    5    6  
  7    6    6    8    8    9   10    6    6    5    5    6    7    8   10   10    5    5    4    4    4    5    5    5    7    7    8    8    8    9    3    3    3    3    5    5    5    6    7    8    8    3    3    3    2    2    2    4    4    4    5    6    6    6    7    7    7    7    7    2    2    3    4    4    5    5    5    6    6    6    1    0    1    1    2    2    2    3    4    4    5  
  8    7    7    7    7    8    9    7    7    6    6    5    6    7    9    9    6    6    5    5    5    4    4    4    6    6    7    7    7    8    4    4    4    4    4    4    4    5    6    7    7    4    4    4    3    3    3    3    3    3    4    5    5    5    6    6    6    6    6    3    3    2    3    3    4    4    4    5    5    5    2    1    0    0    1    1    1    2    3    3    4  
  8    7    7    7    7    8    9    7    7    6    6    5    6    7    9    9    6    6    5    5    5    4    4    4    6    6    7    7    7    8    4    4    4    4    4    4    4    5    6    7    7    4    4    4    3    3    3    3    3    3    4    5    5    5    6    6    6    6    6    3    3    2    3    3    4    4    4    5    5    5    2    1    0    0    1    1    1    2    3    3    4  
  9    8    8    6    6    7    8    8    8    7    7    6    5    6    8    8    7    7    6    6    6    5    5    5    5    5    6    6    6    7    5    5    5    5    3    3    3    4    5    6    6    5    5    5    4    4    4    2    2    2    3    4    4    4    5    5    5    5    5    4    4    1    2    2    3    3    3    4    4    4    3    2    1    1    0    0    0    1    2    2    3  
  9    8    8    6    6    7    8    8    8    7    7    6    5    6    8    8    7    7    6    6    6    5    5    5    5    5    6    6    6    7    5    5    5    5    3    3    3    4    5    6    6    5    5    5    4    4    4    2    2    2    3    4    4    4    5    5    5    5    5    4    4    1    2    2    3    3    3    4    4    4    3    2    1    1    0    0    0    1    2    2    3  
  9    8    8    6    6    7    8    8    8    7    7    6    5    6    8    8    7    7    6    6    6    5    5    5    5    5    6    6    6    7    5    5    5    5    3    3    3    4    5    6    6    5    5    5    4    4    4    2    2    2    3    4    4    4    5    5    5    5    5    4    4    1    2    2    3    3    3    4    4    4    3    2    1    1    0    0    0    1    2    2    3  
 10    9    9    7    7    6    7    9    9    8    8    7    6    5    7    7    8    8    7    7    7    6    6    6    4    4    5    5    5    6    6    6    6    6    4    4    4    3    4    5    5    6    6    6    5    5    5    3    3    3    2    3    3    3    4    4    4    4    4    5    5    2    1    1    2    2    2    3    3    3    4    3    2    2    1    1    1    0    1    1    2  
 11   10   10    8    8    7    6   10   10    9    9    8    7    6    6    6    9    9    8    8    8    7    7    7    5    5    4    4    4    5    7    7    7    7    5    5    5    4    3    4    4    7    7    7    6    6    6    4    4    4    3    2    2    2    3    3    3    3    3    6    6    3    2    2    1    1    1    2    2    2    5    4    3    3    2    2    2    1    0    0    1  
 11   10   10    8    8    7    6   10   10    9    9    8    7    6    6    6    9    9    8    8    8    7    7    7    5    5    4    4    4    5    7    7    7    7    5    5    5    4    3    4    4    7    7    7    6    6    6    4    4    4    3    2    2    2    3    3    3    3    3    6    6    3    2    2    1    1    1    2    2    2    5    4    3    3    2    2    2    1    0    0    1  
 12   11   11    9    9    8    7   11   11   10   10    9    8    7    5    5   10   10    9    9    9    8    8    8    6    6    5    5    5    4    8    8    8    8    6    6    6    5    4    3    3    8    8    8    7    7    7    5    5    5    4    3    3    3    2    2    2    2    2    7    7    4    3    3    2    2    2    1    1    1    6    5    4    4    3    3    3    2    1    1    0  

  0    0   25    1    0    0    0    0    0   18   10    0   43    0    1    0    0    0    3    0   16    0    0    0    0    0   26   15    0    6    7    0    0    0    1    0    1    0    8    0   27    0    4    3   84    0   72   60    0   89    0    0    0    0   97    0    0    0    0    0    0    0    0    4    0    6    0    0    0    1    3    4   58    1    1    3   79    0    0    0    0  
  0    0    1    1   11    1    1    0    0    0    0    1   60    0   64    3    8    0    9    4    0   81    0   25    0    1    0    0    0    0    0    1    0    0    0   28    0    0    0   13    0    0    0    0    0    0    0   71    0    1    1    1    1    1    3    0    0   17    0    0    0   10    0    0   41    0    0    0    0    0    1    0    0    0    0    0    0   26   12    2   15  
  4   11    0   42    0   70    0    0    2    0    0   13    4    0    0   34   42    0    1    0    6    1    0    1    0   11    0    0   22    0    5    0    0    0   45    1    0    0    0    0    0    0    3   89    0    0    0   68    0    9    1   89    0    1   35    0    0    1    1    0    0    2   33    1   42    5    0    0    0    8   34    0   29    2    0    0    0    0    1   12    0  
 34    2   39    0    1    1    0    0    0    2    0    7   55    0   49    1    1    0    1   69   59    0    0    0    0   79    1    6    0    0   94    2    0    0    0    1   54    0    0   20    3    0   63   35    1    0    0    1    0    1    6    0    0    1    4    0    0    0    0    0    0    7    0    4    6    3    0    0    0   42    1   44    1   21    0    0   54    0   18    0   57  
  0    1    1    2    0    8    0    0    0    0    0    0   64    0   51    1   52   42    2   76    0    0    0    0    0   10    0    0    0    0   10   11    0    0    0    1    1    0    0   73    6   48    0    0    0    0    0    4    0    0   48   70    1    1    1    0    0   56    0    0    0   33    0    0    6    0    0    0    0    0    6    0    0    0    0    0    0    0    6   11    3  
  0   92    1    1   14    0    0    0    0    0    0    1   14    0    2   42   72    0   23   52    0    0    0   13    0   43    0    0    0    0    0    4    0    0    0    6   63    5    0   88    1    0    2    0    0    0    0   71    0    0    1    2    1    2    2    0    0   36    0    0    0   21    0    0    1    0    0    0    0    0    1    0   83    0    0    0    0    0    4   27    1  
  0    0    0    0    0    0    0    0    0    0    0    0    0    0    0    0    0   81    0    0    0    0    0    0    7    0    0    0    2    1    0    0    0    0    0    0    0   83    0    0   51    1    0    0    0    0    0    0    3    0    0    0    0    0    0    0    0    0    0    0    0    0    0    0    0    0    1   80    0    0    0    0    0    0    0    1    0    0    0    0    0  
  0   55    0    0    0    0    0    0    0    0    0    0    0    0    0    0    0   90    0    0    1    0    0    0    0    0   52    0    0    9   25    0    0    0    5    0    0    0    0    0    0   10    0    2    0    0   74    0    7    1    0    0    0    0    0    5    0    0    0    2    0    0    0    5    0    2    1    1    0   41    0    0    3    1    3    1   54    0    0    0    0  
  0    0    4    0    0    0    0    0    0    0    0   74    0    0    0    0    0    0    2    0    0    3    0    0    0    0    0    0    2    0   21    0   73    0    0    0    0    0    0    0    0    0    0    0    0    0    0    0    0    0    3   73    0    0    0    0    2    0    7    0    0    0   33   25    0    0    0    0    0   35    0    0    0    0    0    0    0   28    0    0    0  
 15    0    0    1    0    0    0    0    0    0   89    0    0   52    0    0    0    0    0    0    1    0    3   20    1    0    1   16    0    1    0    0    0    0   28    0   72   72    2    0   36    0   84    4   82   69   57    0    0    1    0    0    0    0    0    0    0    0    0    0    0    0    0    0    0    0    0    0    1   23    0   29    0    0    1    0    1    0    0    0    0  
  1    0    0    0    0    0    0    0   16    1    0    1    0   11    0    0    0    0    0    0    0    0   14    0   61    0    9    1    0    1    0    0    0    0    0    0    0    1   65    0    0    0    0    0   62    1   25    0    0   19    0    0    0    0    0    0    0    0    0    1    1    0    0    0    0    0    0    0    0    0    0    1    0    0    0    0   39    0    0    0    0  
  0   67   63    1    0    1    0    1    1    0    0    0    4    0    0    0    1    0    0    0   65   31    0   16    0    0    0    0   50    0    2    0    3    0    0    3    0    0    0    0    0    0   35   15    0    0    0   44    0    0   59    3    0    1    1    0    3   57    1   31    0   10    1   66    1    1    0    0    0   60   29    0   39   42    0    1    0   99   42    0    0  
 35   13    3    1    1   14    0    0    0    0    0    1    0    0   52    1   12    0   35   44   34    0    0   35    0    1    0    1    0    0    1   59    0   11    0   53    1    0    0    1   56   35   13   14    0    0    0   19    0    1    1    1    0   57   61    0    0    1    0    0    0   26    0    6   92   11    0    0    0    1    1    1   24    0    0    0    0    0   41    1   39  
  1    0    0    0    0    0    0    0    0   70   31    0    0    0    0    0    0    0    0    0    0    0    5    0    0    0   73    1    0    0    0    0    0    4    0    0   85    0    1    0    1    0    0    0    1    5    0    0    0    0    0    0   78    0    0    0    0    0    0    0    1    0    0    0   59    0    0    0    6   24    0   11    0    0    0    0    0    0    0    0    0  
 68   47    1    3    1   87    0    0    0    0    0    0   67    0    0   10   22    0    1   51    0    0    0    0    0   40    0   90    0    0    0    1    0    0    0    0    3    0    0    9    1    0   24    0    0    0    0    9    0    0    0    0    0    1    1    0    0    0    0    0    0   76    0    0   41    0    0    0    0    0   82    1    0    0    0    0    0    0    1    1    1  
  0    1   37   47   11   14    0    0    0    0    0    3   56    0    2    0    2    0    1   41    0    0    0    0    0    1    0    0    0    0    0   67    0    0    0   75    0    0    0    1    5    0    0    7    0    0    0    0    0    0    0    0   40    1   99    0    0    0    0    0    0    1    0    0   38    0    0    0    0    0    0    0    0    0    0    0    0    0    1    3    1  
  0   91   54   72    1  100   32    0    0    0    0   40   37    0   11    1    0    0    2   60    0    0    0    1    0   44    0    0    0    0    0    1    0    0    0    1   53    0   98    3    3    0   10    0    0    0    0   15    0    0    1    1    2    9   17    0    1    1    0    0    0    9    0    0    1    0   32    0    0    0    7    0    0    0    0    0    0    0    7   72   19  
  0    0    0    0    0    0   10    5    0    0    0    0    0    0    0    0    0    0    0    0    0    0    0   93    1    0    0    0    0   26    0    0   66    0   90    0    0    0    0    0    0    6    0    0    0    0    4    0   46    0    0    0    0    0    0    2    0    0    0    1   11    0    0    1    0    0    8   11    0    0    0    0    0    0   13    8   61    0    0    0    0  
  3   44    9   89    2    4    0    0    0    0    0    0    1    0    2    8   44    0    0   84   52    0    0    0    0    2    0   20    0    0    6   68    0    0    0    6   71    0    0    4    7    0   29    0    0    0    0   29    0    1   38    0    1    3   17    1    0    0    0    0    0   20    0    0   76    0    0    0    0    0    2    1    4    0    0    0    0    0   40   31    1  
  0   26    0    1   80    1    0    0    0    0    0    0   79    0   25    2    3    0   40    0    0    0    0    0    0   38    0    2    0    0    0    1    0    0    0    0   16    0    0    1   15    0    0    0    0    0    0    0    0    0    0    0    0    0    0    0    0    0    0    0    0   78    0    0    1    0    0    0    0    0    0    2   68    0    0    0    0    0    0    1    1  
 58    0   94    2    0    0    0   49    0    1    0    9   54    0    0    0    0   23    7    0    0    0    0    0    0    0    1   61    0    2    3    0    0    0   64    0   78    0    0    0    0    0    1   32    0    0   78   95    0    3    0    0    0    0    1   31    0    0    0    1    0    0    0    4    0    6    1    0   28   25    5   20   81   59  100   25    1    0    0    0    0  
  0    0    9    1    0    1    0    0    1    0    0    7    0    0    0    0    0    0    0    0    0    0    0    7    0   25    0    0    1    0    2    0   80    0    0    0    0    0    0    0    0    0    0    0    0    0    0    0    0    0   68   66    0    0    0    0   36    1    1    0    0    0   45    1   84    0    0    0    0    0    1    0   85    0    1    0    0   11    0    3    0  
  0    0    0    0    0    0    0    0    0    1   15    0    0    3    0    0    0    1    0    1    0    0    0    0    0    0    0   33    0    0    0    0    0    1    0    0    2    0   29    0   51    0    0    0    9    5    0    0    0    0    0    0    0    0    0    0    0    0   27    0    1    0    0    0    0    0    0    0   16    0    0    1    0    0    0    0    0    0    0    0    0  
  0    8    1    0    0    6    0    0    0    0    0   20   11    0    0    0   73    0    0    0    0    1    0    0   26   43    0    0    3    0    6    0    0    0    0   87    0    0    0   10    0    0    0    0    0    0    0   26    0    0   32    1    1   62    1    0    0    1   59    0    0    1    0   34    1    0    0    0    0    0    2    0    0    0    0    1    0    0    1    4    3  
  0    0    0    0    0    0   48    0    0    6    1    0    0    0    0    0    0    1   20    0    0    0    0    0    0    0    1    0    0   34    0    0   23    0    0   81    0    4    1    0    0    1    0    0   62    0    1    0    9    0    0    0    0    0    0    0    0    0    0    0    0    0    0    0    0    0    0   73    0    0    0    0    0    0    0    1   35    0    0    0    0  
  0   13    1   42   73    3    0    0    0    0    0    0    3    0   29   51   17    0    1   46    0    0    0    2    0    0    0    1    0    0    0   16    0    0    0    1    2    0    0    1   68    0   79    0    0    0    0   86    0    0    1   14    5    1   70    0    0    1    0    0    0    5    0    0    1   42    0    0    0    0    1   83    0    0    0    0    0    0    1    1   48  
 30    0    0   35    0    0    0    1    0    9   88    0    0    1    0    0    0    0    0    0    1    0    0    0   13    0    0    1    0    1    0    1    0    0   91    0    1    3   17    0    0    0    5    1   44    0    1    0    1    1    0    0    0    0    0   14    0    0    0    0    0    0    0    0    0   85    0   30    0    3    0    8    5   20    3    9   97    0    0    0    0  
 11    0    0   22    0    0    0    0    0    1   10    0   97   25    1    0    0    0    8    1    4    0    1    0    0   69   36    0    0    0    0    0    0    0    0    0   16    0   98    0    1    0   87    0    1    0   19    1    0    1    0    0    0    0    3    0    0    0    0    0    0    0    0    0    0    0    0    0   88    5    0   10    0    0    0    0    1    0    0    0    0  
  0    0    9    0    0    0    0    0    1    0    0   64    0    0    0    0    0    0    0    0    0   70    0    1    0    0    0    0    0    1    1    0    3    0    0   10    0    0    0    0    0    2    0    1    0    0    0    2    0    0   52   13    0    7    0    0    1    8    1    0    0    0    8    1    0    5    0    0    0   42   38    0   53   64    0    0    0   11    0    0    0  
  1    0    0    0    0    0   78    9    0   22   10    0    0    0    0    0    0    3    0    0   90    0    0    0   59    0    4    0    0    0    0    0    0    0    5    0    0    5   11    0    0   79    0    0   13    0    7    0    1    3    0    0    0    0    0    1    0    0    0   61    0    0    0    0    0    0    2   20    0    0    1    0    0    0   31   60    9    0    0    0    0  
  1    0   20    1    0    0    0    1   34    0    0   83    8    0   63    0    0    0   64    0    1   99    0    9    0    0    0    0   44    0    0    0    0    0    1    5    0    0    0    0    0    0   65   14    0    0    0    1    0    1   85    1    0   52    6   78    0   89   25    9    0    1   10    2    1   49    0    0    0    2    4    0   25    1    6    0    1    1    2   24    0  
  0    7    0   69   14    1    0    0    0    0    0    2   11    0    1    4    1    0   89    2    0    0    0    0    0    7    0    0    0    0    0    0    0    0    0    1   14    0    0    4   45   52    0   76    0    1    0    0    0    0    0    0   26   24    5    0    0    0    0    0    0   88    0    0    2    0    0    0    0    0    0    0    0    0    0    0    0    0   11    3    4  
  0    0    0    0    0    0    0    0    1    0    0   14    0    0    0    0    0    0   79    0    0   29    0    0    0    0    0    0   95    0    0    0    0    0    0    0    0    0    0    0    0    0    0    0    0    0    0    0    0    1    0    0    0    0    0    0   16    0    1    0    0    0   44    1    0    0    0    0    0    0    0    0    0    0    0    0    0    1    0    0    0  
  1    0    0    0    0    0    0    0    0    0    0    0    1   38    0    0    0    0    0    0    0    0   88    0    0    0    0    0    0    1    0    0    0    0    0    0    0    0    0    0    0    0    0    0    0    7    0    0    0    0    0    0    0    0    0    0    0    0    0    0   21    0    1    0    0    0    0    0   85    0    0    0    0    0    0    0    0    0    0    0    0  
  1    0    2    0    0    0    0    1    0   73    0    0    0    0    0    0    0   32    0    0    1    0    0    0    0    0    1    0    0    4    1    0    0   97    0    0    0    0    0    0   10    0    1   32    0    0   27    2   10    1    0    0    0    0    0   22    0    0    0   33    0    0    0    1    0    3   18    0    0    4   16    0   89    2   48    2    9    0    0    0    0  
  0    2    6    1    1   60    0    0    0    0    0   15    4    0   74    3    7    0   12    0    0    0    0   14    0   57    0    0    0    0    5   25    0    0    0    0    0    0    0   27    0    0    0   31    0    0    1    9    0    0   47    1   30    4    1    0    0   58   32    0    0    1    1   12    1    0    0   28   76    0   16    0    1    0    2    0    0    9   29    6    8  
  1    0    0    1   50    5    0    0    0    1    0    0   24    3   60    0   18    0   20    2    8    0    6    0    0    4    7   89    0    0    0   45    0    0    0    0    0    0   20    0    1    0    1    0    1    0   29    4    0    6    0    0    0    0   32    0    0   58    0    1    0   50    0    0    0    0    0    0    9   19    3    9    0    0    0    0   81    0    0    0    3  
  0    0    0    0    0   64   19    3    0   84   37    0    0   86    0    0    0    0    0    0    1    0    0    0    8    0   35    0    0    3    0    0    0    0    0    0    0    0   44    1    0    1    0    0   96   40    3    0   82    0    0    0    0    0    0    0    0    0    0    0    0    0    0    0    0    0    0    1    0    0    0    0    0    0    0    1    1    0    0   88    0  
 14    0    0    0    0    0    0    0    0    5   65    0    0   97    1    0    0    0    0    0    0    0    3    0    3    0   34    3    0   70    0    0    0    0    0    0    1   65    0    0    0    0    0    0    1   30    4    0    0    3    0    0    0    0    0    0    0   11    0    0   24    0    0    0    0    0    0    0   17    0    0   54    0    0    3    0    1    0    0    0    0  
  0   18    0    1   12    1    0    0    0    0    0    0    1    0    1    4   14    2    1    1    0    0    0   33    0   37    0    0    0    0    0    1    0    0    0    2    0    0    0    0   28    0    0    0    0    0    0   13    0    0    1    1   69    3   37    0    0   48    0    0    0    1    0    0    5    0    1    0    0    0    4    0    0    0    0    0    0    0   11   11   15  
 30    0    0    9   42    6    0    0    0    2    0    0    1    1    1    1    1    0    1   44    0    0    1    0    0   22    0    1    0    0    0    1    0    0    0    0    2    0    0   41    0    0    8    0   13    0    0    1    0    1    0    0    0    0    6    0    0    0    0    0    0   42    0    0    0    0    0    0    1    0    0   21    1    0    0    0    0    0    0    0   13  
  0    0    0   92    0    0    7   22    0    0    0    0    0    0    0    0    0    3    0    0    0    0    0    0    1    0    0    0    0   76    0    0    0    0   88    0   42   65    0    0    0    0   40    0    0    0    0    0   86    0    0    0    0    1    0    1    0    0    0   97    0    0    0    0    0    0    4   14    0    0    0    0    0    0   16    8    0    0    1    0    0  
  1    0   87   18    0   70    0    0    0   79    0    2    1    0    1    0   18    0   26    0   15    0   10    0    0    7    1   77   86    0   11    0    0    0    2    0   33    0    0    0    3    0    0    1   16    0   22    2    0   91    0    0    0   10   15    0    0   10    0    0    0    8    0    2   50   29    0    0    0    1    1   35   27    1   16    0   15    0   69    0    0  
  2    0    1   35    0    0    0    1    0    1    0    1    1    0    0    0    0    0    0    0   37    0    0    0    0    0   96    0   28    0   24    0    0    0   10    0    0    0    0   22    0    0    5    0    0    0    2    2    0   31    0    0    2    0    4    3    0    0   20    2    0    0    0    2    0   82   12    0    0   21    1    0    5    1   47    2   80    0    0    0    0  
 15    0    0   73    0    0    0    0    0   24   96    0    0   18    0    0    0    0    0    0    0    0    1    0   13    0    1   49    0   16    0    0    0   22    0    0    2   47   76    0    2    0   90    0    0    9   40    0    0   11    0    0    0    0    0    0    0    0    1    0    1    0    0    0    0   14    0    0   72    0    0    7    0    0    0    0    1    0    0    0    0  
  0    0    0    0    0    0   63    0    0   54    4    0    0   18    0    0    0    0    0    0    0    0    2    0    0    0    0    0    0    0    0    0    0   20    0    0    0    1    1    0    0    0    0    0    2    0   84    0    0    0    1    0    0    0    0    0    1    0    0    0    1    0    0    0   10   10    0    0    1    0    0    0    0    6    0    0    0    0    0    0    0  
  1    0    0    0    0    0    0   61    0    3    1    0    0    0    0    0    0   21    0    0   48    0    0    0    2    0   66    1    0   43    0    0    0    0   74    0   67   57    1    0    0    0   75    1   17   51    0    0    3    1    0    0    0    0    0    1    0    0    0    0    0    0    0    0    0    0    0    1    0    3    0   15    0    2   60    1    3    0    0    0  100  
  3   68   85    2    7   12    0    0    0    0    0   45   29    0   89    0   39    0    1    0   54    0    0    6    0   13    0   96   36    0   18    0    0    0   27    1    2    0    0    1   81    0   99    1    0    0    0    0    0   48    9   78    0   82    1    0    0    8   42    0   16    5    0   49    1   69    0    0    0    2    1    3    1    1    0    0    8    0    1    0    0  
  2    0    0    0    0    0   15    1    0    0   62    0    1    0    0    0    0    5    0    0    0    0    0    0   18    0    8    0    0    1    0    0    0    2    1    0    0    6    0    0    0   31    0    0    0    0   19    0    0    0    0    0    0    0    0    9    0    0    0    1    0   58   92    0    0    0   18   14    0    0    0    0    0    0   21    3    1    0    0    0    0  
  1    0   32   28    0    0    0   22    0   19    2    0    6    0    0    0    0    0    1    0    1    0    0    0    0    0  100    3    0   56   21    0    0    0    3    0    1    0   13    0    1    0   16    2   55    0    1    1    0    0    0    0    0    0    0   67    0    0    0    2    0    0    0   11    0    1    0    0    0    4   67    1   77   82   10    1    1    0    0    0    0  
  0    5   53   27   24    4    0    0   64    0    0   46    1    0    0    0    1    0   13    0    0    2    0   23    0    2    0    0    7    0   59    0    0    0    0    1    0    0    0   40    0    0    0    0    0    0    0    1    0    1    0    1   20    3    1    8    1   38    5    0    0   53    9   53   29    0    0    0    0    0    1    0   25    0    0    0    0    0   79    1    0  
  0   24   19    0    1    5    0    0    1    0    0   64   90    0    0    0    3    0    0    0    0    2    0   11    0    1    0    0    5    0   99    0    0    0    0   22    0    0    0    8    0    0    0    0    0    0    0   11    0    0   90    0    1   40    1    0   14    1    1    0    0    1    2    1    1    0    0    0    0    0    5    0    1   33    0    0    0    0   77    1    0  
  0   28    0    0    1   46    0    0    0    0    0    0   48    0    0    1   31    0   36    0    0    0    0    7    0    8    0    0    0    0    0    3    0    0    0    1   40    0    0   28    0    0    0    0    0    0    0    0    0    0   30   65    0    2   35    0    0   40    0    0    0    1    0    0    5    0    0    0    0    0    0    0    0    0    0    0    0    0    1    3   68  
  0   81   83   74    1    1    0    0    0    0    0   17   49    0   56    1   27    0   40    0    0    0    0    7    0   77    0    0    0    0   34   24    0    0    0    1    0    0    0    2    0    0    2    0    0    0    0   22    0    0    5   85   10    0   25    0    0   63   28    0    0   21    0    1   90    0    0    0    0    6    8    0    4    0    0    0    0    0    7    4   40  
  9   12   57   20    1   17    0    0    0    0    3   42    3    0   46    1    1   45   16    0   15    0    0   50    0   27    0   17    0    1    1   12    0    0   61   16    1    0    0  100   33    0   18    7    0    0    0    1    0   22    6   26    7   71    0    0    0    2    4    0    0    2    0    4    6   14    0    0    0    1    1   62   90    7    0    0    0    0    9   14    0  
  0    0    0    0    0    0    0   46    0    0    0    0    0    0    0    0    0   12    0    0   39    0    0    0    0    4    2    0    1    1   57    0    0    0   26    0    0    0    0    0    0    1    0    7    0    0    1    0   82    1    0    0    0    0    0    0    0    0    4    9    0    0    0   10    0   14   68    1    0    1    0    0    3    1    1   21    7    0    0    0    0  
  0    0    0    0    0    0    0    0   56    0    0   10    0    0    0    0    0    0    0    0    0    1    0    0   71    0    0    0    1    0    0    0   10    0    0    0    0    0    0    0    0   45    0    0    0    0    0    0    0    0    0    0    0   57    0    0    0    0   81    0    0    0    1   20    0    0    0    0    0    0    0    0    0   19    0    0    0   17    0    0    0  
  0    3    1    0   71    1    0    0    0    0    0    7   65    0    2    8   81    0    0    0    0   90    0   23    0    2    0    0    1    0    2    0    0    0    0    1    0    0    0    3    0    0   52    0    0    0    0    8    0    0   46    1   13   24    1    1    0    0   40    0    0    3    0   73    1    0    0    0    0    0    1    0    0    0    0    0    0    0    2   11    0  
  0    0   11    0    0    0    0    0    2    0    0   64    0    0    0    0    0    0    0    0    0    1    0   10    0    0    0    0   52    0   37    0   17    0    0    1    0    0    0    0    0    0    0    3    0    0    0   31    0   65   14   27    0    7    1    0   42    2    0    0    0    0   19    5    0   79    0    0    0   10    1    0   26    9    0    0    1    1    3    0    2  
  0    0    0    0    0    0    0    3   20    0    0    0    0   20    0    0    0   11    0    0   35    0   17    0    0    0    0    0   40    1    2    0    0    0   62    0    0    0    0    0    0    1    0   99    0    0    0    0   22   45    2    0    0    0    0   12    0    0    0    0    0    0    1    1    0   41    1    0    0   16   86    0    1    4    2   38    7    0    0    0    0  
  0    0    0    0    0    0    0   10    0    0    9    0    0   15    0    0    0    0    0    0    0    0   75    0    0    0    0    0    0   32    0    0    0   65    0    0    0    0    1    0    0    0    0    0   27    6    0    1    0    0    1    0    0    0    0    0    0    0    0    0    0    0    0    0    0    0    0    0   26    0    0    0    3    0    0    0    0    0    0    0    0  
  0    2    2   44   99   34    0    0    0    0    0    1    1    0    1    5    1    0   63   76    0    0    0    1    0   10    0    0    0    0    1   19    0    0    0    5    2   56    0   15    3    0   35    0    0    0    1    1    0    0   27    1   45    1    1    0    0   66    2    0    0    0    0    0    1    0    0    0    0    0    2    0    0    0    0    0    0    0   10    1   10  
  0   79   85    0    0    0    0   15    7    6    1   20    0    0    0    0    0    0    0    0    1   56    0    0    0    0    0    0    1    0   39    0    1    0    0    0    0    0    0    0    0    0    0    0    0    0    0    0    0    0    0    3   19    0    0    0   91    0    2    0    0    0    0    1    0    0    0    0    0    0    0    0   13    0    0    0    0   39    0    0    0  
 57    0    8    1    0    0    0   14    5    0    0   72   44    0    0    0    5    0    0    0    9   10    0    2    0    0    0    0   55    0    1    0   95    0   70   44    0    0    0    0    0    0    1    1    0    0    0   57    0    1   24    2    0   13    1    4    0    3   16    7    0    0   82    0    0    3    0    0    0   10   31    0   20    1    2    0   17    1   12    0    0  
  0   33   14    2    4   59    0    0    0    0    0   97   39    0   14    6    7    0    1   44    0    0    0    1    0    1    0    0    0    0   69    6    0    0    0    1    0    3    0    5    0    0   11    0    0    0    0   85    0    0    1   30   59   37   22    0   36   26    0    0    0   17    0    0    0    0    4    0    0    0   22    0    0    0    0    0    0    0    1   96    3  
 47    0    1   21    0    0    0    2    0    0    0   25    1    0    0    0    0    0    0    1   62    0    0    0    0    3   42    0   32    0   15    0   82    0   62    0    0    0    0    0    0    0   45    1    2    0    0    1    0   12    0    0    0    0   29    1    0    0    6   32    0    0    0    9    0    0   34    0    0    7    2    0   21    8   12    1   25    1    0    0    0  
  0    0    0    0    0    0    4   93    0    0    0    0    0    0    0    0    0    3    0    0    1    0    0    0    0    0    0    6    0   86    0   60    0    0    2    0    0    0    0    0    0   18    0   19    0    0    0    0   95    0    0    0   76    0    0    1    0    1    0    3    0    0    0    0    0    1    0   25    0    1    0    0    0    4    3   84    8    0    0    0    0  
  0    0    0    0    0    0   42    6    0    0    0    0    0    0    0    0    0   18    0    0   22    0    0    0    3    0   35    0    0   14    0    0    0    0   24    0    8   81    0    0    0    9    0    0    0    0    1    0   21    0    0    0    0    0    0   60    0    0    0    0    0    0    0    0    0    0    7    0    0    0    0    0    0    0    0    6   85    0    0    0    0  
  0    0    0    0    0    0    0    0    0   48    0    0    0    1    0    0    0    0    0    0    0    0    1    0    0    0    0    1    0    0    0    0    0   39    0   51   64    0    1    0    1    0    0    0   19    2    0    0    0    0    0    0    0    0    0    0    0    0    0    0    1    0    0    0    0    0    0    0    0    0    0    4    0    0    0    0    0    0    0    0    0  
  1    0   79    2    0    0    0    1    0   12    0   83   28    0    0    0    0    0    0    0   94    0    0    3    1    0    1   53    1    0    3    0    0    0    6    0    1    0    0    0    0    0   60   60    0    0    1    1    0   92    0    0    0   30    9   45    0    0   80    1    0    0    0    2    0    1   34    0    0    0    3   33   61   95   53    3   61    0   20    0    0  
  3    4   94   47    1    6    0    0    0    0    0    1    1    0   12    0    1    0    3    0   10    1    0    1    0   17    0    0   50    0    2    0    0    0    1   51    2    0    0   50    0    0   15    1    0    0    0    2    0    1    1    4    0    1    2    0   63    2    1    0    0    1    0   27   29   12    0    0    0   41    0    0   21   74    0    0    0    0   51    0    0  
 34    1    0   53    1    0    0    0    0   18    1    0    1    1    7    0    0    0   13   20    1    0    2    0    0    1   44    2    0    0    0    0    0   12    0    0    1    0    2    0   24    0    1    0    1    0    5   30    0    1    0    0    0    0    1    0    0    0    0    0    0    0   39    0    0    0    0    0   96    5    0    0    0    0    0   30    3    0    0    0    0  
 55    0    9   40    0    0    0    1    1    1    0   71    1    0   74    0    0    0    1    0   89   74    0    0    0    0    8    0   24    0   42    0    0    0   82   14    0    0    0    0    0    0    1    7    0    0    0    1    0   28    8    9    0    1    1    2    0    0   63    1    0    0    1    4    0    1    0    0    0   13    5    0    0    3    5   14   74    1   26    0    0  
  1    0    1   91    0    0    0    4    0    0    0   83    0    2    0    0    0    0    0    0   84    0    0    0    1    0   99    0    2    0   28    0    0    0    1    0    0    0    0    0    0    0    1    2    0    0   10   76    0   11    0    0    1   67   33   78    0    0    6    1    0    0    0    2    0    2    1    0    0    2   10    0    2    0    1   12   60   12    0    0    0  
  2    0    0    0    0    0    0   15    0    0    0    0    0    0    0    0    0   19    0    0    1    0    0    0    0    0    8    0    0   30    1    0    0    0    1    0    0    0    0    0    0    3   45   17    0    0   22    0    1    1    0    0    0    0    0   99    0    0   11   27    0    0    0    1    0   47    2    0    0   15    0    0    1    4    0   67   70    0    0    0    0  
  7    0    0    0    0    0   65    4    0    0    0    0    0   11    0    0    0   29    0    0    2    0    0    0    6    0    3    0    0    1    0    0    0    0   46    0    0   96    0    0    0   11    0   33    0    1   46    0   73   52    0    0    0    0    0    1    0    0    0   16    0    0    0    0    0   31    2    7    0    2    0    0   97    1    1    0   30    0    0    0    0  
  1    0    0   54    0    0    0   84    0   77   46    0    0    0    0    0    0   27    1    0   50    0    0    0   21    0    1    4   21   45   97    0    0    0   35    0    3   17   56    0    0   18   13    3   41    0    7    5   74   14    0   50    0    0    0    1    0    0    0   25    0    0    0   66    0   95    3    1    0   27    0    8   11    1   75    1    0    0    0    0    0  
  0    0    0    0    0    0    0    0    1   17    0   55    0    0    2    0    0    0    0    0    0   56    0    0    0    0    0    0    1    0    1    0   86    0    0    0    0    0    0    0    0    0    0    0    0    0    0    0    0    5    0    0    0    0    0    0   69    0  100    0    0    0    1   10    0    1    0    0    0    0    0    0    1   80    0    0    0    0   13    0    0  
  0    7   21   81    5    1    0    0    0    0    0   21   26    0    2    1   38    0   19    0    0    0    0   12    0    3    0    0    0    0    1   22    0    0    0   17    0    0    0    2    0    0   45    0    4    0    0    1    0    0   12    1   65    5    1    0    0    1   23    0    0   40    0   79   32    0    0    0    1    0   11    0   57    0    0    0    0    0    0   35    0  
  0    1    0    0    1   15    0    0    0    0    0    0   19    0    6   28    2    0   44    1    0   85    0   40    0    6    0    0    0    0    0    1    0    0    0    1    0    0    0    1    0    0    0   18    0    0    0    0    0    0    2    1   75   44   35    0    0    1    0    0    9   36    0    0   90    0    0    0    0    0    0    0    0    0    0    0    0    0    2    0    4  
  0   10    0    6   18    1    0    0    0    0    0    2    1    0    1    8   28    0   19   32    0    0    0    0    0    8    0    0    0    0    0   22    0    0    0    4    5    0    0   10    1    0    0    0    0    0    0    0    0    0    0    0   90   89    0    0    0    0    0    0    0   20    0    0    4    0    0    0    0    0    0    0    0    0    0    0    0   16    0    1    0  
