100

 0   0   0   1   1   1   4   4   6   6   6   1   1   1   2   2   2   3   4   5   5   5   6   6   7   2   2   2   2   3   4   4   4   6   6   6   6   7   7   3   3   3   5   5   6   6   6   7   8   8   8   8   9   4   4   5   5   5   5   5   5   6   7   8   8   8   9  10   6   6   7   7   8   8   8   9   9   9   9  10  10  10  11   6   7   7   8   8   8   9   9  10  10  11  11  12  12  12  12  12  
 0   0   0   1   1   1   4   4   6   6   6   1   1   1   2   2   2   3   4   5   5   5   6   6   7   2   2   2   2   3   4   4   4   6   6   6   6   7   7   3   3   3   5   5   6   6   6   7   8   8   8   8   9   4   4   5   5   5   5   5   5   6   7   8   8   8   9  10   6   6   7   7   8   8   8   9   9   9   9  10  10  10  11   6   7   7   8   8   8   9   9  10  10  11  11  12  12  12  12  12  
 0   0   0   1   1   1   4   4   6   6   6   1   1   1   2   2   2   3   4   5   5   5   6   6   7   2   2   2   2   3   4   4   4   6   6   6   6   7   7   3   3   3   5   5   6   6   6   7   8   8   8   8   9   4   4   5   5   5   5   5   5   6   7   8   8   8   9  10   6   6   7   7   8   8   8   9   9   9   9  10  10  10  11   6   7   7   8   8   8   9   9  10  10  11  11  12  12  12  12  12  
 1   1   1   0   0   0   3   3   5   5   5   2   2   2   1   1   1   2   3   4   4   4   5   5   6   3   3   3   3   2   3   3   3   5   5   5   5   6   6   4   4   4   4   4   5   5   5   6   7   7   7   7   8   5   5   4   4   4   4   4   4   5   6   7   7   7   8   9   5   5   6   6   7   7   7   8   8   8   8   9   9   9  10   7   6   6   7   7   7   8   8   9   9  10  10  11  11  11  11  11  
 1   1   1   0   0   0   3   3   5   5   5   2   2   2   1   1   1   2   3   4   4   4   5   5   6   3   3   3   3   2   3   3   3   5   5   5   5   6   6   4   4   4   4   4   5   5   5   6   7   7   7   7   8   5   5   4   4   4   4   4   4   5   6   7   7   7   8   9   5   5   6   6   7   7   7   8   8   8   8   9   9   9  10   7   6   6   7   7   7   8   8   9   9  10  10  11  11  11  11  11  
 1   1   1   0   0   0   3   3   5   5   5   2   2   2   1   1   1   2   3   4   4   4   5   5   6   3   3   3   3   2   3   3   3   5   5   5   5   6   6   4   4   4   4   4   5   5   5   6   7   7   7   7   8   5   5   4   4   4   4   4   4   5   6   7   7   7   8   9   5   5   6   6   7   7   7   8   8   8   8   9   9   9  10   7   6   6   7   7   7   8   8   9   9  10  10  11  11  11  11  11  
 4   4   4   3   3   3   0   0   2   2   2   5   5   5   4   4   4   3   2   1   1   1   2   2   3   6   6   6   6   5   4   4   4   2   2   2   2   3   3   7   7   7   5   5   4   4   4   3   4   4   4   4   5   8   8   7   7   7   7   7   7   6   5   4   4   4   5   6   8   8   7   7   6   6   6   5   5   5   5   6   6   6   7  10   9   9   8   8   8   7   7   6   6   7   7   8   8   8   8   8  
 4   4   4   3   3   3   0   0   2   2   2   5   5   5   4   4   4   3   2   1   1   1   2   2   3   6   6   6   6   5   4   4   4   2   2   2   2   3   3   7   7   7   5   5   4   4   4   3   4   4   4   4   5   8   8   7   7   7   7   7   7   6   5   4   4   4   5   6   8   8   7   7   6   6   6   5   5   5   5   6   6   6   7  10   9   9   8   8   8   7   7   6   6   7   7   8   8   8   8   8  
 6   6   6   5   5   5   2   2   0   0   0   7   7   7   6   6   6   5   4   3   3   3   2   2   1   8   8   8   8   7   6   6   6   4   4   4   4   3   3   9   9   9   7   7   6   6   6   5   4   4   4   4   3  10  10   9   9   9   9   9   9   8   7   6   6   6   5   4  10  10   9   9   8   8   8   7   7   7   7   6   6   6   5  12  11  11  10  10  10   9   9   8   8   7   7   6   6   6   6   6  
 6   6   6   5   5   5   2   2   0   0   0   7   7   7   6   6   6   5   4   3   3   3   2   2   1   8   8   8   8   7   6   6   6   4   4   4   4   3   3   9   9   9   7   7   6   6   6   5   4   4   4   4   3  10  10   9   9   9   9   9   9   8   7   6   6   6   5   4  10  10   9   9   8   8   8   7   7   7   7   6   6   6   5  12  11  11  10  10  10   9   9   8   8   7   7   6   6   6   6   6  
 6   6   6   5   5   5   2   2   0   0   0   7   7   7   6   6   6   5   4   3   3   3   2   2   1   8   8   8   8   7   6   6   6   4   4   4   4   3   3   9   9   9   7   7   6   6   6   5   4   4   4   4   3  10  10   9   9   9   9   9   9   8   7   6   6   6   5   4  10  10   9   9   8   8   8   7   7   7   7   6   6   6   5  12  11  11  10  10  10   9   9   8   8   7   7   6   6   6   6   6  
 1   1   1   2   2   2   5   5   7   7   7   0   0   0   1   1   1   2   3   4   4   4   5   5   6   1   1   1   1   2   3   3   3   5   5   5   5   6   6   2   2   2   4   4   5   5   5   6   7   7   7   7   8   3   3   4   4   4   4   4   4   5   6   7   7   7   8   9   5   5   6   6   7   7   7   8   8   8   8   9   9   9  10   5   6   6   7   7   7   8   8   9   9  10  10  11  11  11  11  11  
 1   1   1   2   2   2   5   5   7   7   7   0   0   0   1   1   1   2   3   4   4   4   5   5   6   1   1   1   1   2   3   3   3   5   5   5   5   6   6   2   2   2   4   4   5   5   5   6   7   7   7   7   8   3   3   4   4   4   4   4   4   5   6   7   7   7   8   9   5   5   6   6   7   7   7   8   8   8   8   9   9   9  10   5   6   6   7   7   7   8   8   9   9  10  10  11  11  11  11  11  
 1   1   1   2   2   2   5   5   7   7   7   0   0   0   1   1   1   2   3   4   4   4   5   5   6   1   1   1   1   2   3   3   3   5   5   5   5   6   6   2   2   2   4   4   5   5   5   6   7   7   7   7   8   3   3   4   4   4   4   4   4   5   6   7   7   7   8   9   5   5   6   6   7   7   7   8   8   8   8   9   9   9  10   5   6   6   7   7   7   8   8   9   9  10  10  11  11  11  11  11  
 2   2   2   1   1   1   4   4   6   6   6   1   1   1   0   0   0   1   2   3   3   3   4   4   5   2   2   2   2   1   2   2   2   4   4   4   4   5   5   3   3   3   3   3   4   4   4   5   6   6   6   6   7   4   4   3   3   3   3   3   3   4   5   6   6   6   7   8   4   4   5   5   6   6   6   7   7   7   7   8   8   8   9   6   5   5   6   6   6   7   7   8   8   9   9  10  10  10  10  10  
 2   2   2   1   1   1   4   4   6   6   6   1   1   1   0   0   0   1   2   3   3   3   4   4   5   2   2   2   2   1   2   2   2   4   4   4   4   5   5   3   3   3   3   3   4   4   4   5   6   6   6   6   7   4   4   3   3   3   3   3   3   4   5   6   6   6   7   8   4   4   5   5   6   6   6   7   7   7   7   8   8   8   9   6   5   5   6   6   6   7   7   8   8   9   9  10  10  10  10  10  
 2   2   2   1   1   1   4   4   6   6   6   1   1   1   0   0   0   1   2   3   3   3   4   4   5   2   2   2   2   1   2   2   2   4   4   4   4   5   5   3   3   3   3   3   4   4   4   5   6   6   6   6   7   4   4   3   3   3   3   3   3   4   5   6   6   6   7   8   4   4   5   5   6   6   6   7   7   7   7   8   8   8   9   6   5   5   6   6   6   7   7   8   8   9   9  10  10  10  10  10  
 3   3   3   2   2   2   3   3   5   5   5   2   2   2   1   1   1   0   1   2   2   2   3   3   4   3   3   3   3   2   1   1   1   3   3   3   3   4   4   4   4   4   2   2   3   3   3   4   5   5   5   5   6   5   5   4   4   4   4   4   4   3   4   5   5   5   6   7   5   5   4   4   5   5   5   6   6   6   6   7   7   7   8   7   6   6   5   5   5   6   6   7   7   8   8   9   9   9   9   9  
 4   4   4   3   3   3   2   2   4   4   4   3   3   3   2   2   2   1   0   1   1   1   2   2   3   4   4   4   4   3   2   2   2   2   2   2   2   3   3   5   5   5   3   3   2   2   2   3   4   4   4   4   5   6   6   5   5   5   5   5   5   4   3   4   4   4   5   6   6   6   5   5   4   4   4   5   5   5   5   6   6   6   7   8   7   7   6   6   6   5   5   6   6   7   7   8   8   8   8   8  
 5   5   5   4   4   4   1   1   3   3   3   4   4   4   3   3   3   2   1   0   0   0   1   1   2   5   5   5   5   4   3   3   3   1   1   1   1   2   2   6   6   6   4   4   3   3   3   2   3   3   3   3   4   7   7   6   6   6   6   6   6   5   4   3   3   3   4   5   7   7   6   6   5   5   5   4   4   4   4   5   5   5   6   9   8   8   7   7   7   6   6   5   5   6   6   7   7   7   7   7  
 5   5   5   4   4   4   1   1   3   3   3   4   4   4   3   3   3   2   1   0   0   0   1   1   2   5   5   5   5   4   3   3   3   1   1   1   1   2   2   6   6   6   4   4   3   3   3   2   3   3   3   3   4   7   7   6   6   6   6   6   6   5   4   3   3   3   4   5   7   7   6   6   5   5   5   4   4   4   4   5   5   5   6   9   8   8   7   7   7   6   6   5   5   6   6   7   7   7   7   7  
 5   5   5   4   4   4   1   1   3   3   3   4   4   4   3   3   3   2   1   0   0   0   1   1   2   5   5   5   5   4   3   3   3   1   1   1   1   2   2   6   6   6   4   4   3   3   3   2   3   3   3   3   4   7   7   6   6   6   6   6   6   5   4   3   3   3   4   5   7   7   6   6   5   5   5   4   4   4   4   5   5   5   6   9   8   8   7   7   7   6   6   5   5   6   6   7   7   7   7   7  
 6   6   6   5   5   5   2   2   2   2   2   5   5   5   4   4   4   3   2   1   1   1   0   0   1   6   6   6   6   5   4   4   4   2   2   2   2   1   1   7   7   7   5   5   4   4   4   3   2   2   2   2   3   8   8   7   7   7   7   7   7   6   5   4   4   4   3   4   8   8   7   7   6   6   6   5   5   5   5   4   4   4   5  10   9   9   8   8   8   7   7   6   6   5   5   6   6   6   6   6  
 6   6   6   5   5   5   2   2   2   2   2   5   5   5   4   4   4   3   2   1   1   1   0   0   1   6   6   6   6   5   4   4   4   2   2   2   2   1   1   7   7   7   5   5   4   4   4   3   2   2   2   2   3   8   8   7   7   7   7   7   7   6   5   4   4   4   3   4   8   8   7   7   6   6   6   5   5   5   5   4   4   4   5  10   9   9   8   8   8   7   7   6   6   5   5   6   6   6   6   6  
 7   7   7   6   6   6   3   3   1   1   1   6   6   6   5   5   5   4   3   2   2   2   1   1   0   7   7   7   7   6   5   5   5   3   3   3   3   2   2   8   8   8   6   6   5   5   5   4   3   3   3   3   2   9   9   8   8   8   8   8   8   7   6   5   5   5   4   3   9   9   8   8   7   7   7   6   6   6   6   5   5   5   4  11  10  10   9   9   9   8   8   7   7   6   6   5   5   5   5   5  
 2   2   2   3   3   3   6   6   8   8   8   1   1   1   2   2   2   3   4   5   5   5   6   6   7   0   0   0   0   1   2   2   2   4   4   4   4   5   5   1   1   1   3   3   4   4   4   5   6   6   6   6   7   2   2   3   3   3   3   3   3   4   5   6   6   6   7   8   4   4   5   5   6   6   6   7   7   7   7   8   8   8   9   4   5   5   6   6   6   7   7   8   8   9   9  10  10  10  10  10  
 2   2   2   3   3   3   6   6   8   8   8   1   1   1   2   2   2   3   4   5   5   5   6   6   7   0   0   0   0   1   2   2   2   4   4   4   4   5   5   1   1   1   3   3   4   4   4   5   6   6   6   6   7   2   2   3   3   3   3   3   3   4   5   6   6   6   7   8   4   4   5   5   6   6   6   7   7   7   7   8   8   8   9   4   5   5   6   6   6   7   7   8   8   9   9  10  10  10  10  10  
 2   2   2   3   3   3   6   6   8   8   8   1   1   1   2   2   2   3   4   5   5   5   6   6   7   0   0   0   0   1   2   2   2   4   4   4   4   5   5   1   1   1   3   3   4   4   4   5   6   6   6   6   7   2   2   3   3   3   3   3   3   4   5   6   6   6   7   8   4   4   5   5   6   6   6   7   7   7   7   8   8   8   9   4   5   5   6   6   6   7   7   8   8   9   9  10  10  10  10  10  
 2   2   2   3   3   3   6   6   8   8   8   1   1   1   2   2   2   3   4   5   5   5   6   6   7   0   0   0   0   1   2   2   2   4   4   4   4   5   5   1   1   1   3   3   4   4   4   5   6   6   6   6   7   2   2   3   3   3   3   3   3   4   5   6   6   6   7   8   4   4   5   5   6   6   6   7   7   7   7   8   8   8   9   4   5   5   6   6   6   7   7   8   8   9   9  10  10  10  10  10  
 3   3   3   2   2   2   5   5   7   7   7   2   2   2   1   1   1   2   3   4   4   4   5   5   6   1   1   1   1   0   1   1   1   3   3   3   3   4   4   2   2   2   2   2   3   3   3   4   5   5   5   5   6   3   3   2   2   2   2   2   2   3   4   5   5   5   6   7   3   3   4   4   5   5   5   6   6   6   6   7   7   7   8   5   4   4   5   5   5   6   6   7   7   8   8   9   9   9   9   9  
 4   4   4   3   3   3   4   4   6   6   6   3   3   3   2   2   2   1   2   3   3   3   4   4   5   2   2   2   2   1   0   0   0   2   2   2   2   3   3   3   3   3   1   1   2   2   2   3   4   4   4   4   5   4   4   3   3   3   3   3   3   2   3   4   4   4   5   6   4   4   3   3   4   4   4   5   5   5   5   6   6   6   7   6   5   5   4   4   4   5   5   6   6   7   7   8   8   8   8   8  
 4   4   4   3   3   3   4   4   6   6   6   3   3   3   2   2   2   1   2   3   3   3   4   4   5   2   2   2   2   1   0   0   0   2   2   2   2   3   3   3   3   3   1   1   2   2   2   3   4   4   4   4   5   4   4   3   3   3   3   3   3   2   3   4   4   4   5   6   4   4   3   3   4   4   4   5   5   5   5   6   6   6   7   6   5   5   4   4   4   5   5   6   6   7   7   8   8   8   8   8  
 4   4   4   3   3   3   4   4   6   6   6   3   3   3   2   2   2   1   2   3   3   3   4   4   5   2   2   2   2   1   0   0   0   2   2   2   2   3   3   3   3   3   1   1   2   2   2   3   4   4   4   4   5   4   4   3   3   3   3   3   3   2   3   4   4   4   5   6   4   4   3   3   4   4   4   5   5   5   5   6   6   6   7   6   5   5   4   4   4   5   5   6   6   7   7   8   8   8   8   8  
 6   6   6   5   5   5   2   2   4   4   4   5   5   5   4   4   4   3   2   1   1   1   2   2   3   4   4   4   4   3   2   2   2   0   0   0   0   1   1   5   5   5   3   3   2   2   2   1   2   2   2   2   3   6   6   5   5   5   5   5   5   4   3   2   2   2   3   4   6   6   5   5   4   4   4   3   3   3   3   4   4   4   5   8   7   7   6   6   6   5   5   4   4   5   5   6   6   6   6   6  
 6   6   6   5   5   5   2   2   4   4   4   5   5   5   4   4   4   3   2   1   1   1   2   2   3   4   4   4   4   3   2   2   2   0   0   0   0   1   1   5   5   5   3   3   2   2   2   1   2   2   2   2   3   6   6   5   5   5   5   5   5   4   3   2   2   2   3   4   6   6   5   5   4   4   4   3   3   3   3   4   4   4   5   8   7   7   6   6   6   5   5   4   4   5   5   6   6   6   6   6  
 6   6   6   5   5   5   2   2   4   4   4   5   5   5   4   4   4   3   2   1   1   1   2   2   3   4   4   4   4   3   2   2   2   0   0   0   0   1   1   5   5   5   3   3   2   2   2   1   2   2   2   2   3   6   6   5   5   5   5   5   5   4   3   2   2   2   3   4   6   6   5   5   4   4   4   3   3   3   3   4   4   4   5   8   7   7   6   6   6   5   5   4   4   5   5   6   6   6   6   6  
 6   6   6   5   5   5   2   2   4   4   4   5   5   5   4   4   4   3   2   1   1   1   2   2   3   4   4   4   4   3   2   2   2   0   0   0   0   1   1   5   5   5   3   3   2   2   2   1   2   2   2   2   3   6   6   5   5   5   5   5   5   4   3   2   2   2   3   4   6   6   5   5   4   4   4   3   3   3   3   4   4   4   5   8   7   7   6   6   6   5   5   4   4   5   5   6   6   6   6   6  
 7   7   7   6   6   6   3   3   3   3   3   6   6   6   5   5   5   4   3   2   2   2   1   1   2   5   5   5   5   4   3   3   3   1   1   1   1   0   0   6   6   6   4   4   3   3   3   2   1   1   1   1   2   7   7   6   6   6   6   6   6   5   4   3   3   3   2   3   7   7   6   6   5   5   5   4   4   4   4   3   3   3   4   9   8   8   7   7   7   6   6   5   5   4   4   5   5   5   5   5  
 7   7   7   6   6   6   3   3   3   3   3   6   6   6   5   5   5   4   3   2   2   2   1   1   2   5   5   5   5   4   3   3   3   1   1   1   1   0   0   6   6   6   4   4   3   3   3   2   1   1   1   1   2   7   7   6   6   6   6   6   6   5   4   3   3   3   2   3   7   7   6   6   5   5   5   4   4   4   4   3   3   3   4   9   8   8   7   7   7   6   6   5   5   4   4   5   5   5   5   5  
 3   3   3   4   4   4   7   7   9   9   9   2   2   2   3   3   3   4   5   6   6   6   7   7   8   1   1   1   1   2   3   3   3   5   5   5   5   6   6   0   0   0   2   2   3   3   3   4   5   5   5   5   6   1   1   2   2   2   2   2   2   3   4   5   5   5   6   7   3   3   4   4   5   5   5   6   6   6   6   7   7   7   8   3   4   4   5   5   5   6   6   7   7   8   8   9   9   9   9   9  
 3   3   3   4   4   4   7   7   9   9   9   2   2   2   3   3   3   4   5   6   6   6   7   7   8   1   1   1   1   2   3   3   3   5   5   5   5   6   6   0   0   0   2   2   3   3   3   4   5   5   5   5   6   1   1   2   2   2   2   2   2   3   4   5   5   5   6   7   3   3   4   4   5   5   5   6   6   6   6   7   7   7   8   3   4   4   5   5   5   6   6   7   7   8   8   9   9   9   9   9  
 3   3   3   4   4   4   7   7   9   9   9   2   2   2   3   3   3   4   5   6   6   6   7   7   8   1   1   1   1   2   3   3   3   5   5   5   5   6   6   0   0   0   2   2   3   3   3   4   5   5   5   5   6   1   1   2   2   2   2   2   2   3   4   5   5   5   6   7   3   3   4   4   5   5   5   6   6   6   6   7   7   7   8   3   4   4   5   5   5   6   6   7   7   8   8   9   9   9   9   9  
 5   5   5   4   4   4   5   5   7   7   7   4   4   4   3   3   3   2   3   4   4   4   5   5   6   3   3   3   3   2   1   1   1   3   3   3   3   4   4   2   2   2   0   0   1   1   1   2   3   3   3   3   4   3   3   2   2   2   2   2   2   1   2   3   3   3   4   5   3   3   2   2   3   3   3   4   4   4   4   5   5   5   6   5   4   4   3   3   3   4   4   5   5   6   6   7   7   7   7   7  
 5   5   5   4   4   4   5   5   7   7   7   4   4   4   3   3   3   2   3   4   4   4   5   5   6   3   3   3   3   2   1   1   1   3   3   3   3   4   4   2   2   2   0   0   1   1   1   2   3   3   3   3   4   3   3   2   2   2   2   2   2   1   2   3   3   3   4   5   3   3   2   2   3   3   3   4   4   4   4   5   5   5   6   5   4   4   3   3   3   4   4   5   5   6   6   7   7   7   7   7  
 6   6   6   5   5   5   4   4   6   6   6   5   5   5   4   4   4   3   2   3   3   3   4   4   5   4   4   4   4   3   2   2   2   2   2   2   2   3   3   3   3   3   1   1   0   0   0   1   2   2   2   2   3   4   4   3   3   3   3   3   3   2   1   2   2   2   3   4   4   4   3   3   2   2   2   3   3   3   3   4   4   4   5   6   5   5   4   4   4   3   3   4   4   5   5   6   6   6   6   6  
 6   6   6   5   5   5   4   4   6   6   6   5   5   5   4   4   4   3   2   3   3   3   4   4   5   4   4   4   4   3   2   2   2   2   2   2   2   3   3   3   3   3   1   1   0   0   0   1   2   2   2   2   3   4   4   3   3   3   3   3   3   2   1   2   2   2   3   4   4   4   3   3   2   2   2   3   3   3   3   4   4   4   5   6   5   5   4   4   4   3   3   4   4   5   5   6   6   6   6   6  
 6   6   6   5   5   5   4   4   6   6   6   5   5   5   4   4   4   3   2   3   3   3   4   4   5   4   4   4   4   3   2   2   2   2   2   2   2   3   3   3   3   3   1   1   0   0   0   1   2   2   2   2   3   4   4   3   3   3   3   3   3   2   1   2   2   2   3   4   4   4   3   3   2   2   2   3   3   3   3   4   4   4   5   6   5   5   4   4   4   3   3   4   4   5   5   6   6   6   6   6  
 7   7   7   6   6   6   3   3   5   5   5   6   6   6   5   5   5   4   3   2   2   2   3   3   4   5   5   5   5   4   3   3   3   1   1   1   1   2   2   4   4   4   2   2   1   1   1   0   1   1   1   1   2   5   5   4   4   4   4   4   4   3   2   1   1   1   2   3   5   5   4   4   3   3   3   2   2   2   2   3   3   3   4   7   6   6   5   5   5   4   4   3   3   4   4   5   5   5   5   5  
 8   8   8   7   7   7   4   4   4   4   4   7   7   7   6   6   6   5   4   3   3   3   2   2   3   6   6   6   6   5   4   4   4   2   2   2   2   1   1   5   5   5   3   3   2   2   2   1   0   0   0   0   1   6   6   5   5   5   5   5   5   4   3   2   2   2   1   2   6   6   5   5   4   4   4   3   3   3   3   2   2   2   3   8   7   7   6   6   6   5   5   4   4   3   3   4   4   4   4   4  
 8   8   8   7   7   7   4   4   4   4   4   7   7   7   6   6   6   5   4   3   3   3   2   2   3   6   6   6   6   5   4   4   4   2   2   2   2   1   1   5   5   5   3   3   2   2   2   1   0   0   0   0   1   6   6   5   5   5   5   5   5   4   3   2   2   2   1   2   6   6   5   5   4   4   4   3   3   3   3   2   2   2   3   8   7   7   6   6   6   5   5   4   4   3   3   4   4   4   4   4  
 8   8   8   7   7   7   4   4   4   4   4   7   7   7   6   6   6   5   4   3   3   3   2   2   3   6   6   6   6   5   4   4   4   2   2   2   2   1   1   5   5   5   3   3   2   2   2   1   0   0   0   0   1   6   6   5   5   5   5   5   5   4   3   2   2   2   1   2   6   6   5   5   4   4   4   3   3   3   3   2   2   2   3   8   7   7   6   6   6   5   5   4   4   3   3   4   4   4   4   4  
 8   8   8   7   7   7   4   4   4   4   4   7   7   7   6   6   6   5   4   3   3   3   2   2   3   6   6   6   6   5   4   4   4   2   2   2   2   1   1   5   5   5   3   3   2   2   2   1   0   0   0   0   1   6   6   5   5   5   5   5   5   4   3   2   2   2   1   2   6   6   5   5   4   4   4   3   3   3   3   2   2   2   3   8   7   7   6   6   6   5   5   4   4   3   3   4   4   4   4   4  
 9   9   9   8   8   8   5   5   3   3   3   8   8   8   7   7   7   6   5   4   4   4   3   3   2   7   7   7   7   6   5   5   5   3   3   3   3   2   2   6   6   6   4   4   3   3   3   2   1   1   1   1   0   7   7   6   6   6   6   6   6   5   4   3   3   3   2   1   7   7   6   6   5   5   5   4   4   4   4   3   3   3   2   9   8   8   7   7   7   6   6   5   5   4   4   3   3   3   3   3  
 4   4   4   5   5   5   8   8  10  10  10   3   3   3   4   4   4   5   6   7   7   7   8   8   9   2   2   2   2   3   4   4   4   6   6   6   6   7   7   1   1   1   3   3   4   4   4   5   6   6   6   6   7   0   0   1   1   1   1   1   1   2   3   4   4   4   5   6   2   2   3   3   4   4   4   5   5   5   5   6   6   6   7   2   3   3   4   4   4   5   5   6   6   7   7   8   8   8   8   8  
 4   4   4   5   5   5   8   8  10  10  10   3   3   3   4   4   4   5   6   7   7   7   8   8   9   2   2   2   2   3   4   4   4   6   6   6   6   7   7   1   1   1   3   3   4   4   4   5   6   6   6   6   7   0   0   1   1   1   1   1   1   2   3   4   4   4   5   6   2   2   3   3   4   4   4   5   5   5   5   6   6   6   7   2   3   3   4   4   4   5   5   6   6   7   7   8   8   8   8   8  
 5   5   5   4   4   4   7   7   9   9   9   4   4   4   3   3   3   4   5   6   6   6   7   7   8   3   3   3   3   2   3   3   3   5   5   5   5   6   6   2   2   2   2   2   3   3   3   4   5   5   5   5   6   1   1   0   0   0   0   0   0   1   2   3   3   3   4   5   1   1   2   2   3   3   3   4   4   4   4   5   5   5   6   3   2   2   3   3   3   4   4   5   5   6   6   7   7   7   7   7  
 5   5   5   4   4   4   7   7   9   9   9   4   4   4   3   3   3   4   5   6   6   6   7   7   8   3   3   3   3   2   3   3   3   5   5   5   5   6   6   2   2   2   2   2   3   3   3   4   5   5   5   5   6   1   1   0   0   0   0   0   0   1   2   3   3   3   4   5   1   1   2   2   3   3   3   4   4   4   4   5   5   5   6   3   2   2   3   3   3   4   4   5   5   6   6   7   7   7   7   7  
 5   5   5   4   4   4   7   7   9   9   9   4   4   4   3   3   3   4   5   6   6   6   7   7   8   3   3   3   3   2   3   3   3   5   5   5   5   6   6   2   2   2   2   2   3   3   3   4   5   5   5   5   6   1   1   0   0   0   0   0   0   1   2   3   3   3   4   5   1   1   2   2   3   3   3   4   4   4   4   5   5   5   6   3   2   2   3   3   3   4   4   5   5   6   6   7   7   7   7   7  
 5   5   5   4   4   4   7   7   9   9   9   4   4   4   3   3   3   4   5   6   6   6   7   7   8   3   3   3   3   2   3   3   3   5   5   5   5   6   6   2   2   2   2   2   3   3   3   4   5   5   5   5   6   1   1   0   0   0   0   0   0   1   2   3   3   3   4   5   1   1   2   2   3   3   3   4   4   4   4   5   5   5   6   3   2   2   3   3   3   4   4   5   5   6   6   7   7   7   7   7  
 5   5   5   4   4   4   7   7   9   9   9   4   4   4   3   3   3   4   5   6   6   6   7   7   8   3   3   3   3   2   3   3   3   5   5   5   5   6   6   2   2   2   2   2   3   3   3   4   5   5   5   5   6   1   1   0   0   0   0   0   0   1   2   3   3   3   4   5   1   1   2   2   3   3   3   4   4   4   4   5   5   5   6   3   2   2   3   3   3   4   4   5   5   6   6   7   7   7   7   7  
 5   5   5   4   4   4   7   7   9   9   9   4   4   4   3   3   3   4   5   6   6   6   7   7   8   3   3   3   3   2   3   3   3   5   5   5   5   6   6   2   2   2   2   2   3   3   3   4   5   5   5   5   6   1   1   0   0   0   0   0   0   1   2   3   3   3   4   5   1   1   2   2   3   3   3   4   4   4   4   5   5   5   6   3   2   2   3   3   3   4   4   5   5   6   6   7   7   7   7   7  
 6   6   6   5   5   5   6   6   8   8   8   5   5   5   4   4   4   3   4   5   5   5   6   6   7   4   4   4   4   3   2   2   2   4   4   4   4   5   5   3   3   3   1   1   2   2   2   3   4   4   4   4   5   2   2   1   1   1   1   1   1   0   1   2   2   2   3   4   2   2   1   1   2   2   2   3   3   3   3   4   4   4   5   4   3   3   2   2   2   3   3   4   4   5   5   6   6   6   6   6  
 7   7   7   6   6   6   5   5   7   7   7   6   6   6   5   5   5   4   3   4   4   4   5   5   6   5   5   5   5   4   3   3   3   3   3   3   3   4   4   4   4   4   2   2   1   1   1   2   3   3   3   3   4   3   3   2   2   2   2   2   2   1   0   1   1   1   2   3   3   3   2   2   1   1   1   2   2   2   2   3   3   3   4   5   4   4   3   3   3   2   2   3   3   4   4   5   5   5   5   5  
 8   8   8   7   7   7   4   4   6   6   6   7   7   7   6   6   6   5   4   3   3   3   4   4   5   6   6   6   6   5   4   4   4   2   2   2   2   3   3   5   5   5   3   3   2   2   2   1   2   2   2   2   3   4   4   3   3   3   3   3   3   2   1   0   0   0   1   2   4   4   3   3   2   2   2   1   1   1   1   2   2   2   3   6   5   5   4   4   4   3   3   2   2   3   3   4   4   4   4   4  
 8   8   8   7   7   7   4   4   6   6   6   7   7   7   6   6   6   5   4   3   3   3   4   4   5   6   6   6   6   5   4   4   4   2   2   2   2   3   3   5   5   5   3   3   2   2   2   1   2   2   2   2   3   4   4   3   3   3   3   3   3   2   1   0   0   0   1   2   4   4   3   3   2   2   2   1   1   1   1   2   2   2   3   6   5   5   4   4   4   3   3   2   2   3   3   4   4   4   4   4  
 8   8   8   7   7   7   4   4   6   6   6   7   7   7   6   6   6   5   4   3   3   3   4   4   5   6   6   6   6   5   4   4   4   2   2   2   2   3   3   5   5   5   3   3   2   2   2   1   2   2   2   2   3   4   4   3   3   3   3   3   3   2   1   0   0   0   1   2   4   4   3   3   2   2   2   1   1   1   1   2   2   2   3   6   5   5   4   4   4   3   3   2   2   3   3   4   4   4   4   4  
 9   9   9   8   8   8   5   5   5   5   5   8   8   8   7   7   7   6   5   4   4   4   3   3   4   7   7   7   7   6   5   5   5   3   3   3   3   2   2   6   6   6   4   4   3   3   3   2   1   1   1   1   2   5   5   4   4   4   4   4   4   3   2   1   1   1   0   1   5   5   4   4   3   3   3   2   2   2   2   1   1   1   2   7   6   6   5   5   5   4   4   3   3   2   2   3   3   3   3   3  
10  10  10   9   9   9   6   6   4   4   4   9   9   9   8   8   8   7   6   5   5   5   4   4   3   8   8   8   8   7   6   6   6   4   4   4   4   3   3   7   7   7   5   5   4   4   4   3   2   2   2   2   1   6   6   5   5   5   5   5   5   4   3   2   2   2   1   0   6   6   5   5   4   4   4   3   3   3   3   2   2   2   1   8   7   7   6   6   6   5   5   4   4   3   3   2   2   2   2   2  
 6   6   6   5   5   5   8   8  10  10  10   5   5   5   4   4   4   5   6   7   7   7   8   8   9   4   4   4   4   3   4   4   4   6   6   6   6   7   7   3   3   3   3   3   4   4   4   5   6   6   6   6   7   2   2   1   1   1   1   1   1   2   3   4   4   4   5   6   0   0   1   1   2   2   2   3   3   3   3   4   4   4   5   2   1   1   2   2   2   3   3   4   4   5   5   6   6   6   6   6  
 6   6   6   5   5   5   8   8  10  10  10   5   5   5   4   4   4   5   6   7   7   7   8   8   9   4   4   4   4   3   4   4   4   6   6   6   6   7   7   3   3   3   3   3   4   4   4   5   6   6   6   6   7   2   2   1   1   1   1   1   1   2   3   4   4   4   5   6   0   0   1   1   2   2   2   3   3   3   3   4   4   4   5   2   1   1   2   2   2   3   3   4   4   5   5   6   6   6   6   6  
 7   7   7   6   6   6   7   7   9   9   9   6   6   6   5   5   5   4   5   6   6   6   7   7   8   5   5   5   5   4   3   3   3   5   5   5   5   6   6   4   4   4   2   2   3   3   3   4   5   5   5   5   6   3   3   2   2   2   2   2   2   1   2   3   3   3   4   5   1   1   0   0   1   1   1   2   2   2   2   3   3   3   4   3   2   2   1   1   1   2   2   3   3   4   4   5   5   5   5   5  
 7   7   7   6   6   6   7   7   9   9   9   6   6   6   5   5   5   4   5   6   6   6   7   7   8   5   5   5   5   4   3   3   3   5   5   5   5   6   6   4   4   4   2   2   3   3   3   4   5   5   5   5   6   3   3   2   2   2   2   2   2   1   2   3   3   3   4   5   1   1   0   0   1   1   1   2   2   2   2   3   3   3   4   3   2   2   1   1   1   2   2   3   3   4   4   5   5   5   5   5  
 8   8   8   7   7   7   6   6   8   8   8   7   7   7   6   6   6   5   4   5   5   5   6   6   7   6   6   6   6   5   4   4   4   4   4   4   4   5   5   5   5   5   3   3   2   2   2   3   4   4   4   4   5   4   4   3   3   3   3   3   3   2   1   2   2   2   3   4   2   2   1   1   0   0   0   1   1   1   1   2   2   2   3   4   3   3   2   2   2   1   1   2   2   3   3   4   4   4   4   4  
 8   8   8   7   7   7   6   6   8   8   8   7   7   7   6   6   6   5   4   5   5   5   6   6   7   6   6   6   6   5   4   4   4   4   4   4   4   5   5   5   5   5   3   3   2   2   2   3   4   4   4   4   5   4   4   3   3   3   3   3   3   2   1   2   2   2   3   4   2   2   1   1   0   0   0   1   1   1   1   2   2   2   3   4   3   3   2   2   2   1   1   2   2   3   3   4   4   4   4   4  
 8   8   8   7   7   7   6   6   8   8   8   7   7   7   6   6   6   5   4   5   5   5   6   6   7   6   6   6   6   5   4   4   4   4   4   4   4   5   5   5   5   5   3   3   2   2   2   3   4   4   4   4   5   4   4   3   3   3   3   3   3   2   1   2   2   2   3   4   2   2   1   1   0   0   0   1   1   1   1   2   2   2   3   4   3   3   2   2   2   1   1   2   2   3   3   4   4   4   4   4  
 9   9   9   8   8   8   5   5   7   7   7   8   8   8   7   7   7   6   5   4   4   4   5   5   6   7   7   7   7   6   5   5   5   3   3   3   3   4   4   6   6   6   4   4   3   3   3   2   3   3   3   3   4   5   5   4   4   4   4   4   4   3   2   1   1   1   2   3   3   3   2   2   1   1   1   0   0   0   0   1   1   1   2   5   4   4   3   3   3   2   2   1   1   2   2   3   3   3   3   3  
 9   9   9   8   8   8   5   5   7   7   7   8   8   8   7   7   7   6   5   4   4   4   5   5   6   7   7   7   7   6   5   5   5   3   3   3   3   4   4   6   6   6   4   4   3   3   3   2   3   3   3   3   4   5   5   4   4   4   4   4   4   3   2   1   1   1   2   3   3   3   2   2   1   1   1   0   0   0   0   1   1   1   2   5   4   4   3   3   3   2   2   1   1   2   2   3   3   3   3   3  
 9   9   9   8   8   8   5   5   7   7   7   8   8   8   7   7   7   6   5   4   4   4   5   5   6   7   7   7   7   6   5   5   5   3   3   3   3   4   4   6   6   6   4   4   3   3   3   2   3   3   3   3   4   5   5   4   4   4   4   4   4   3   2   1   1   1   2   3   3   3   2   2   1   1   1   0   0   0   0   1   1   1   2   5   4   4   3   3   3   2   2   1   1   2   2   3   3   3   3   3  
 9   9   9   8   8   8   5   5   7   7   7   8   8   8   7   7   7   6   5   4   4   4   5   5   6   7   7   7   7   6   5   5   5   3   3   3   3   4   4   6   6   6   4   4   3   3   3   2   3   3   3   3   4   5   5   4   4   4   4   4   4   3   2   1   1   1   2   3   3   3   2   2   1   1   1   0   0   0   0   1   1   1   2   5   4   4   3   3   3   2   2   1   1   2   2   3   3   3   3   3  
10  10  10   9   9   9   6   6   6   6   6   9   9   9   8   8   8   7   6   5   5   5   4   4   5   8   8   8   8   7   6   6   6   4   4   4   4   3   3   7   7   7   5   5   4   4   4   3   2   2   2   2   3   6   6   5   5   5   5   5   5   4   3   2   2   2   1   2   4   4   3   3   2   2   2   1   1   1   1   0   0   0   1   6   5   5   4   4   4   3   3   2   2   1   1   2   2   2   2   2  
10  10  10   9   9   9   6   6   6   6   6   9   9   9   8   8   8   7   6   5   5   5   4   4   5   8   8   8   8   7   6   6   6   4   4   4   4   3   3   7   7   7   5   5   4   4   4   3   2   2   2   2   3   6   6   5   5   5   5   5   5   4   3   2   2   2   1   2   4   4   3   3   2   2   2   1   1   1   1   0   0   0   1   6   5   5   4   4   4   3   3   2   2   1   1   2   2   2   2   2  
10  10  10   9   9   9   6   6   6   6   6   9   9   9   8   8   8   7   6   5   5   5   4   4   5   8   8   8   8   7   6   6   6   4   4   4   4   3   3   7   7   7   5   5   4   4   4   3   2   2   2   2   3   6   6   5   5   5   5   5   5   4   3   2   2   2   1   2   4   4   3   3   2   2   2   1   1   1   1   0   0   0   1   6   5   5   4   4   4   3   3   2   2   1   1   2   2   2   2   2  
11  11  11  10  10  10   7   7   5   5   5  10  10  10   9   9   9   8   7   6   6   6   5   5   4   9   9   9   9   8   7   7   7   5   5   5   5   4   4   8   8   8   6   6   5   5   5   4   3   3   3   3   2   7   7   6   6   6   6   6   6   5   4   3   3   3   2   1   5   5   4   4   3   3   3   2   2   2   2   1   1   1   0   7   6   6   5   5   5   4   4   3   3   2   2   1   1   1   1   1  
 6   6   6   7   7   7  10  10  12  12  12   5   5   5   6   6   6   7   8   9   9   9  10  10  11   4   4   4   4   5   6   6   6   8   8   8   8   9   9   3   3   3   5   5   6   6   6   7   8   8   8   8   9   2   2   3   3   3   3   3   3   4   5   6   6   6   7   8   2   2   3   3   4   4   4   5   5   5   5   6   6   6   7   0   1   1   2   2   2   3   3   4   4   5   5   6   6   6   6   6  
 7   7   7   6   6   6   9   9  11  11  11   6   6   6   5   5   5   6   7   8   8   8   9   9  10   5   5   5   5   4   5   5   5   7   7   7   7   8   8   4   4   4   4   4   5   5   5   6   7   7   7   7   8   3   3   2   2   2   2   2   2   3   4   5   5   5   6   7   1   1   2   2   3   3   3   4   4   4   4   5   5   5   6   1   0   0   1   1   1   2   2   3   3   4   4   5   5   5   5   5  
 7   7   7   6   6   6   9   9  11  11  11   6   6   6   5   5   5   6   7   8   8   8   9   9  10   5   5   5   5   4   5   5   5   7   7   7   7   8   8   4   4   4   4   4   5   5   5   6   7   7   7   7   8   3   3   2   2   2   2   2   2   3   4   5   5   5   6   7   1   1   2   2   3   3   3   4   4   4   4   5   5   5   6   1   0   0   1   1   1   2   2   3   3   4   4   5   5   5   5   5  
 8   8   8   7   7   7   8   8  10  10  10   7   7   7   6   6   6   5   6   7   7   7   8   8   9   6   6   6   6   5   4   4   4   6   6   6   6   7   7   5   5   5   3   3   4   4   4   5   6   6   6   6   7   4   4   3   3   3   3   3   3   2   3   4   4   4   5   6   2   2   1   1   2   2   2   3   3   3   3   4   4   4   5   2   1   1   0   0   0   1   1   2   2   3   3   4   4   4   4   4  
 8   8   8   7   7   7   8   8  10  10  10   7   7   7   6   6   6   5   6   7   7   7   8   8   9   6   6   6   6   5   4   4   4   6   6   6   6   7   7   5   5   5   3   3   4   4   4   5   6   6   6   6   7   4   4   3   3   3   3   3   3   2   3   4   4   4   5   6   2   2   1   1   2   2   2   3   3   3   3   4   4   4   5   2   1   1   0   0   0   1   1   2   2   3   3   4   4   4   4   4  
 8   8   8   7   7   7   8   8  10  10  10   7   7   7   6   6   6   5   6   7   7   7   8   8   9   6   6   6   6   5   4   4   4   6   6   6   6   7   7   5   5   5   3   3   4   4   4   5   6   6   6   6   7   4   4   3   3   3   3   3   3   2   3   4   4   4   5   6   2   2   1   1   2   2   2   3   3   3   3   4   4   4   5   2   1   1   0   0   0   1   1   2   2   3   3   4   4   4   4   4  
 9   9   9   8   8   8   7   7   9   9   9   8   8   8   7   7   7   6   5   6   6   6   7   7   8   7   7   7   7   6   5   5   5   5   5   5   5   6   6   6   6   6   4   4   3   3   3   4   5   5   5   5   6   5   5   4   4   4   4   4   4   3   2   3   3   3   4   5   3   3   2   2   1   1   1   2   2   2   2   3   3   3   4   3   2   2   1   1   1   0   0   1   1   2   2   3   3   3   3   3  
 9   9   9   8   8   8   7   7   9   9   9   8   8   8   7   7   7   6   5   6   6   6   7   7   8   7   7   7   7   6   5   5   5   5   5   5   5   6   6   6   6   6   4   4   3   3   3   4   5   5   5   5   6   5   5   4   4   4   4   4   4   3   2   3   3   3   4   5   3   3   2   2   1   1   1   2   2   2   2   3   3   3   4   3   2   2   1   1   1   0   0   1   1   2   2   3   3   3   3   3  
10  10  10   9   9   9   6   6   8   8   8   9   9   9   8   8   8   7   6   5   5   5   6   6   7   8   8   8   8   7   6   6   6   4   4   4   4   5   5   7   7   7   5   5   4   4   4   3   4   4   4   4   5   6   6   5   5   5   5   5   5   4   3   2   2   2   3   4   4   4   3   3   2   2   2   1   1   1   1   2   2   2   3   4   3   3   2   2   2   1   1   0   0   1   1   2   2   2   2   2  
10  10  10   9   9   9   6   6   8   8   8   9   9   9   8   8   8   7   6   5   5   5   6   6   7   8   8   8   8   7   6   6   6   4   4   4   4   5   5   7   7   7   5   5   4   4   4   3   4   4   4   4   5   6   6   5   5   5   5   5   5   4   3   2   2   2   3   4   4   4   3   3   2   2   2   1   1   1   1   2   2   2   3   4   3   3   2   2   2   1   1   0   0   1   1   2   2   2   2   2  
11  11  11  10  10  10   7   7   7   7   7  10  10  10   9   9   9   8   7   6   6   6   5   5   6   9   9   9   9   8   7   7   7   5   5   5   5   4   4   8   8   8   6   6   5   5   5   4   3   3   3   3   4   7   7   6   6   6   6   6   6   5   4   3   3   3   2   3   5   5   4   4   3   3   3   2   2   2   2   1   1   1   2   5   4   4   3   3   3   2   2   1   1   0   0   1   1   1   1   1  
11  11  11  10  10  10   7   7   7   7   7  10  10  10   9   9   9   8   7   6   6   6   5   5   6   9   9   9   9   8   7   7   7   5   5   5   5   4   4   8   8   8   6   6   5   5   5   4   3   3   3   3   4   7   7   6   6   6   6   6   6   5   4   3   3   3   2   3   5   5   4   4   3   3   3   2   2   2   2   1   1   1   2   5   4   4   3   3   3   2   2   1   1   0   0   1   1   1   1   1  
12  12  12  11  11  11   8   8   6   6   6  11  11  11  10  10  10   9   8   7   7   7   6   6   5  10  10  10  10   9   8   8   8   6   6   6   6   5   5   9   9   9   7   7   6   6   6   5   4   4   4   4   3   8   8   7   7   7   7   7   7   6   5   4   4   4   3   2   6   6   5   5   4   4   4   3   3   3   3   2   2   2   1   6   5   5   4   4   4   3   3   2   2   1   1   0   0   0   0   0  
12  12  12  11  11  11   8   8   6   6   6  11  11  11  10  10  10   9   8   7   7   7   6   6   5  10  10  10  10   9   8   8   8   6   6   6   6   5   5   9   9   9   7   7   6   6   6   5   4   4   4   4   3   8   8   7   7   7   7   7   7   6   5   4   4   4   3   2   6   6   5   5   4   4   4   3   3   3   3   2   2   2   1   6   5   5   4   4   4   3   3   2   2   1   1   0   0   0   0   0  
12  12  12  11  11  11   8   8   6   6   6  11  11  11  10  10  10   9   8   7   7   7   6   6   5  10  10  10  10   9   8   8   8   6   6   6   6   5   5   9   9   9   7   7   6   6   6   5   4   4   4   4   3   8   8   7   7   7   7   7   7   6   5   4   4   4   3   2   6   6   5   5   4   4   4   3   3   3   3   2   2   2   1   6   5   5   4   4   4   3   3   2   2   1   1   0   0   0   0   0  
12  12  12  11  11  11   8   8   6   6   6  11  11  11  10  10  10   9   8   7   7   7   6   6   5  10  10  10  10   9   8   8   8   6   6   6   6   5   5   9   9   9   7   7   6   6   6   5   4   4   4   4   3   8   8   7   7   7   7   7   7   6   5   4   4   4   3   2   6   6   5   5   4   4   4   3   3   3   3   2   2   2   1   6   5   5   4   4   4   3   3   2   2   1   1   0   0   0   0   0  
12  12  12  11  11  11   8   8   6   6   6  11  11  11  10  10  10   9   8   7   7   7   6   6   5  10  10  10  10   9   8   8   8   6   6   6   6   5   5   9   9   9   7   7   6   6   6   5   4   4   4   4   3   8   8   7   7   7   7   7   7   6   5   4   4   4   3   2   6   6   5   5   4   4   4   3   3   3   3   2   2   2   1   6   5   5   4   4   4   3   3   2   2   1   1   0   0   0   0   0  

 0  29  29  34  31  29  29  34  24  29  33  20  29  29  29  31  29  43  29  29  24  35  29  38  24  22  27  29  29  23  36  27  30  29  31  30  30  25  34  29  23  29  27  29  29  29  29  27  40  31  15  29  40  29  34  35  23  29  38  29  29  29  29  34  29  29  29  29  31  29  29  29  29  20  23  29  38  29  18  34  29  20  29  34  18  29  29  23  29  44  29  29  22  29  34  29  29  29  23  29  
 0   0  13  14  29  29  23  29  29  23  29  29  29  29  22  29  29  22  29  23  36  29  29  31  29  29  29  27  25  29  29  29  29  35  29  29  29  29  45  37  29  40  44  29  30  29  23  35  20  29  38  35  31  36  14  35  14  38  29  27  31  29  29  29  38  29  29  29  29  29  29  29  36  36  38  31  29  20  27  20  29  36  29  29  29  27  29  29  29  29  31  35  29  22  29  29  35  29  29  38  
 0   0   0  20  29  29  29  29  29  29  29  36  32  27  27  24  29  22  29  29  36  27  31  29  29  29  29  29  29  34  29  29  29  29  29  29  29  29  45  29  27  36  38  24  36  27  29  29  22  29  38  29  29  36  15  34  20  38  29  29  29  29  31  29  31  29  31  29  24  29  31  31  43  38  38  29  29  20  29  20  29  36  34  27  29  29  31  27  29  31  29  34  29  22  29  24  27  29  27  40  
 0   0   0   0  29  29  23  24  29  23  34  29  29  29  29  39  30  24  29  23  35  29  29  29  34  29  29  29  24  29  29  26  33  35  29  35  34  32  33  35  31  35  39  29  23  30  23  32  11  20  43  35  29  29   0  35  17  38  29  29  29  35  29  24  38  29  29  32  32  30  29  29  38  38  29  29  29  20  29  15  28  38  28  24  26  29  29  38  29  29  29  35  33  28  24  29  35  29  25  38  
 0   0   0   0   0  39  29  29  31  29  29  29  29  29  29  27  29  29  29  29  29  19  29  29  29  27  31  29  29  29  31  31  29  29  27  29  29  27  29  29  29  19  27  29  29  29  29  31  27  27  29  29  27  29  29  29  29  29  29  29  29  29  29  29  29  29  29  29  27  29  29  29  29  29  29  29  29  29  31  29  29  29  29  29  31  29  29  29  29  29  29  29  41  29  29  29  29  29  29  29  
 0   0   0   0   0   0  29  34  29  25  22  35  29  29  29  29  29  29  19  29  23  49  29  29  29  35  29  29  29  23  23  39  29  23  29  29  29  29  29  32  35  39  29  29  29  39  35  29  29  29  39  32  29  29  29  29  35  35  29  29  29  29  29  19  29  29  26  29  29  34  29  29  39  29  29  29  29  29  29  29  29  29  29  29  19  39  26  23  29  29  29  26  19  39  23  29  29  35  29  29  
 0   0   0   0   0   0   0  28  30  23  29  30  29  28  29  30  29  29  29  23  29  29  27  29  29  29  29  29  25  29  29  29  29  35  29  29  29  31  29  35  29  35  35  29  23  29  23  35  29  29  31  35  29  29  23  35  23  29  29  29  31  29  29  29  29  28  29  29  27  29  29  27  29  29  29  27  29  29  29  29  29  29  29  29  29  29  29  31  29  29  29  35  29  29  29  27  35  29  29  29  
 0   0   0   0   0   0   0   0  30  32  31  30  29  27  32  33  29  24  30  20  34  29  29  29  36  28  29  29  29  29  21  37  39  29  29  34  34  37  27  29  29  29  16  29  38  29  32  29  28  37  34  29  29  30  24  21  30  29  29  32  29  30  37  27  29  29  26  29  18  25  29  30  29  37  26  29  28  29  29  32  29  18  29  24  30  29  29  29  30  37  29  29  34  29  23  21  28  29  29  29  
 0   0   0   0   0   0   0   0   0  29  38  19  31  30  29  30  36  45  29  27  29  23  29  38  29  22  27  29  29  42  36  27  23  22  31  23  23  37  29  43  40  22  22  29  29  29  29  27  40  31  20  29  40  29  29  23  35  29  38  29  36  29  22  29  29  30  29  29  31  29  29  29  22  13  37  36  38  29  18  29  29  20  29  29  18  27  31  29  36  38  29  29  34  29  31  29  22  31  35  29  
 0   0   0   0   0   0   0   0   0   0  12  26  39  39  26  26  29  19  19  23  35  39  29  29  26  33  29  29  23  35  35  46  22  41  29  29  29  29  26  35  23  35  35  29  16  39  24  42  29  29  39  35  29  29  33  35  17  23  29  26  39  29  29  16  19  39  32  19  29  29  29  29  49  29  32  29  29  29  19  39  29  32  29  29  19  46  29  35  29  29  22  35  29  39  28  29  18  23  29  36  
 0   0   0   0   0   0   0   0   0   0   0  48  39  39  32  32  29  15  19  29  24  39  29  20  27  48  29  29  29  29  20  39  11  29  29  24  24  29  37  26  29  29  43  29  29  39  42  29  20  29  43  26  20  29  44  29  29  29  20  32  39  29  29  27  19  39  29  19  16  29  29  29  49  38  26  29  20  29  28  44  29  35  29  34  28  39  32  29  29  20  29  32  24  39  34  29  19  29  29  29  
 0   0   0   0   0   0   0   0   0   0   0   0  16  20  24  33  29  48  29  29  35  31  29  38  29   4  29  29  29  30  44  36  39  35  29  29  29  29  29  31  23  29  20  34  22  29  15  36  38  29  20  29  38  29  24  24  23  23  38  29  19  29  27  29  44  20  27  39  51  29  27  29  14  20  29  29  38  29  30  19  29  20  24  31  20  36  29  35  29  36  22  24  29  29  28  36  32  23  29  34  
 0   0   0   0   0   0   0   0   0   0   0   0   0  24  24  34  29  39  29  31  19  27  39  29  34  19  29  34  29  24  29  29  39  29  29  39  29  29  29  27  31  29  29  29  29  29  17  29  29  29  29  29  29  29  24  24  29  29  29  29  19  39  31  29  44  19  31  39  44  29  31  19  14  29  27  29  29  29  39  19  29  29  24  27  29  31  27  29  29  21  29  24  29  29  27  32  39  27  29  31  
 0   0   0   0   0   0   0   0   0   0   0   0   0   0  29  30  29  39  30  28  29  29  31  29  23  18  29  24  29  29  29  29  39  29  29  29  29  29  29  31  27  29  29  34  30  27  21  29  30  29  29  29  29  30  19  29  30  29  29  29  19  30  29  29  37  19  29  39  39  30  29  32  19  29  29  29  28  29  39  19  29  29  29  29  30  29  31  27  30  29  29  29  29  29  28  31  36  29  27  29  
 0   0   0   0   0   0   0   0   0   0   0   0   0   0   0  31  25  22  29  29  36  33  29  29  26  29  29  29  29  24  29  29  32  29  19  29  29  29  33  29  29  36  29  34  36  29  26  29  29  29  29  29  29  36  34  24  29  29  29  26  29  29  39  26  34  29  32  29  37  29  29  29  24  29  32  29  29  29  29  29  29  29  24  29  33  29  29  29  29  29  29  24  29  22  39  34  29  29  29  33  
 0   0   0   0   0   0   0   0   0   0   0   0   0   0   0   0  28  29  29  29  36  29  29  29  26  27  31  29  28  34  31  31  33  29  27  28  29  27  26  36  30  22  27  24  29  20  26  28  36  36  29  29  27  29  33  34  21  26  29  26  29  20  36  26  24  30  32  29  18  31  39  32  34  29  41  36  29  29  31  29  30  23  28  29  39  29  29  20  29  29  29  27  32  27  29  24  29  29  30  29  
 0   0   0   0   0   0   0   0   0   0   0   0   0   0   0   0   0  29  29  29  28  33  29  29  29  29  29  29  28  29  29  29  30  29  29  28  29  29  29  22  30  29  29  29  29  28  29  29  29  29  29  29  29  29  29  29  29  29  29  29  29  29  29  29  29  29  29  29  29  28  29  29  29  36  29  29  29  29  29  29  30  29  30  29  33  29  29  29  22  29  29  29  30  30  29  29  29  29  30  33  
 0   0   0   0   0   0   0   0   0   0   0   0   0   0   0   0   0   0  29  29  41  29  29  20  34  48  29  29  29  22  20  29  24  36  29  34  34  29  31  22  22  43  33  29  36  29  39  29  20  29  43  29  20  36  34  29  29  29  20  29  32  29  36  24  19  39  29  18  20  29  29  29  46  38  29  22  20  29  28  34  29  45  29  24  38  29  29  29  29  20  29  29  27  22  24  29  26  29  29  29  
 0   0   0   0   0   0   0   0   0   0   0   0   0   0   0   0   0   0   0  24  29  39  29  29  33  30  29  29  29  29  29  42  35  29  29  26  29  29  29  35  29  29  29  29  28  36  35  29  30  29  39  29  29  28  29  29  28  29  29  29  29  28  29  19  29  28  29  35  29  28  29  28  42  26  29  29  30  29  29  23  29  29  26  29  18  39  26  29  28  29  29  29  29  33  30  29  24  35  29  29  
 0   0   0   0   0   0   0   0   0   0   0   0   0   0   0   0   0   0   0   0  29  29  29  29  28  28  29  29  23  29  21  37  43  35  29  29  29  37  29  41  27  35  27  29  32  29  29  35  28  37  29  35  29  30  23  27  24  29  29  29  29  30  37  29  29  30  29  35  21  30  29  30  29  37  31  29  28  29  29  31  29  21  29  29  30  27  25  29  30  37  29  35  29  23  30  21  28  37  29  29  
 0   0   0   0   0   0   0   0   0   0   0   0   0   0   0   0   0   0   0   0   0  29  39  30  24  35  29  28  28  23  22  30  26  23  29  32  24  28  27  29  36  22  34  29  22  36  35  29  29  30  24  29  29  22  34  29  43  35  29  29  29  39  29  35  30  29  29  29  29  28  29  19  30  29  30  29  29  29  29  34  30  22  30  34  21  29  29  23  29  19  29  28  25  36  29  29  29  35  29  29  
 0   0   0   0   0   0   0   0   0   0   0   0   0   0   0   0   0   0   0   0   0   0  29  29  29  29  29  29  29  35  29  19  23  29  29  23  23  35  29  27  35  19  29  29  29  19  27  29  29  29  19  29  29  29  29  23  35  29  29  29  29  29  31  39  29  29  31  29  29  29  31  29  19  29  35  29  29  29  29  29  29  29  29  27  35  19  29  29  29  31  29  29  39  19  29  27  29  29  35  27  
 0   0   0   0   0   0   0   0   0   0   0   0   0   0   0   0   0   0   0   0   0   0   0  29  29  29  29  29  31  29  29  29  29  29  29  19  29  31  29  27  31  29  29  29  29  31  27  29  27  29  31  29  29  36  29  29  29  29  29  29  31  19  29  29  31  29  29  29  27  29  29  35  29  29  29  27  29  29  29  29  29  29  29  29  22  29  27  33  29  39  29  29  29  29  29  25  31  29  31  29  
 0   0   0   0   0   0   0   0   0   0   0   0   0   0   0   0   0   0   0   0   0   0   0   0  29  38  29  40  27  29  21  28  28  29  29  30  37  30  29  27  29  31  38  29  21  29  29  29  20  28  38  29  18  29  29  29  29  29  28  31  27  29  29  28  28  29  29  29  29  29  29  29  30  40  28  27  20  29  40  29  29  38  29  21  38  31  21  29  29  28  27  22  29  30  28  29  29  29  30  29  
 0   0   0   0   0   0   0   0   0   0   0   0   0   0   0   0   0   0   0   0   0   0   0   0   0  28  29  24  29  29  29  26  27  29  29  27  24  29  31  29  29  29  34  34  30  32  26  29  28  29  24  29  29  30  34  29  30  29  29  26  29  30  29  31  29  30  32  29  32  30  29  30  26  32  32  29  28  29  29  34  29  32  32  34  30  29  26  29  30  29  29  29  24  29  33  29  28  29  29  29  
 0   0   0   0   0   0   0   0   0   0   0   0   0   0   0   0   0   0   0   0   0   0   0   0   0   0  31  29  29  35  46  31  39  35  27  29  29  27  29  29  23  29  18  29  30  29  13  31  35  27  20  29  36  30  19  29  24  23  38  29  19  30  29  29  39  20  29  39  37  30  29  30  19  20  29  29  37  29  32  19  29  20  29  29  23  29  29  35  30  38  29  29  31  29  34  29  38  23  29  29  
 0   0   0   0   0   0   0   0   0   0   0   0   0   0   0   0   0   0   0   0   0   0   0   0   0   0   0  29  29  29  27  27  29  29  31  29  29  31  29  29  29  29  31  29  29  29  29  27  31  31  29  29  31  29  29  29  29  29  29  29  29  29  29  29  29  29  29  29  31  29  29  29  29  29  29  29  29  29  27  29  29  29  29  29  27  29  29  29  29  29  29  29  27  29  29  29  29  29  29  29  
 0   0   0   0   0   0   0   0   0   0   0   0   0   0   0   0   0   0   0   0   0   0   0   0   0   0   0   0  31  29  28  30  30  29  29  28  21  28  29  31  29  27  29  34  37  29  29  29  29  30  29  29  31  29  29  29  29  29  21  27  31  29  29  30  30  29  29  29  29  29  29  29  28  27  30  31  29  29  27  29  29  29  29  37  29  27  37  29  29  21  31  36  29  28  30  29  29  29  28  29  
 0   0   0   0   0   0   0   0   0   0   0   0   0   0   0   0   0   0   0   0   0   0   0   0   0   0   0   0   0  29  29  29  30  35  29  28  29  27  29  33  30  37  35  29  23  28  23  35  29  29  27  35  27  29  23  35  23  29  29  31  25  29  29  29  29  29  29  29  31  28  29  31  31  31  29  29  29  29  31  29  30  29  30  29  29  31  29  27  29  29  27  35  30  30  29  31  35  29  30  29  
 0   0   0   0   0   0   0   0   0   0   0   0   0   0   0   0   0   0   0   0   0   0   0   0   0   0   0   0   0   0  23  29  35  30  29  35  35  23  29  22  22  36  29  34  29  29  35  29  29  29  29  29  29  29  34  30  29  35  29  29  22  29  36  29  34  29  29  29  34  29  29  29  31  29  23  22  29  29  29  29  29  29  24  29  29  29  29  23  29  29  29  24  22  29  23  34  36  35  23  29  
 0   0   0   0   0   0   0   0   0   0   0   0   0   0   0   0   0   0   0   0   0   0   0   0   0   0   0   0   0   0   0  36  38  23  31  28  29  38  29  29  35  29  32  29  37  29  35  27  22  40  38  29  22  29  29  21  35  35  20  29  29  29  37  30  30  29  29  29  23  29  29  29  30  46  30  29  20  29  36  37  29  30  29  29  36  29  29  23  29  28  29  28  27  28  24  21  29  35  28  29  
 0   0   0   0   0   0   0   0   0   0   0   0   0   0   0   0   0   0   0   0   0   0   0   0   0   0   0   0   0   0   0   0  20  38  31  33  29  27  29  29  32  29  39  29  28  22  29  17  31  22  19  29  31  29  29  37  32  29  29  29  29  26  21  38  28  29  29  32  35  29  29  29  15  24  28  38  29  29  27  21  29  37  23  29  34  12  26  20  29  21  36  30  27  20  35  37  36  29  27  22  
 0   0   0   0   0   0   0   0   0   0   0   0   0   0   0   0   0   0   0   0   0   0   0   0   0   0   0   0   0   0   0   0   0  29  29  20  18  28  37  23  34  29  42  29  21  30  36  29  29  20  24  29  29  29  44  31  35  29  29  32  39  29  21  36  18  39  26  13  24  30  29  29  38  21  31  29  29  29  19  42  28  34  28  34  29  29  35  29  29  21  29  30  23  35  33  37  25  23  35  29  
 0   0   0   0   0   0   0   0   0   0   0   0   0   0   0   0   0   0   0   0   0   0   0   0   0   0   0   0   0   0   0   0   0   0  29  29  29  29  29  30  42  16  23  29  35  29  41  23  29  29  29  23  29  29  35  23  41  35  29  29  36  29  22  29  29  29  29  29  29  29  29  29  22  29  29  27  29  29  29  29  29  29  38  29  29  29  29  32  29  29  29  23  36  29  23  29  16  35  29  29  
 0   0   0   0   0   0   0   0   0   0   0   0   0   0   0   0   0   0   0   0   0   0   0   0   0   0   0   0   0   0   0   0   0   0   0  29  29  27  29  22  29  29  27  29  29  29  29  31  27  27  29  29  27  29  29  29  29  29  29  29  29  29  39  29  29  29  29  29  27  29  36  29  29  29  29  29  29  29  31  29  29  19  29  29  31  29  29  29  29  29  29  29  31  29  39  29  29  29  29  29  
 0   0   0   0   0   0   0   0   0   0   0   0   0   0   0   0   0   0   0   0   0   0   0   0   0   0   0   0   0   0   0   0   0   0   0   0  18  34  34  29  36  29  34  29  29  25  29  29  29  30  24  30  29  29  34  23  35  29  29  29  29  19  29  35  30  29  29  29  29  28  29  39  33  26  36  29  29  29  29  34  30  29  27  34  29  29  32  29  30  39  29  28  25  29  35  29  29  29  35  29  
 0   0   0   0   0   0   0   0   0   0   0   0   0   0   0   0   0   0   0   0   0   0   0   0   0   0   0   0   0   0   0   0   0   0   0   0   0  35  34  29  35  29  34  29  37  29  29  29  29  29  24  29  29  29  34  23  35  29  21  29  29  29  29  34  29  29  29  29  29  29  29  29  29  29  35  29  29  29  29  34  29  29  29  42  29  29  37  29  29  21  29  37  24  29  34  29  29  29  35  29  
 0   0   0   0   0   0   0   0   0   0   0   0   0   0   0   0   0   0   0   0   0   0   0   0   0   0   0   0   0   0   0   0   0   0   0   0   0   0  29  34  20  29  35  29  21  29  29  34  17  20  27  29  27  29  29  43  20  29  29  29  32  32  21  25  30  29  29  26  34  29  39  31  30  31  24  36  29  29  31  21  24  37  29  29  34  29  29  27  29  21  29  28  31  28  30  39  29  34  25  19  
 0   0   0   0   0   0   0   0   0   0   0   0   0   0   0   0   0   0   0   0   0   0   0   0   0   0   0   0   0   0   0   0   0   0   0   0   0   0   0  29  29  22  15  29  22  29  26  29  38  29  25  29  29  22  33  29  38  20  29  26  29  29  29  21  20  29  32  29  32  29  29  29  20  20  23  29  29  38  29  33  29  25  29  24  29  29  29  29  29  29  29  29  34  36  24  29  29  29  29  20  
 0   0   0   0   0   0   0   0   0   0   0   0   0   0   0   0   0   0   0   0   0   0   0   0   0   0   0   0   0   0   0   0   0   0   0   0   0   0   0   0  24  39  23  29  35  31  25  23  27  29  29  20  27  29  35  23  35  29  29  31  15  29  31  34  31  29  34  23  36  29  31  27  38  38  29   8  29  29  31  35  34  29  36  27  29  31  36  31  22  31  27  33  22  35  29  25  38  18  31  31  
 0   0   0   0   0   0   0   0   0   0   0   0   0   0   0   0   0   0   0   0   0   0   0   0   0   0   0   0   0   0   0   0   0   0   0   0   0   0   0   0   0  36  29  29  29  28  25  32  31  29  29  29  29  29  29  35  14  23  29  29  22  32  36  29  27  29  29  26  26  30  29  31  36  29  25  22  29  29  29  29  28  29  28  29  32  27  33  33  29  29  29  29  21  28  37  31  34  25  23  29  
 0   0   0   0   0   0   0   0   0   0   0   0   0   0   0   0   0   0   0   0   0   0   0   0   0   0   0   0   0   0   0   0   0   0   0   0   0   0   0   0   0   0  23  29  28  29  35  23  29  29  29  23  31  22  35  23  35  29  29  27  38  29  29  29  29  29  29  29  22  29  36  29  20  27  29  45  29  29  27  29  29  22  22  29  29  27  29  29  29  29  31  16  46  36  29  29  16  29  29  29  
 0   0   0   0   0   0   0   0   0   0   0   0   0   0   0   0   0   0   0   0   0   0   0   0   0   0   0   0   0   0   0   0   0   0   0   0   0   0   0   0   0   0   0  29  43  29  35  25  45  35  16  23  36  29  39  15  44  20  38  29  29  29  37  24  20  29  29  29  19  29  29  29  20  19  20  29  38  38  22  41  29  12  29  24  22  29  29  29  29  46  29  23  36  29  24  21  23  29  29  20  
 0   0   0   0   0   0   0   0   0   0   0   0   0   0   0   0   0   0   0   0   0   0   0   0   0   0   0   0   0   0   0   0   0   0   0   0   0   0   0   0   0   0   0   0  29  29  29  29  29  29  29  29  29  29  24  34  29  29  29  29  29  29  29  29  24  29  29  29  24  29  29  29  34  29  29  29  29  29  29  29  29  29  34  29  29  29  29  29  29  29  29  34  29  29  29  24  29  29  29  29  
 0   0   0   0   0   0   0   0   0   0   0   0   0   0   0   0   0   0   0   0   0   0   0   0   0   0   0   0   0   0   0   0   0   0   0   0   0   0   0   0   0   0   0   0   0  29  23  42  30  21  29  35  29  21  23  43  22  29  37  29  29  28  21  29  29  28  29  29  44  28  29  28  29  21  29  29  30  29  29  21  29  30  29  21  28  36  21  29  28  29  22  27  29  36  23  37  29  29  29  36  
 0   0   0   0   0   0   0   0   0   0   0   0   0   0   0   0   0   0   0   0   0   0   0   0   0   0   0   0   0   0   0   0   0   0   0   0   0   0   0   0   0   0   0   0   0   0  31  29  31  29  19  29  29  29  29  29  21  29  29  29  29  29  29  39  27  29  29  29  29  28  29  31  22  26  29  29  29  29  29  29  30  29  27  29  47  19  34  27  29  29  29  29  30  20  29  31  27  29  28  29  
 0   0   0   0   0   0   0   0   0   0   0   0   0   0   0   0   0   0   0   0   0   0   0   0   0   0   0   0   0   0   0   0   0   0   0   0   0   0   0   0   0   0   0   0   0   0   0  35  27  29  32  35  29  29  13  35  17  23  29  26  19  29  31  26  41  19  34  33  42  29  31  27  19  29  32  29  29  29  39  25  29  32  29  27  29  29  33  37  29  31  29  32  29  35  35  25  53  17  31  31  
 0   0   0   0   0   0   0   0   0   0   0   0   0   0   0   0   0   0   0   0   0   0   0   0   0   0   0   0   0   0   0   0   0   0   0   0   0   0   0   0   0   0   0   0   0   0   0   0  31  31  29  23  31  29  35  23  38  26  29  29  29  26  29  29  29  29  29  32  27  32  32  32  29  29  29  29  29  29  27  29  29  29  29  29  24  22  29  29  29  29  36  23  27  26  36  29  30  29  26  22  
 0   0   0   0   0   0   0   0   0   0   0   0   0   0   0   0   0   0   0   0   0   0   0   0   0   0   0   0   0   0   0   0   0   0   0   0   0   0   0   0   0   0   0   0   0   0   0   0   0  18  47  29  18  30  11  29  21  38  20  29  29  39  29  29  40  30  29  29  27  30  39  28  38  57  29  29  19  20  40  20  29  47  29  29  41  29  27  40  30  20  29  29  31  29  28  27  30  29  31  28  
 0   0   0   0   0   0   0   0   0   0   0   0   0   0   0   0   0   0   0   0   0   0   0   0   0   0   0   0   0   0   0   0   0   0   0   0   0   0   0   0   0   0   0   0   0   0   0   0   0   0  29  29  27  29  20  37  29  29  29  29  29  38  21  28  28  29  29  29  35  29  29  29  28  21  19  29  29  29  31  21  29  46  29  29  31  29  29  38  29  21  29  30  31  30  28  37  29  29  30  29  
 0   0   0   0   0   0   0   0   0   0   0   0   0   0   0   0   0   0   0   0   0   0   0   0   0   0   0   0   0   0   0   0   0   0   0   0   0   0   0   0   0   0   0   0   0   0   0   0   0   0   0  29  38  29  43  29  38  20  38  29  27  29  29  44  20  29  29  29  31  29  29  31  10  11  20  31  38  38  20  43  29  20  29  34  30  19  29  27  29  38  29  32  24  19  34  31  29  29  29  20  
 0   0   0   0   0   0   0   0   0   0   0   0   0   0   0   0   0   0   0   0   0   0   0   0   0   0   0   0   0   0   0   0   0   0   0   0   0   0   0   0   0   0   0   0   0   0   0   0   0   0   0   0  29  29  35  23  35  29  29  29  29  29  29  29  29  29  32  29  29  29  29  29  29  29  29  29  29  29  29  29  29  29  29  29  29  29  32  29  28  29  29  26  29  29  29  29  23  29  29  29  
 0   0   0   0   0   0   0   0   0   0   0   0   0   0   0   0   0   0   0   0   0   0   0   0   0   0   0   0   0   0   0   0   0   0   0   0   0   0   0   0   0   0   0   0   0   0   0   0   0   0   0   0   0  29  29  29  29  29  20  31  27  29  29  29  29  29  29  29  27  29  29  29  31  40  29  27  20  29  42  29  29  38  29  29  40  31  29  29  29  20  27  29  31  29  29  29  29  29  29  29  
 0   0   0   0   0   0   0   0   0   0   0   0   0   0   0   0   0   0   0   0   0   0   0   0   0   0   0   0   0   0   0   0   0   0   0   0   0   0   0   0   0   0   0   0   0   0   0   0   0   0   0   0   0   0  29  29  28  29  29  29  29  28  29  29  29  28  29  29  29  28  29  28  29  29  29  29  30  29  29  29  29  22  29  29  35  29  29  29  28  29  29  29  29  36  30  29  30  29  29  29  
 0   0   0   0   0   0   0   0   0   0   0   0   0   0   0   0   0   0   0   0   0   0   0   0   0   0   0   0   0   0   0   0   0   0   0   0   0   0   0   0   0   0   0   0   0   0   0   0   0   0   0   0   0   0   0  40  14  38  29  29  19  38  29  24  43  19  29  39  34  29  29  29  33  38  29  29  29  20  39   5  29  38  34  24  29  29  29  38  29  29  29  40  34  29  24  24  45  29  29  38  
 0   0   0   0   0   0   0   0   0   0   0   0   0   0   0   0   0   0   0   0   0   0   0   0   0   0   0   0   0   0   0   0   0   0   0   0   0   0   0   0   0   0   0   0   0   0   0   0   0   0   0   0   0   0   0   0  41  29  29  29  29  29  37  29  34  29  29  29  26  30  29  29  24  37  35  29  29  29  29  37  29  21  24  30  29  29  29  29  29  37  29  18  29  29  29  26  23  29  35  29  
 0   0   0   0   0   0   0   0   0   0   0   0   0   0   0   0   0   0   0   0   0   0   0   0   0   0   0   0   0   0   0   0   0   0   0   0   0   0   0   0   0   0   0   0   0   0   0   0   0   0   0   0   0   0   0   0   0  32  29  29  29  31  29  29  38  28  29  26  26  28  29  28  38  38  32  29  30  20  29  20  29  29  29  29  39  29  29  35  28  29  29  35  29  29  36  29  36  23  26  38  
 0   0   0   0   0   0   0   0   0   0   0   0   0   0   0   0   0   0   0   0   0   0   0   0   0   0   0   0   0   0   0   0   0   0   0   0   0   0   0   0   0   0   0   0   0   0   0   0   0   0   0   0   0   0   0   0   0   0  29  29  29  29  29  29  20  29  29  29  29  32  32  32  20  20  20  29  29  38  29  38  29  29  29  29  29  29  29  35  29  29  29  29  29  26  35  29  29  23  29  20  
 0   0   0   0   0   0   0   0   0   0   0   0   0   0   0   0   0   0   0   0   0   0   0   0   0   0   0   0   0   0   0   0   0   0   0   0   0   0   0   0   0   0   0   0   0   0   0   0   0   0   0   0   0   0   0   0   0   0   0  29  29  29  29  29  29  29  29  29  29  29  29  29  29  38  29  29  20  29  38  29  29  38  29  37  38  29  37  29  29  12  29  37  29  29  29  29  29  29  29  29  
 0   0   0   0   0   0   0   0   0   0   0   0   0   0   0   0   0   0   0   0   0   0   0   0   0   0   0   0   0   0   0   0   0   0   0   0   0   0   0   0   0   0   0   0   0   0   0   0   0   0   0   0   0   0   0   0   0   0   0   0  31  29  29  26  29  29  32  29  32  29  29  29  27  27  32  31  29  29  27  29  29  32  29  29  29  27  29  29  29  29  31  29  29  29  29  29  29  29  29  29  
 0   0   0   0   0   0   0   0   0   0   0   0   0   0   0   0   0   0   0   0   0   0   0   0   0   0   0   0   0   0   0   0   0   0   0   0   0   0   0   0   0   0   0   0   0   0   0   0   0   0   0   0   0   0   0   0   0   0   0   0   0  29  36  34  39  19  29  39  41  29  29  31  28  31  29  17  29  29  41  19  34  29  29  29  29  31  29  27  29  29  27  29  22  29  29  31  46  24  29  29  
 0   0   0   0   0   0   0   0   0   0   0   0   0   0   0   0   0   0   0   0   0   0   0   0   0   0   0   0   0   0   0   0   0   0   0   0   0   0   0   0   0   0   0   0   0   0   0   0   0   0   0   0   0   0   0   0   0   0   0   0   0   0  29  29  29  28  29  32  32  28  29  38  29  29  38  29  30  29  29  29  29  20  29  29  25  29  29  20  28  39  29  29  29  29  30  29  30  29  26  29  
 0   0   0   0   0   0   0   0   0   0   0   0   0   0   0   0   0   0   0   0   0   0   0   0   0   0   0   0   0   0   0   0   0   0   0   0   0   0   0   0   0   0   0   0   0   0   0   0   0   0   0   0   0   0   0   0   0   0   0   0   0   0   0  29  29  29  27  29  44  29  20  29  22  21  29  29  29  29  29  21  29  47  36  31  29  29  29  29  29  19  29  36  36  29  19  39  22  29  29  27  
 0   0   0   0   0   0   0   0   0   0   0   0   0   0   0   0   0   0   0   0   0   0   0   0   0   0   0   0   0   0   0   0   0   0   0   0   0   0   0   0   0   0   0   0   0   0   0   0   0   0   0   0   0   0   0   0   0   0   0   0   0   0   0   0  28  29  32  29  32  29  29  29  38  29  31  34  29  29  29  24  24  32  29  24  19  39  29  29  29  29  29  30  34  40  23  29  29  34  30  29  
 0   0   0   0   0   0   0   0   0   0   0   0   0   0   0   0   0   0   0   0   0   0   0   0   0   0   0   0   0   0   0   0   0   0   0   0   0   0   0   0   0   0   0   0   0   0   0   0   0   0   0   0   0   0   0   0   0   0   0   0   0   0   0   0   0  39  29  19  14  29  29  31  34  20  19  29  29  38  19  48  29  29  34  29  29  29  31  27  29  29  29  35  29  30  28  26  17  29  28  20  
 0   0   0   0   0   0   0   0   0   0   0   0   0   0   0   0   0   0   0   0   0   0   0   0   0   0   0   0   0   0   0   0   0   0   0   0   0   0   0   0   0   0   0   0   0   0   0   0   0   0   0   0   0   0   0   0   0   0   0   0   0   0   0   0   0   0  29  39  39  28  29  28  19  29  29  29  30  29  39  19  29  29  29  29  28  29  29  29  28  29  29  29  29  29  30  29  40  29  29  29  
 0   0   0   0   0   0   0   0   0   0   0   0   0   0   0   0   0   0   0   0   0   0   0   0   0   0   0   0   0   0   0   0   0   0   0   0   0   0   0   0   0   0   0   0   0   0   0   0   0   0   0   0   0   0   0   0   0   0   0   0   0   0   0   0   0   0   0  29  26  29  27  29  29  29  26  29  29  29  29  29  29  26  29  31  29  29  26  29  29  27  29  26  29  29  29  31  29  29  29  27  
 0   0   0   0   0   0   0   0   0   0   0   0   0   0   0   0   0   0   0   0   0   0   0   0   0   0   0   0   0   0   0   0   0   0   0   0   0   0   0   0   0   0   0   0   0   0   0   0   0   0   0   0   0   0   0   0   0   0   0   0   0   0   0   0   0   0   0   0  17  29  29  29  39  29  29  29  29  29  19  45  29  29  29  29  32  29  35  29  29  29  29  29  29  35  29  29  25  23  32  29  
 0   0   0   0   0   0   0   0   0   0   0   0   0   0   0   0   0   0   0   0   0   0   0   0   0   0   0   0   0   0   0   0   0   0   0   0   0   0   0   0   0   0   0   0   0   0   0   0   0   0   0   0   0   0   0   0   0   0   0   0   0   0   0   0   0   0   0   0   0  29  36  27  44  37  26  34  29  29  21  47  29  18  27  29  34  22  29  31  29  37  36  27  31  29  36  14  26  29  32  22  
 0   0   0   0   0   0   0   0   0   0   0   0   0   0   0   0   0   0   0   0   0   0   0   0   0   0   0   0   0   0   0   0   0   0   0   0   0   0   0   0   0   0   0   0   0   0   0   0   0   0   0   0   0   0   0   0   0   0   0   0   0   0   0   0   0   0   0   0   0   0  26  25  29  29  29  29  30  29  29  29  30  29  30  28  28  29  29  29  28  29  29  29  30  33  30  29  30  29  30  29  
 0   0   0   0   0   0   0   0   0   0   0   0   0   0   0   0   0   0   0   0   0   0   0   0   0   0   0   0   0   0   0   0   0   0   0   0   0   0   0   0   0   0   0   0   0   0   0   0   0   0   0   0   0   0   0   0   0   0   0   0   0   0   0   0   0   0   0   0   0   0   0  26  29  19  29  22  29  29  29  29  29  29  36  31  29  29  29  29  29  27  29  36  29  32  29  31  29  29  29  37  
 0   0   0   0   0   0   0   0   0   0   0   0   0   0   0   0   0   0   0   0   0   0   0   0   0   0   0   0   0   0   0   0   0   0   0   0   0   0   0   0   0   0   0   0   0   0   0   0   0   0   0   0   0   0   0   0   0   0   0   0   0   0   0   0   0   0   0   0   0   0   0   0  29  29  29  27  30  29  29  29  29  29  29  29  28  29  27  33  28  19  29  29  29  32  30  25  32  29  31  29  
 0   0   0   0   0   0   0   0   0   0   0   0   0   0   0   0   0   0   0   0   0   0   0   0   0   0   0   0   0   0   0   0   0   0   0   0   0   0   0   0   0   0   0   0   0   0   0   0   0   0   0   0   0   0   0   0   0   0   0   0   0   0   0   0   0   0   0   0   0   0   0   0   0  21  19  38  29  38  37  28  29  29  27  29  39  17  26  29  29  29  31  25  36  20  28  34  32  29  30  20  
 0   0   0   0   0   0   0   0   0   0   0   0   0   0   0   0   0   0   0   0   0   0   0   0   0   0   0   0   0   0   0   0   0   0   0   0   0   0   0   0   0   0   0   0   0   0   0   0   0   0   0   0   0   0   0   0   0   0   0   0   0   0   0   0   0   0   0   0   0   0   0   0   0   0  20  31  38  38  18  30  29  28  26  29  20  27  32  29  36  30  31  29  29  29  29  37  29  29  29  30  
 0   0   0   0   0   0   0   0   0   0   0   0   0   0   0   0   0   0   0   0   0   0   0   0   0   0   0   0   0   0   0   0   0   0   0   0   0   0   0   0   0   0   0   0   0   0   0   0   0   0   0   0   0   0   0   0   0   0   0   0   0   0   0   0   0   0   0   0   0   0   0   0   0   0   0  29  29  38  29  38  29  35  29  29  29  31  27  38  29  29  29  30  29  30  26  29  29  27  24  20  
 0   0   0   0   0   0   0   0   0   0   0   0   0   0   0   0   0   0   0   0   0   0   0   0   0   0   0   0   0   0   0   0   0   0   0   0   0   0   0   0   0   0   0   0   0   0   0   0   0   0   0   0   0   0   0   0   0   0   0   0   0   0   0   0   0   0   0   0   0   0   0   0   0   0   0   0  29  29  31  29  34  29  45  29  29  31  29  40  29  29  27  36  22  29  29  27  36  24  29  29  
 0   0   0   0   0   0   0   0   0   0   0   0   0   0   0   0   0   0   0   0   0   0   0   0   0   0   0   0   0   0   0   0   0   0   0   0   0   0   0   0   0   0   0   0   0   0   0   0   0   0   0   0   0   0   0   0   0   0   0   0   0   0   0   0   0   0   0   0   0   0   0   0   0   0   0   0   0  29  38  29  29  38  29  29  39  29  29  29  30  20  29  29  29  29  28  29  28  29  29  29  
 0   0   0   0   0   0   0   0   0   0   0   0   0   0   0   0   0   0   0   0   0   0   0   0   0   0   0   0   0   0   0   0   0   0   0   0   0   0   0   0   0   0   0   0   0   0   0   0   0   0   0   0   0   0   0   0   0   0   0   0   0   0   0   0   0   0   0   0   0   0   0   0   0   0   0   0   0   0  29  20  29  29  29  29  29  29  29  29  29  29  29  29  29  29  29  29  29  29  29  38  
 0   0   0   0   0   0   0   0   0   0   0   0   0   0   0   0   0   0   0   0   0   0   0   0   0   0   0   0   0   0   0   0   0   0   0   0   0   0   0   0   0   0   0   0   0   0   0   0   0   0   0   0   0   0   0   0   0   0   0   0   0   0   0   0   0   0   0   0   0   0   0   0   0   0   0   0   0   0   0  39  29  20  29  29  18  27  29  29  29  38  31  29  27  29  29  29  19  29  29  29  
 0   0   0   0   0   0   0   0   0   0   0   0   0   0   0   0   0   0   0   0   0   0   0   0   0   0   0   0   0   0   0   0   0   0   0   0   0   0   0   0   0   0   0   0   0   0   0   0   0   0   0   0   0   0   0   0   0   0   0   0   0   0   0   0   0   0   0   0   0   0   0   0   0   0   0   0   0   0   0   0  29  37  29  24  29  29  23  29  29  21  29  29  34  23  24  37  33  35  29  38  
 0   0   0   0   0   0   0   0   0   0   0   0   0   0   0   0   0   0   0   0   0   0   0   0   0   0   0   0   0   0   0   0   0   0   0   0   0   0   0   0   0   0   0   0   0   0   0   0   0   0   0   0   0   0   0   0   0   0   0   0   0   0   0   0   0   0   0   0   0   0   0   0   0   0   0   0   0   0   0   0   0  29  28  29  29  29  29  29  29  29  29  29  28  28  29  29  29  34  28  29  
 0   0   0   0   0   0   0   0   0   0   0   0   0   0   0   0   0   0   0   0   0   0   0   0   0   0   0   0   0   0   0   0   0   0   0   0   0   0   0   0   0   0   0   0   0   0   0   0   0   0   0   0   0   0   0   0   0   0   0   0   0   0   0   0   0   0   0   0   0   0   0   0   0   0   0   0   0   0   0   0   0   0  29  29  20  29  29  20  29  46  29  29  29  36  39  21  29  29  29  29  
 0   0   0   0   0   0   0   0   0   0   0   0   0   0   0   0   0   0   0   0   0   0   0   0   0   0   0   0   0   0   0   0   0   0   0   0   0   0   0   0   0   0   0   0   0   0   0   0   0   0   0   0   0   0   0   0   0   0   0   0   0   0   0   0   0   0   0   0   0   0   0   0   0   0   0   0   0   0   0   0   0   0   0  29  29  29  32  20  29  29  29  17  28  28  29  34  29  29  28  29  
 0   0   0   0   0   0   0   0   0   0   0   0   0   0   0   0   0   0   0   0   0   0   0   0   0   0   0   0   0   0   0   0   0   0   0   0   0   0   0   0   0   0   0   0   0   0   0   0   0   0   0   0   0   0   0   0   0   0   0   0   0   0   0   0   0   0   0   0   0   0   0   0   0   0   0   0   0   0   0   0   0   0   0   0  29  29  21  29  29  39  29  21  34  29  24  27  29  29  29  31  
 0   0   0   0   0   0   0   0   0   0   0   0   0   0   0   0   0   0   0   0   0   0   0   0   0   0   0   0   0   0   0   0   0   0   0   0   0   0   0   0   0   0   0   0   0   0   0   0   0   0   0   0   0   0   0   0   0   0   0   0   0   0   0   0   0   0   0   0   0   0   0   0   0   0   0   0   0   0   0   0   0   0   0   0   0  39  29  29  28  38  29  29  27  39  30  29  30  29  26  25  
 0   0   0   0   0   0   0   0   0   0   0   0   0   0   0   0   0   0   0   0   0   0   0   0   0   0   0   0   0   0   0   0   0   0   0   0   0   0   0   0   0   0   0   0   0   0   0   0   0   0   0   0   0   0   0   0   0   0   0   0   0   0   0   0   0   0   0   0   0   0   0   0   0   0   0   0   0   0   0   0   0   0   0   0   0   0  31  29  29  29  38  29  29  19  38  29  36  31  29  22  
 0   0   0   0   0   0   0   0   0   0   0   0   0   0   0   0   0   0   0   0   0   0   0   0   0   0   0   0   0   0   0   0   0   0   0   0   0   0   0   0   0   0   0   0   0   0   0   0   0   0   0   0   0   0   0   0   0   0   0   0   0   0   0   0   0   0   0   0   0   0   0   0   0   0   0   0   0   0   0   0   0   0   0   0   0   0   0  31  29  37  29  18  29  23  27  27  25  33  31  29  
 0   0   0   0   0   0   0   0   0   0   0   0   0   0   0   0   0   0   0   0   0   0   0   0   0   0   0   0   0   0   0   0   0   0   0   0   0   0   0   0   0   0   0   0   0   0   0   0   0   0   0   0   0   0   0   0   0   0   0   0   0   0   0   0   0   0   0   0   0   0   0   0   0   0   0   0   0   0   0   0   0   0   0   0   0   0   0   0  29  35  29  29  29  29  23  33  27  35  27  29  
 0   0   0   0   0   0   0   0   0   0   0   0   0   0   0   0   0   0   0   0   0   0   0   0   0   0   0   0   0   0   0   0   0   0   0   0   0   0   0   0   0   0   0   0   0   0   0   0   0   0   0   0   0   0   0   0   0   0   0   0   0   0   0   0   0   0   0   0   0   0   0   0   0   0   0   0   0   0   0   0   0   0   0   0   0   0   0   0   0  29  29  29  29  29  30  29  30  29  29  29  
 0   0   0   0   0   0   0   0   0   0   0   0   0   0   0   0   0   0   0   0   0   0   0   0   0   0   0   0   0   0   0   0   0   0   0   0   0   0   0   0   0   0   0   0   0   0   0   0   0   0   0   0   0   0   0   0   0   0   0   0   0   0   0   0   0   0   0   0   0   0   0   0   0   0   0   0   0   0   0   0   0   0   0   0   0   0   0   0   0   0  29  37  29  29  29  39  29  29  29  27  
 0   0   0   0   0   0   0   0   0   0   0   0   0   0   0   0   0   0   0   0   0   0   0   0   0   0   0   0   0   0   0   0   0   0   0   0   0   0   0   0   0   0   0   0   0   0   0   0   0   0   0   0   0   0   0   0   0   0   0   0   0   0   0   0   0   0   0   0   0   0   0   0   0   0   0   0   0   0   0   0   0   0   0   0   0   0   0   0   0   0   0  29  29  29  22  29  22  29  29  36  
 0   0   0   0   0   0   0   0   0   0   0   0   0   0   0   0   0   0   0   0   0   0   0   0   0   0   0   0   0   0   0   0   0   0   0   0   0   0   0   0   0   0   0   0   0   0   0   0   0   0   0   0   0   0   0   0   0   0   0   0   0   0   0   0   0   0   0   0   0   0   0   0   0   0   0   0   0   0   0   0   0   0   0   0   0   0   0   0   0   0   0   0  29  28  30  34  23  29  28  29  
 0   0   0   0   0   0   0   0   0   0   0   0   0   0   0   0   0   0   0   0   0   0   0   0   0   0   0   0   0   0   0   0   0   0   0   0   0   0   0   0   0   0   0   0   0   0   0   0   0   0   0   0   0   0   0   0   0   0   0   0   0   0   0   0   0   0   0   0   0   0   0   0   0   0   0   0   0   0   0   0   0   0   0   0   0   0   0   0   0   0   0   0   0  28  34  29  36  29  28  29  
 0   0   0   0   0   0   0   0   0   0   0   0   0   0   0   0   0   0   0   0   0   0   0   0   0   0   0   0   0   0   0   0   0   0   0   0   0   0   0   0   0   0   0   0   0   0   0   0   0   0   0   0   0   0   0   0   0   0   0   0   0   0   0   0   0   0   0   0   0   0   0   0   0   0   0   0   0   0   0   0   0   0   0   0   0   0   0   0   0   0   0   0   0   0  30  29  23  35  27  29  
 0   0   0   0   0   0   0   0   0   0   0   0   0   0   0   0   0   0   0   0   0   0   0   0   0   0   0   0   0   0   0   0   0   0   0   0   0   0   0   0   0   0   0   0   0   0   0   0   0   0   0   0   0   0   0   0   0   0   0   0   0   0   0   0   0   0   0   0   0   0   0   0   0   0   0   0   0   0   0   0   0   0   0   0   0   0   0   0   0   0   0   0   0   0   0  29  21  33  30  36  
 0   0   0   0   0   0   0   0   0   0   0   0   0   0   0   0   0   0   0   0   0   0   0   0   0   0   0   0   0   0   0   0   0   0   0   0   0   0   0   0   0   0   0   0   0   0   0   0   0   0   0   0   0   0   0   0   0   0   0   0   0   0   0   0   0   0   0   0   0   0   0   0   0   0   0   0   0   0   0   0   0   0   0   0   0   0   0   0   0   0   0   0   0   0   0   0  31  29  31  31  
 0   0   0   0   0   0   0   0   0   0   0   0   0   0   0   0   0   0   0   0   0   0   0   0   0   0   0   0   0   0   0   0   0   0   0   0   0   0   0   0   0   0   0   0   0   0   0   0   0   0   0   0   0   0   0   0   0   0   0   0   0   0   0   0   0   0   0   0   0   0   0   0   0   0   0   0   0   0   0   0   0   0   0   0   0   0   0   0   0   0   0   0   0   0   0   0   0  35  27  36  
 0   0   0   0   0   0   0   0   0   0   0   0   0   0   0   0   0   0   0   0   0   0   0   0   0   0   0   0   0   0   0   0   0   0   0   0   0   0   0   0   0   0   0   0   0   0   0   0   0   0   0   0   0   0   0   0   0   0   0   0   0   0   0   0   0   0   0   0   0   0   0   0   0   0   0   0   0   0   0   0   0   0   0   0   0   0   0   0   0   0   0   0   0   0   0   0   0   0  29  29  
 0   0   0   0   0   0   0   0   0   0   0   0   0   0   0   0   0   0   0   0   0   0   0   0   0   0   0   0   0   0   0   0   0   0   0   0   0   0   0   0   0   0   0   0   0   0   0   0   0   0   0   0   0   0   0   0   0   0   0   0   0   0   0   0   0   0   0   0   0   0   0   0   0   0   0   0   0   0   0   0   0   0   0   0   0   0   0   0   0   0   0   0   0   0   0   0   0   0   0  29  
 0   0   0   0   0   0   0   0   0   0   0   0   0   0   0   0   0   0   0   0   0   0   0   0   0   0   0   0   0   0   0   0   0   0   0   0   0   0   0   0   0   0   0   0   0   0   0   0   0   0   0   0   0   0   0   0   0   0   0   0   0   0   0   0   0   0   0   0   0   0   0   0   0   0   0   0   0   0   0   0   0   0   0   0   0   0   0   0   0   0   0   0   0   0   0   0   0   0   0   0  
